# n,energy,berry,bcd_x,bcd_y,qmd_x,qmd_y
0.00000007407407407407407,-3.0682692185939286,-0.0000000010520373625324766,0,0,0,0
0.006666666666666667,-3.0203288461351545,-0.0000936586272532213,0.0000000000000000000006675385392028449,0.00000000000000000010209902469216634,-0.00000000000000000017041431312181556,0.00000000000000000013920243581965228
0.013333333333333334,-2.9730784842477567,-0.00017108020986181713,0.0000000000000000006411226636119421,-0.00000000000000000002632427781123547,0.000000000000000000008379872070044391,-0.00000000000000000031821907668618687
0.02,-2.9318153955593615,-0.00019537117064335831,0.000000000000000001821341218135788,0.0000000000000000003115015948492353,0.0000000000000000007266529222283675,-0.00000000000000000020837590590406677
0.02666666666666667,-2.9071603998956568,-0.00014776031671031255,0.0000000000000000012337285918838335,-0.0000000000000000001953926711010619,-0.0000000000000000007803860263856293,-0.0000000000000000014059130860457399
0.03333333333333333,-2.8838173703562053,-0.00007705246431809858,0.0000000000000000019262779212064006,-0.00000000000000000011401929749775166,0.0000000000000000010758666735703613,-0.0000000000000000003383536020320116
0.04,-2.8606239786493255,0.000013512818585516888,0.0000000000000000016746639569851423,0.0000000000000000005829274325222744,0.00000000000000000006456326302591235,-0.00000000000000000055746092217351
0.04666666666666667,-2.837608557353596,0.00012522753157564052,0.000000000000000002413096727471017,0.00000000000000000033963346044009155,-0.0000000000000000005793050039924343,-0.0000000000000000006824267853070749
0.05333333333333334,-2.8147514682286627,0.00025962347326410873,0.000000000000000003610216808149958,0.000000000000000005576040697783779,0.0000000000000000000790166369438935,-0.0000000000000000005138785210559079
0.06,-2.7920697094390032,0.0004179187323854995,0.0000000000000000021991692482825264,0.000000000000000003908533143510095,0.0000000000000000041986368559938005,-0.0000000000000000010192100348091211
0.06666666666666667,-2.7695452927422983,0.0006019391763341514,0.0000000000000000008494119269454586,-0.0000000000000000025994752546578547,0.0000000000000000020759210071693825,-0.0000000000000000016747889628702646
0.07333333333333333,-2.747209302452177,0.0008147072699676562,-0.000002460503546074596,0.0000015005756159420398,0.0000011312629961663663,-0.0000021620694366544525
0.08,-2.7250053619714123,0.0010573513503445095,-0.00003670741113155643,0.00002273871525113539,0.000017697582498825003,-0.00003209297031014573
0.08666666666666667,-2.7030047191709383,0.0013321438885844014,-0.000021235269774451594,0.000015438529504184135,0.000015325148283535753,-0.00001763311544119273
0.09333333333333334,-2.6811492078406673,0.0016392782943530837,-0.000016502715606712463,0.000014384835797712652,0.000016268107359755008,-0.000013227094017071659
0.1,-2.659453910578408,0.001980959036672738,-0.000013662913281455994,0.000014611921249908362,0.000017724685576585745,-0.000010803087734065314
0.10666666666666667,-2.637913626404927,0.002359773170807323,-0.000011411672067332295,0.00001542054370177009,0.00001929423367814794,-0.00000917723313864868
0.11333333333333333,-2.6165554810376714,0.002778607131034605,-0.0000093127968678167,0.00001659513255803423,0.000020782024291300506,-0.00000797312242396023
0.12,-2.5953512093787356,0.0032378306018529396,0.00001306564463625559,0.000007271863173687009,0.00003063559490499068,-0.00002635277991278727
0.12666666666666668,-2.574290464694768,0.0037407074701285323,0.000019870323482747104,0.000007719614185190355,0.0000307600457570754,-0.00003114101556253189
0.13333333333333333,-2.553400595445347,0.004289398984840399,0.000018216899134661822,0.000013463593133069093,0.00002599472953858224,-0.000027779157715063004
0.14,-2.532667360486843,0.00488531734108993,0.000019917831619433726,0.000017887072843574495,0.000021739495617586085,-0.00002699610856776986
0.14666666666666667,-2.5120854870649527,0.005532552734012483,0.000023071461671626896,0.000022199419284984718,0.000016020106430142076,-0.00002714457313217559
0.15333333333333332,-2.491664004149372,0.006231074867244824,0.00002727804596167565,0.000026718527779249087,0.000007507116304749759,-0.00002786965017170072
0.16,-2.471410290894092,0.006976775653839675,0.0000324661144508693,0.000031598716405441,-0.000005354339573370998,-0.000029129702460642035
0.16666666666666666,-2.4513347609092677,0.007775134082228354,0.00003866367143229494,0.00003693328983477243,-0.00002463148951884148,-0.00003105181523033732
0.17333333333333334,-2.431416175206812,0.00862133855913859,0.00004595960459029699,0.000042817877307414385,-0.00005321350115659887,-0.000033924384125959443
0.18,-2.4116406487720474,0.009514492349304444,0.00005448042886965989,0.000049339942117163854,-0.00009517443919326198,-0.000038274641737098425
0.18666666666666668,-2.3920230061429923,0.010437762477725297,0.0000643653535827453,0.00005659037477827915,-0.00015618160844336793,-0.00004496740513542081
0.19333333333333333,-2.3725807684927402,0.011375248920155873,0.00007576308339612598,0.00006465054740725512,-0.0002441894411822449,-0.000055387575451728745
0.2,-2.3533090118088964,0.01230530463615439,0.00008884574373352612,0.00007363635966609359,-0.00037044427246396837,-0.00007170764853027788
0.20666666666666667,-2.3341858491092644,0.013170535129935969,0.00010378620990536845,0.00008367208486841227,-0.0005509855073277896,-0.00009730903876376059
0.21333333333333335,-2.315242456421788,0.013873850896730378,0.00012070186320402735,0.00009487654347665634,-0.0008078934489639449,-0.00013729191741696114
0.22,-2.2964933180598894,0.014250149139617425,0.00013965640471795212,0.00010737397107779518,-0.001171979464267401,-0.00019931318913734116
0.22666666666666666,-2.2779344644235313,0.013958431202201083,0.0001606381933624218,0.00012131186253325451,-0.0016864496018281624,-0.0002948187980599486
0.23333333333333334,-2.2595933087272657,0.012265418550241656,0.00018344531360865474,0.00013681106410077184,-0.002409819483388487,-0.0004403669616330661
0.24,-2.2415050198129496,0.007291406050794038,0.0002076333301232677,0.00015396201390462853,-0.0034199265464941145,-0.000659341390683688
0.24666666666666667,-2.2237968910684835,-0.007967899217073564,0.0002323199475537207,0.0001727124840583053,-0.004807933933580178,-0.000981350288341486
0.25333333333333335,-2.2066035914183115,-0.04570448817156684,0.00025629178570356126,0.00019289372321601745,-0.006669251070754982,-0.0014397513622237343
0.26,-2.1895016710289377,-0.12003816766676015,0.00027857729470725845,0.00021512579517969817,-0.009253341231993114,-0.0021138492726073166
0.26666666666666666,-2.1700551013933973,-0.15893187305867695,0.00029806657702873565,0.00024312299007162223,-0.013551301381939418,-0.0033088559835993204
0.2733333333333333,-2.149782154298983,-0.17043541802665296,0.0003058607266027774,0.00027488661474299865,-0.020126605263487446,-0.005250163889172648
0.28,-2.1323254440348944,-0.10623721602640114,0.00029286725672951665,0.0003037477797969566,-0.028492057740086448,-0.007865691114030425
0.2866666666666667,-2.1152115113149104,-0.05508532647224166,0.00025348611769794967,0.0003318412774028382,-0.03991730500784447,-0.01161197516739554
0.29333333333333333,-2.0983816935617403,-0.011004176735183276,0.00017867061519356023,0.00035705996668157714,-0.05523860787829529,-0.016857112155913942
0.3,-2.0820848607606712,0.04132782670946318,0.00006199851529757292,0.000376122717693306,-0.0749023512635138,-0.023851793170895686
0.30666666666666664,-2.0662293415654225,0.10962418034834512,-0.00010132463668436882,0.00038606340387012286,-0.09938282518176945,-0.03285004476934819
0.31333333333333335,-2.049927097749279,0.19201185835224716,-0.0003373849357914811,0.00037992177816637224,-0.13184572785792217,-0.04520401549589071
0.32,-2.0318570449982145,0.2500342054039577,0.0008565085781928037,-0.0006389535147587845,-0.193545937645663,-0.06691640644978966
0.32666666666666666,-2.012876723836064,0.2987201559930231,0.00027562289468713525,-0.0007072252265896181,-0.27253541580517215,-0.09774480991688056
0.3333333333333333,-1.9958562967392348,0.2820808203139607,-0.0004706852480990791,-0.0006743878743853759,-0.36164485469333885,-0.13398154423605946
0.34,-1.9796746768572075,0.2564764306160703,-0.0011378204831240444,-0.0006591510892100611,-0.46127018740321235,-0.17568571372378605
0.3466666666666667,-1.9637794438129335,0.24032589101800153,-0.0017526650832889708,-0.0006214539909490894,-0.5701168311164704,-0.22255348153932816
0.35333333333333333,-1.94806702761534,0.23198801971766259,-0.0022851569720458965,-0.0005496241375611077,-0.6848394334325287,-0.2733887018154501
0.36,-1.9325850939532685,0.22955393461957688,-0.0026143412670631633,-0.00045206225407904023,-0.7980376596224174,-0.32570340983977514
0.36666666666666664,-1.9172776754490313,0.23031915212057263,-0.002716723979659687,-0.00037930721418363996,-0.9036492975419093,-0.37637112166688136
0.37333333333333335,-1.902133856817059,0.23342380583813352,-0.003577854223691043,0.00019167755723165948,-1.0004963054746017,-0.42190876278034395
0.38,-1.8871588277665883,0.23840894733931414,-0.005037007785371826,0.0011567625432783084,-1.091469821127353,-0.46284275208894093
0.38666666666666666,-1.8724489779767386,0.24523355986434733,-0.0035367292964444343,0.000529396519740448,-1.1961588043636961,-0.5109779556838925
0.3933333333333333,-1.8579450240435476,0.2530190503034526,-0.0021637570944046678,0.0002031809984541506,-1.4215507215094343,-0.5759267464478521
0.4,-1.8436268931259518,0.25956789415958875,0.0002942107152995872,-0.0005949366844366908,0.278788917080804,-1.968583195301935
0.4066666666666667,-1.8295090112996444,0.26358265987540436,0.004606617310869361,-0.002326286487172551,5.216281020414038,-5.541558803658787
0.41333333333333333,-1.8160772312427615,0.2659959209542984,0.0012494039058087254,-0.0036423594444619264,1.925722455309133,-1.956541625020927
0.42,-1.8027043367366151,0.2828520835337189,-0.0006665790676244699,-0.004827848140648391,0.029849165313090814,0.10680615406856406
0.4266666666666667,-1.7893669613105119,0.31603404436104965,-0.0006168561212300874,-0.005884989939415373,0.07232844138616884,0.13685291453858642
0.43333333333333335,-1.7762689647386771,0.35724061488380604,-0.000375122155120597,-0.006124147741946259,0.06354236333049428,0.12822035463985376
0.44,-1.7633206732518973,0.40164870326925545,-0.00013452898475012468,-0.0060897795937730126,0.035724823697487654,0.10595403111034023
0.44666666666666666,-1.750550501257072,0.44976077369767387,0.00009768886041977532,-0.005743750142368418,-0.013982081043801761,0.06807733876097255
0.4533333333333333,-1.7381442692467224,0.5046495212439831,-0.00010978847738680003,-0.006200856452678367,-0.14729946435211508,-0.02871144767120913
0.46,-1.7259901582867587,0.5633651880102406,-0.00016836010450792805,-0.006361962809139685,-0.28266062437320977,-0.12336097626917389
0.4666666666666667,-1.7144060734331288,0.6302503556495889,0.00036211757530930477,-0.0053794727795908525,-0.3915455629145719,-0.1892708246153588
0.47333333333333333,-1.703343447503523,0.7063048161737872,0.0007586593380341585,-0.0043794435128714495,-0.46833316576242173,-0.2405262358504081
0.48,-1.6927314680221572,0.7902834085539385,0.0010394532584099467,-0.0033642567820228253,-0.5173821497817224,-0.27911723627409835
0.4866666666666667,-1.6832021703324558,0.8940508497171359,0.0010436916067659415,-0.002601623849245111,-0.5506992078400997,-0.30865114167770463
0.49333333333333335,-1.6742486542961286,1.0083422104275128,0.000900854770396972,-0.001973301703384446,-0.5756498609120074,-0.333368387943251
0.5,-1.6661649965995644,1.1410472743063536,0.0005941465672466939,-0.0015662875218356138,-0.5697876592232676,-0.3382854038027656
0.5066666666666667,-1.6592809841340075,1.2991471756908644,0.00006143891720784605,-0.001464485156779748,-0.5214306137449023,-0.31589538483415686
0.5133333333333333,-1.6523969716684508,1.4572470770753723,-0.0004712687328309929,-0.0013626827917238842,-0.4730735682665379,-0.2935053658655485
0.52,-1.6436364477030785,1.554076285088589,-0.0047717868211183765,-0.0001454614076265529,2.0208216764401854,-2.554839283393151
0.5266666666666666,-1.6331205556008823,1.593590297924113,-0.012596873977885241,0.0021151700517225394,6.8023766731571635,-6.952465055152784
0.5333333333333333,-1.6219492790390906,1.6306973680867825,-0.013496806174478265,0.002333886766748314,5.76975797809204,-5.461274337372293
0.54,-1.6103692207868694,1.6663031605182341,-0.010077324766338294,0.0012790039194455025,1.1106758913783157,-0.2970634190363288
0.5466666666666666,-1.5984451823090329,1.690917209932459,-0.011195445421091844,0.002676190929216597,0.4946724254534305,0.2099517307135022
0.5533333333333333,-1.586444176851493,1.7117692321170286,-0.0129430353854964,0.004455875796487166,0.39832199849102595,0.14804019754265438
0.56,-1.5743209814663033,1.7240813950368552,-0.014929455775402625,0.006515290806943014,0.3681082742601941,0.11548740813994988
0.5666666666666667,-1.5622185598014264,1.7291774293886586,-0.016933944813402702,0.008754687448667975,0.3578600216958131,0.09540062212145485
0.5733333333333334,-1.5501317733435824,1.7288422909682564,-0.01895203310322226,0.011129546108015248,0.3626386530175618,0.0846962934026479
0.58,-1.5381965513096523,1.7164972078497707,-0.02068221732029106,0.013660758010363185,0.38865261804056633,0.08928955560119697
0.5866666666666667,-1.526378791146973,1.698573299584883,-0.022219476105235853,0.016161847218558553,0.4203031478200806,0.09837259717281915
0.5933333333333334,-1.5148892575683977,1.666442276154061,-0.02322883064507495,0.0185226925642437,0.463693828633709,0.11727172476623811
0.6,-1.5037966756353336,1.6212119139850283,-0.023788897630779897,0.020584890784703817,0.5094396754525974,0.13934187745533522
0.6066666666666667,-1.4931004635786649,1.5629014113625248,-0.023900335534550513,0.02234887957474646,0.5575372365645284,0.16457840781141841
0.6133333333333333,-1.4835181636367079,1.4704547714697906,-0.02354839174816576,0.023552959275050418,0.6005694419813817,0.18835610199377684
0.62,-1.4745855869738196,1.3580971864055005,-0.02292616643129771,0.024430454889446028,0.6406471239054139,0.21128288539969475
0.6266666666666667,-1.4660678758650936,1.231051921283888,-0.022158874479663904,0.0250598670620124,0.676890290023904,0.23228447628780338
0.6333333333333333,-1.4581886139131797,1.0814033408134,-0.02116833509348539,0.0253074961179384,0.7072324037212718,0.25032333014613484
0.64,-1.4503093519612658,0.9317547603429097,-0.02017779570730686,0.025555125173864407,0.7375745174186401,0.26836218400446665
0.6466666666666666,-1.438041957965353,0.9020591386433037,-0.019571724693591988,0.02615838085277587,0.7736180381417797,0.2886858976920604
0.6533333333333333,-1.4246565175837536,0.9036016373286326,-0.014997209295373223,0.02441356375137171,0.8047572455986021,0.3093055042822396
0.66,-1.4104488805440916,0.9290591334319053,-0.0018279824430772924,0.017537801068347854,0.823416072654095,0.3297431058814933
0.6666666666666666,-1.3954100858204754,0.9948804533581223,0.0032325530616497955,0.014691035595466511,0.8212583138600892,0.3297354528786208
0.6733333333333333,-1.3798613444385943,1.104979448490502,0.00809637236015679,0.012229717952642386,0.8021999816731985,0.3205950454468207
0.68,-1.3637862689852929,1.28784839879858,0.013495240097081206,0.009908663394215486,0.7630804586579427,0.3021123605155823
0.6866666666666666,-1.3469756269981412,1.509315266016246,0.019163249126444255,0.007940563669641295,0.699970612988438,0.2729837286015478
0.6933333333333334,-1.3281676671822609,1.3326031099591304,0.024754128469133975,0.006484536328114295,0.6055444220269153,0.2308411253292066
0.7,-1.309059606949121,0.9230368926687055,0.028968204956243766,0.005617077149958915,0.4965484305288598,0.1838243437715103
0.7066666666666667,-1.2908565976138144,0.3486031803785653,0.03160993616422909,0.004859754800841383,0.39395126817427006,0.14066118966041516
0.7133333333333334,-1.2733417406301226,-0.24289647567182604,0.03756524306373616,0.0015442021236323376,0.307571914422917,0.1012926829512211
0.72,-1.2549310358425512,-0.607013554556223,0.026886772882796138,0.006589693813545648,0.22539062626470774,0.07668314010893439
0.7266666666666667,-1.235777053813849,-0.9075103097276991,0.020873959229718367,0.007698065799481128,0.16276654661664747,0.05584996226542588
0.7333333333333333,-1.2160737441335079,-1.29047111967419,0.018719568210188296,0.006211383876610335,0.11550371738416003,0.03812925244849501
0.74,-1.1942718481284875,-1.4135599839364246,0.016056814431771593,0.004949689484248066,0.07642095599219265,0.024232659448846085
0.7466666666666667,-1.171280437448101,-1.1487746109904724,0.013309662460796318,0.003961886077735511,0.047890914409488006,0.014704858767473503
0.7533333333333333,-1.1497448840580735,-0.6851978348192556,0.011008314392602964,0.0032820655991799507,0.030346109695880807,0.009256545397164773
0.76,-1.1298699047332181,-0.16365225977171327,0.009196037419702438,0.002810713683036741,0.019756598791903293,0.006214859999944499
0.7666666666666667,-1.1084937026884085,-0.019132111109298976,0.007574489582431088,0.0024212683040339454,0.012258663497239303,0.004233470792895718
0.7733333333333333,-1.0864025491224514,0.036126959936454456,0.006228237821283528,0.0021151254500066225,0.0073661270280932205,0.0030717699968566964
0.78,-1.0637440743349924,0.06260052530262003,0.005133369232265593,0.0018730327513842748,0.004204541029066985,0.002414689625999497
0.7866666666666666,-1.040617978239959,0.07590532028348494,0.004259180877670733,0.0016811036603656493,0.002194117135201422,0.0020683830815430696
0.7933333333333333,-1.0169872479187565,0.08278602137256538,0.0035683594195719363,0.0015272769065288762,0.0009264857687316694,0.0019083214050737267
0.8,-0.9928753095338009,0.08621772976496853,0.003029155061721873,0.001402402570608848,0.00013427844017434293,0.0018596212470292756
0.8066666666666666,-0.9683494960400475,0.08749027028203775,0.0026185158351202742,0.0012997459599827202,-0.00035127767482141234,0.0018795671950580378
0.8133333333333334,-0.9432938355576279,0.0878056715524817,0.002317016010183115,0.0012129182957213232,-0.0006440198313350837,0.00194494779210834
0.82,-0.9177536543693825,0.08720112287134013,0.002092766632266536,0.0011341361667196422,-0.0008398819613622375,0.0020387728430616993
0.8266666666666667,-0.8918018844968806,0.08647744158106983,0.001932128775964193,0.0010584530998193557,-0.0009800894274652697,0.002156680903323529
0.8333333333333334,-0.8653242576600771,0.08557425754677561,0.0018294469273972414,0.0009799157604076895,-0.0010907780249240955,0.002302208538402006
0.84,-0.83835840786052,0.0848895772142518,0.001773347144827527,0.0008923471516574996,-0.0011930349081531,0.002477767677501058
0.8466666666666667,-0.8109392160859507,0.08411930429855978,0.001755724524841101,0.0007899788391302516,-0.0012989129123218252,0.002686816941309219
0.8533333333333334,-0.7829924128196194,0.08360696886934847,0.001782590009630198,0.000660572214031795,-0.0014193578659939003,0.0029467431132338693
0.86,-0.7545620342766313,0.08330700991805054,0.0018529353303902135,0.000496891169182104,-0.001560267165611492,0.0032667415997316715
0.8666666666666667,-0.7256176715183842,0.0834574734245046,0.0019849538871368365,0.000279381522193231,-0.0017314620413359301,0.003676937690667374
0.8733333333333333,-0.6960934610548479,0.08392775112954191,0.0022180933503154103,-0.000023040354653968787,-0.0019472134154941017,0.004229738047313649
0.88,-0.6660804071880195,0.08479110499904854,0.002642415947822276,-0.00046583909363463483,-0.002227940448370506,0.005023680881803026
0.8866666666666667,-0.6355135839953552,0.08612982532559557,0.0035657591502594775,-0.0012308871914795412,-0.002636114866417625,0.006367855484796638
0.8933333333333333,-0.6044030629775609,0.08796276722644031,0.007060736674485214,-0.0035013846151674324,-0.0035032553503734102,0.010123328331552772
0.9,-0.5726735377865946,0.09034693057401258,-0.0014292655934860458,0.0011765538341692635,-0.002633338996505184,0.003959683688953846
0.9066666666666666,-0.5403677237825183,0.09354219078189172,-0.004789206102532947,0.0029684481803958045,-0.0029819154062772813,0.00266540720131241
0.9133333333333333,-0.5074638510275897,0.09770868514937402,-0.007405401438195532,0.004338682454546858,-0.004694799009017393,0.004068288726210755
0.92,-0.4739260779933177,0.10232449110541551,-0.0023903679115693244,0.001381148344619729,-0.00154801518201045,0.0013119132633737096
0.9266666666666666,-0.43972356121287265,0.10808759238135283,0.00000000000000020952102964087234,-0.00000000000000093450558787531,0.0000000000000037227101258618606,0.0000000000000004872277054155755
0.9333333333333333,-0.4049504302395164,0.11520151191025103,0.00000000000000028990531067026195,-0.000000000000003237771939431316,0.000000000000001676648819026898,-0.0000000000000005552062027932658
0.94,-0.36942560061055063,0.1236299086168563,0.0000000000000001961531155717126,-0.000000000000006470473011492179,0.00000000000000011070587602658322,-0.0000000000000002449639128967963
0.9466666666666667,-0.3332333717057955,0.13407448494608185,0.000000000000000053237630825884365,0.000000000000002854751340636874,0.000000000000003903671589193516,0.00000000000000105498450883549
0.9533333333333334,-0.29640884078115654,0.14689852569918782,0.0000000000000002982782021379065,-0.00000000000000117021390129329,0.0000000000000010359699944901404,0.00000000000000007075940792210211
0.96,-0.25894983883427997,0.1629108601438971,0.00000000000000010738108207331264,0.0000000000000005441607789915593,0.0000000000000000647899571836516,0.0000000000000004363875301606682
0.9666666666666667,-0.22103261907365432,0.1837155588542348,0.000000000000000018227370657701253,-0.0000000000000005914554971963639,0.0000000000000012014517164505045,0.000000000000000036123066680934373
0.9733333333333334,-0.18289604865162107,0.2121644651631822,0.00000000000000010226718573309976,-0.0000000000000010984221220332178,0.000000000000001209529731370086,0.00000000000000027463001945460773
0.98,-0.14546749056024905,0.2547906866957697,0.00000000000000016484236133750203,0.000000000000001042363092491483,0.00000000000000047614789360324,0.0000000000000004464624062423527
0.9866666666666667,-0.11170695226576102,0.3233990006609355,0.0000000000000004156792085055117,0.0000000000000011550008234442118,0.000000000000000381306671607417,0.0000000000000003957108615782428
0.9933333333333333,-0.07261784360261384,0.23840892013912324,0.0000000000000006474543107223735,0.000000000000001148527011020207,-0.00000000000000020634522390363053,0.000000000000000467086568618117
1,-0.02998308682665085,0.000000000000023689383787939278,0,0,0,0
1.0066666666666666,0.07261784360261324,-0.23840892013907125,-0.0000000000000005775575239782378,-0.00000000000000032892378260900464,0.0000000000000002670408879199676,-0.00000000000000033920930416773446
1.0133333333333334,0.11170695226576155,-0.32339900066088695,-0.0000000000000004630558842284972,-0.0000000000000010998944184315913,-0.0000000000000002219756238459058,-0.0000000000000004284813637946868
1.02,0.14546749056024902,-0.2547906866957225,-0.00000000000000025631612225244288,-0.0000000000000007836343793845785,-0.00000000000000024469366148299803,-0.0000000000000005014758645137447
1.0266666666666666,0.18289604865162012,-0.21216446516313534,-0.00000000000000001999255087240156,0.0000000000000013635444384623459,-0.0000000000000007561394045871531,-0.0000000000000003242826890325359
1.0333333333333334,0.22103261907365468,-0.18371555885418714,-0.00000000000000001743374813066359,0.0000000000000006018103001714735,-0.0000000000000011746438856334906,-0.000000000000000044951174463953293
1.04,0.25894983883427963,-0.16291086014384987,-0.00000000000000013016763981227007,-0.00000000000000075888499553589225,0.000000000000000010216113390498478,-0.0000000000000004260772327104204
1.0466666666666666,0.2964088407811565,-0.1468985256991405,-0.0000000000000002469836562843377,0.0000000000000003708545776576348,-0.00000000000000135448828742291,-0.0000000000000003334472870090909
1.0533333333333332,0.33323337170579426,-0.1340744849460348,-0.00000000000000004558806419712532,-0.000000000000002887298596288197,-0.000000000000003997555677036262,-0.0000000000000010038070156915105
1.06,0.36942560061055124,-0.12362990861680873,-0.00000000000000017665703979221945,0.0000000000000065711747497543296,-0.00000000000000007805142871530362,0.0000000000000002327822778349969
1.0666666666666667,0.404950430239517,-0.11520151191020346,-0.0000000000000002619077902225867,0.000000000000002834938566758288,-0.0000000000000017315150935794456,0.0000000000000004239139769064445
1.0733333333333333,0.4397235612128721,-0.10808759238130548,-0.00000000000000018929288471583402,0.0000000000000009233777558604998,-0.000000000000003668110578767253,-0.00000000000000040588041271092723
1.08,0.47392607799331826,-0.10232449110536797,0.002390367911569753,-0.0013811483446214516,0.001548015182010961,-0.0013119132633740939
1.0866666666666667,0.5074638510275897,-0.0977086851493266,0.0074054014381954745,-0.004338682454547689,0.004694799009017381,-0.004068288726211008
1.0933333333333333,0.5403677237825175,-0.09354219078184439,0.004789206102533021,-0.002968448180394859,0.002981915406272442,-0.0026654072013129497
1.1,0.5726735377865945,-0.09034693057396517,0.001429265593485975,-0.0011765538341747812,0.002633338996505614,-0.003959683688955258
1.1066666666666667,0.6044030629775614,-0.08796276722639287,-0.007060736674484866,0.0035013846151669254,0.0035032553503736045,-0.01012332833155296
1.1133333333333333,0.6355135839953552,-0.08612982532554815,-0.0035657591502592655,0.0012308871914817883,0.002636114866418,-0.006367855484797189
1.12,0.6660804071880203,-0.08479110499900104,-0.002642415947822031,0.0004658390936343841,0.0022279404483702236,-0.005023680881804324
1.1266666666666667,0.696093461054848,-0.08392775112949442,-0.0022180933503157174,0.00002304035465414306,0.0019472134154939337,-0.004229738047313721
1.1333333333333333,0.7256176715183842,-0.08345747342445713,-0.0019849538871367814,-0.00027938152219312044,0.0017314620413358293,-0.0036769376906676254
1.14,0.7545620342766302,-0.08330700991800305,-0.0018529353303901569,-0.0004968911691824958,0.0015602671656112744,-0.0032667415997314686
1.1466666666666667,0.7829924128196196,-0.083606968869301,-0.0017825900096300566,-0.000660572214031705,0.0014193578659932083,-0.002946743113233476
1.1533333333333333,0.8109392160859511,-0.08411930429851233,-0.0017557245248409285,-0.0007899788391305062,0.0012989129123218586,-0.0026868169413092288
1.16,0.8383584078605193,-0.0848895772142043,-0.0017733471448276009,-0.000892347151657143,0.0011930349081534723,-0.0024777676775013077
1.1666666666666667,0.8653242576600783,-0.08557425754672814,-0.0018294469273969246,-0.0009799157604116887,0.0010907780249201692,-0.002302208538402767
1.1733333333333333,0.8918018844968806,-0.08647744158102233,-0.0019321287759621365,-0.0010584530998171942,0.000980089427468497,-0.002156680903326505
1.18,0.917753654369382,-0.08720112287129263,-0.0020927666322669565,-0.001134136166720233,0.0008398819613624531,-0.002038772843059476
1.1866666666666668,0.943293835557628,-0.08780567155243425,-0.00231701601018075,-0.0012129182957210417,0.0006440198313326407,-0.0019449477921046482
1.1933333333333334,0.9683494960400483,-0.08749027028199027,-0.0026185158351172706,-0.0012997459599812236,0.0003512776748204306,-0.0018795671950592716
1.2,0.9928753095338012,-0.08621772976492115,-0.003029155061718756,-0.0014024025706073121,-0.0001342784401735584,-0.001859621247031548
1.2066666666666668,1.0169872479187567,-0.0827860213725179,-0.0035683594195714294,-0.0015272769065263307,-0.0009264857687290126,-0.0019083214050773783
1.2133333333333334,1.0406179782399592,-0.07590532028343756,-0.0042591808776696145,-0.0016811036603639137,-0.002194117135205116,-0.0020683830815486654
1.22,1.0637440743349922,-0.06260052530257301,-0.005133369232266877,-0.0018730327513851086,-0.00420454102906341,-0.0024146896260019723
1.2266666666666666,1.086402549122451,-0.036126959936407306,-0.006228237821272132,-0.00211512544999924,-0.007366127028088967,-0.0030717699968564466
1.2333333333333334,1.1084937026884092,0.019132111109348267,-0.007574489582430207,-0.002421268304032133,-0.012258663497239749,-0.004233470792900635
1.24,1.129869904733218,0.1636522597717515,-0.00919603741970051,-0.0028107136830352376,-0.019756598791900837,-0.006214859999946888
1.2466666666666666,1.1497448840580726,0.6851978348192872,-0.011008314392588972,-0.003282065599166132,-0.030346109695879548,-0.009256545397171875
1.2533333333333334,1.1712804374481005,1.1487746109905257,-0.013309662460806785,-0.003961886077732108,-0.04789091440944806,-0.01470485876742184
1.26,1.1942718481284877,1.4135599839364725,-0.016056814431770598,-0.004949689484231612,-0.0764209559921438,-0.024232659448907762
1.2666666666666666,1.2160737441335077,1.290471119674248,-0.018719568210165228,-0.0062113838766092895,-0.11550371738415643,-0.0381292524485349
1.2733333333333334,1.2357770538138488,0.9075103097277469,-0.02087395922971592,-0.007698065799482465,-0.16276654661659662,-0.05584996226544764
1.28,1.2549310358425514,0.6070135545562723,-0.02688677288279491,-0.006589693813539471,-0.225390626264728,-0.0766831401089203
1.2866666666666666,1.2733417406301228,0.24289647567187556,-0.03756524306373749,-0.001544202123593174,-0.30757191442297027,-0.10129268295115837
1.2933333333333332,1.2908565976138133,-0.3486031803785065,-0.031609936164193136,-0.004859754800831257,-0.39395126817429305,-0.14066118966036992
1.3,1.3090596069491205,-0.9230368926686561,-0.028968204956277582,-0.005617077149958604,-0.49654843052892084,-0.18382434377155105
1.3066666666666666,1.328167667182262,-1.3326031099590878,-0.024754128469111094,-0.0064845363281319434,-0.6055444220268308,-0.23084112532924003
1.3133333333333332,1.3469756269981408,-1.5093152660161961,-0.019163249126431546,-0.007940563669618081,-0.699970612988665,-0.2729837286014738
1.32,1.363786268985293,-1.2878483987985234,-0.013495240097116263,-0.009908663394208553,-0.7630804586579705,-0.30211236051558266
1.3266666666666667,1.379861344438595,-1.1049794484904514,-0.00809637236028278,-0.01222971795267909,-0.8021999816731923,-0.32059504544680706
1.3333333333333333,1.3954100858204757,-0.9948804533580766,-0.0032325530618985427,-0.014691035595606259,-0.8212583138600772,-0.3297354528786791
1.34,1.4104488805440913,-0.929059133431861,0.0018279824427106025,-0.01753780106862812,-0.8234160726539592,-0.3297431058817746
1.3466666666666667,1.4246565175837538,-0.9036016373285886,0.014997209295132452,-0.024413563751430178,-0.8047572455984917,-0.3093055042822097
1.3533333333333333,1.438041957965353,-0.9020591386432616,0.019571724693381153,-0.02615838085287935,-0.7736180381414518,-0.2886858976920571
1.36,1.4503093519612658,-0.9317547603428693,0.020177795707082242,-0.02555512517410723,-0.7375745174180899,-0.26836218400460604
1.3666666666666667,1.4581886139131797,-1.0814033408133583,0.021168335093251552,-0.025307496118133994,-0.7072324037211616,-0.2503233301461702
1.3733333333333333,1.4660678758650938,-1.2310519212838473,0.02215887447942086,-0.02505986706216076,-0.6768902900242333,-0.2322844762877344
1.38,1.4745855869738196,-1.3580971864054583,0.02292616643112981,-0.024430454889716003,-0.6406471239057523,-0.21128288540033507
1.3866666666666667,1.483518163636708,-1.47045477146975,0.023548391748127843,-0.023552959275551698,-0.6005694419814478,-0.18835610199565408
1.3933333333333333,1.4931004635786649,-1.5629014113624815,0.023900335534598728,-0.02234887957524903,-0.557537236564511,-0.16457840781382768
1.4,1.503796675635333,-1.6212119139849774,0.02378889763083909,-0.020584890784813344,-0.5094396754528205,-0.13934187745706775
1.4066666666666667,1.5148892575683974,-1.6664422761540107,0.023228830645427165,-0.018522692564074374,-0.46369382863407715,-0.11727172476813777
1.4133333333333333,1.5263787911469735,-1.698573299584838,0.022219476106163635,-0.016161847218224966,-0.4203031478205027,-0.09837259717573302
1.42,1.5381965513096523,-1.7164972078497258,0.020682217320923384,-0.013660758009927797,-0.3886526180408984,-0.08928955560201692
1.4266666666666667,1.5501317733435827,-1.7288422909682108,0.01895203310329548,-0.011129546107479698,-0.36263865301779324,-0.08469629340069015
1.4333333333333333,1.562218559801426,-1.729177429388613,0.01693394481304508,-0.008754687447834272,-0.3578600216963477,-0.09540062212001231
1.44,1.574320981466303,-1.7240813950368097,0.014929455775033238,-0.006515290806206971,-0.36810827426071635,-0.11548740813929935
1.4466666666666668,1.5864441768514932,-1.7117692321169824,0.01294303538567207,-0.004455875796374698,-0.3983219984911174,-0.14804019754316397
1.4533333333333334,1.5984451823090333,-1.6909172099324077,0.011195445421031432,-0.0026761909303517338,-0.49467242545726836,-0.20995173072520656
1.46,1.6103692207868698,-1.6663031605136456,0.010077327551864943,-0.0012790039775200115,-1.1106758911635528,0.29706342005601916
1.4666666666666666,1.6219492790390904,-1.630697368041107,0.013496834225957405,-0.0023338873297198,-5.769757975854317,5.461274347857843
1.4733333333333334,1.6331205556008819,-1.5935902978674652,0.012596908776184183,-0.002115170749151146,-6.802376670378254,6.9524650681720574
1.48,1.6436364477030783,-1.5540762850692535,0.004771798675201659,0.0001454611696531786,-2.0208216754958537,2.5548392878321717
1.4866666666666666,1.6523969716684503,-1.4572470770753192,0.00047126873226032215,0.0013626827912366613,0.47307356826351565,0.29350536587034504
1.4933333333333334,1.6592809841340077,-1.2991471756908088,-0.00006143891754598117,0.0014644851564908324,0.5214306137429842,0.3158953848368902
1.5,1.6661649965995649,-1.1410472743063036,-0.0005941465673522666,0.001566287521745,0.5697876592224511,0.33828540380343464
1.5066666666666666,1.6742486542961288,-1.008342210427465,-0.0009008547704177099,0.001973301703353769,0.5756498609118205,0.33336838794314766
1.5133333333333334,1.683202170332456,-0.8940508497170855,-0.0010436916068089603,0.0026016238491740665,0.5506992078401982,0.3086511416777645
1.52,1.692731468022157,-0.7902834085538885,-0.0010394532584063506,0.0033642567819740835,0.5173821497819538,0.27911723627420265
1.5266666666666666,1.7033434475035227,-0.7063048161737335,-0.0007586593378544034,0.004379443512962914,0.46833316576249684,0.24052623585033117
1.5333333333333334,1.7144060734331288,-0.6302503556495308,-0.00036211757509094846,0.0053794727796965085,0.39154556291456644,0.18927082461523578
1.54,1.7259901582867587,-0.5633651880101823,0.00016836010460568175,0.006361962809113643,0.2826606243732179,0.1233609762691651
1.5466666666666666,1.7381442692467222,-0.5046495212439224,0.00010978847761924183,0.006200856452422994,0.1472994643521349,0.02871144767114578
1.5533333333333332,1.7505505012570717,-0.44976077369761036,-0.0000976888600137407,0.005743750141926632,0.013982081043830993,-0.06807733876112033
1.56,1.7633206732518973,-0.40164870326919555,0.00013452898495199954,0.006089779593711907,-0.0357248236974369,-0.10595403111033577
1.5666666666666667,1.7762689647386771,-0.35724061488374587,0.0003751221550663329,0.006124147741976715,-0.06354236333042561,-0.12822035463982398
1.5733333333333333,1.7893669613105117,-0.31603404436098487,0.0006168561208893359,0.005884989939300232,-0.07232844138608888,-0.13685291453863088
1.58,1.8027043367366151,-0.2828520835336541,0.0006665790673867108,0.004827848140199579,-0.02984916531305975,-0.10680615406855715
1.5866666666666667,1.8160772312427615,-0.2659959209542303,-0.0012494038837030548,0.0036423594540930587,-1.9257224553160661,1.9565416250243486
1.5933333333333333,1.8295090112996444,-0.2635826598753293,-0.00460661724995122,0.002326286514677552,-5.216281020433053,5.541558803668119
1.6,1.8436268931259523,-0.259567894159513,-0.00029421069825998937,0.000594936693172325,-0.2787889170849338,1.968583195303947
1.6066666666666667,1.857945024043548,-0.25301905030337957,0.0021637570949026522,-0.0002031809976157257,1.42155072151,0.5759267464474033
1.6133333333333333,1.8724489779767388,-0.24523355986427814,0.0035367292968059042,-0.0005293965199039961,1.1961588043634408,0.5109779556836347
1.62,1.887158827766589,-0.23840894733924603,0.005037007785033744,-0.0011567625434812752,1.09146982112773,0.4628427520884037
1.6266666666666667,1.9021338568170587,-0.2334238058380631,0.003577854223596531,-0.00019167755758252476,1.0004963054748304,0.4219087627802175
1.6333333333333333,1.9172776754490304,-0.23031915212050216,0.0027167239798393996,0.00037930721393021003,0.9036492975419398,0.3763711216668432
1.64,1.932585093953268,-0.2295539346195084,0.002614341267298592,0.0004520622539678327,0.7980376596224439,0.3257034098395125
1.6466666666666667,1.948067027615341,-0.23198801971759597,0.002285156971897186,0.0005496241370451304,0.684839433433019,0.2733887018150637
1.6533333333333333,1.9637794438129332,-0.24032589101793592,0.0017526650836936738,0.000621453990967167,0.570116831116733,0.22255348153912535
1.66,1.9796746768572069,-0.2564764306160041,0.0011378204833306482,0.0006591510889567512,0.46127018740355635,0.17568571372382952
1.6666666666666667,1.995856296739235,-0.28208082031389764,0.0004706852483156987,0.0006743878738222911,0.3616448546938479,0.1339815442361754
1.6733333333333333,2.0128767238360643,-0.2987201559929641,-0.0002756228940677444,0.0007072252261697942,0.27253541580563295,0.09774480991687538
1.68,2.0318570449982145,-0.25003420540389704,-0.0008565085785163939,0.000638953514357534,0.19354593764574948,0.06691640644988786
1.6866666666666668,2.049927097749279,-0.19201185835218781,0.00033738493566219576,-0.0003799217781265242,0.13184572785797702,0.04520401549589825
1.6933333333333334,2.066229341565422,-0.10962418034828654,0.0001013246367090928,-0.00038606340375455146,0.09938282518182452,0.03285004476933304
1.7,2.082084860760671,-0.041327826709401695,-0.00006199851532857662,-0.0003761227174092315,0.07490235126350839,0.023851793170872403
1.7066666666666668,2.0983816935617408,0.011004176735247593,-0.00017867061509355136,-0.0003570599665187855,0.05523860787828322,0.01685711215589737
1.7133333333333334,2.115211511314911,0.05508532647230598,-0.000253486117514633,-0.0003318412774373818,0.03991730500784784,0.011611975167395462
1.72,2.1323254440348944,0.1062372160264643,-0.00029286725676422353,-0.0003037477797727092,0.028492057740066284,0.007865691114043945
1.7266666666666666,2.1497821542989826,0.17043541802671514,-0.00030586072662177455,-0.0002748866146641865,0.020126605263470248,0.005250163889185057
1.7333333333333334,2.1700551013933973,0.15893187305873616,-0.0002980665770215381,-0.00024312299008313307,0.013551301381935195,0.0033088559836110466
1.74,2.189501671028938,0.12003816766681769,-0.000278577294696732,-0.00021512579518297043,0.009253341231998344,0.0021138492726064605
1.7466666666666666,2.206603591418312,0.045704488171625535,-0.00025629178570822896,-0.0001928937232170128,0.006669251070760822,0.0014397513622728688
1.7533333333333334,2.223796891068484,0.007967899217131782,-0.0002323199475527125,-0.00017271248405882503,0.004807933933577466,0.0009813502883588804
1.76,2.2415050198129496,-0.007291406050735226,-0.00020763333012326754,-0.00015396201390420876,0.003419926546489139,0.000659341390684795
1.7666666666666666,2.259593308727265,-0.012265418550182788,-0.00018344531360857573,-0.00013681106410055486,0.0024098194833871603,0.0004403669616323461
1.7733333333333334,2.2779344644235313,-0.013958431202142263,-0.00016063819336119324,-0.00012131186253343226,0.001686449601828779,0.0002948187980587599
1.78,2.2964933180598894,-0.014250149139558573,-0.0001396564047160935,-0.0001073739710746442,0.001171979464267335,0.00019931318913635044
1.7866666666666666,2.3152424564217875,-0.01387385089667148,-0.00012070186320136764,-0.00009487654347130025,0.0008078934489645086,0.00013729191741772862
1.7933333333333332,2.3341858491092644,-0.013170535129877037,-0.00010378620990529502,-0.00008367208486848574,0.0005509855073282812,0.00009730903876431963
1.8,2.3533090118088964,-0.012305304636095464,-0.00008884574373346425,-0.00007363635966608665,0.0003704442724634708,0.00007170764852982798
1.8066666666666666,2.3725807684927402,-0.011375248920096972,-0.00007576308339606673,-0.0000646505474073067,0.00024418944118212015,0.000055387575451791466
1.8133333333333332,2.3920230061429923,-0.010437762477666373,-0.00006436535358269563,-0.00005659037477836968,0.0001561816084431229,0.00004496740513594431
1.82,2.4116406487720474,-0.009514492349245524,-0.00005448042886966561,-0.00004933994211715209,0.00009517443919330178,0.00003827464173701436
1.8266666666666667,2.431416175206812,-0.008621338559079678,-0.00004595960459032342,-0.00004281787730745422,0.0000532135011568201,0.00003392438412576494
1.8333333333333333,2.451334760909267,-0.0077751340821694635,-0.000038663671432477196,-0.00003693328983479306,0.000024631489518883977,0.00003105181523039447
1.84,2.471410290894092,-0.006976775653780766,-0.00003246611445087327,-0.00003159871640542848,0.000005354339573351432,0.000029129702460512198
1.8466666666666667,2.4916640041493716,-0.006231074867185936,-0.000027278045961679916,-0.000026718527779254,-0.000007507116304830198,0.000027869650171572783
1.8533333333333333,2.5120854870649527,-0.005532552733953589,-0.000023071461671632266,-0.00002219941928499609,-0.000016020106429989028,0.000027144573132027968
1.86,2.532667360486843,-0.004885317341031022,-0.00001991783161943015,-0.000017887072843582827,-0.0000217394956175876,0.000026996108567789667
1.8666666666666667,2.553400595445347,-0.004289398984781484,-0.000018216899134607673,-0.000013463593133415838,-0.000025994729538561108,0.0000277791577150417
1.8733333333333333,2.574290464694768,-0.0037407074700696453,-0.000019870323482410903,-0.000007719614186309657,-0.00003076004575696948,0.000031141015562330876
1.88,2.595351209378735,-0.003237830601794026,-0.000013065644636258588,-0.000007271863173843116,-0.000030635594904953316,0.00002635277991277294
1.8866666666666667,2.6165554810376714,-0.0027786071309756693,0.000009312796867811642,-0.00001659513255801447,-0.00002078202429130744,0.000007973122423951927
1.8933333333333333,2.637913626404927,-0.002359773170748387,0.000011411672067320576,-0.00001542054370176425,-0.000019294233678165656,0.000009177233138646077
1.9,2.6594539105784074,-0.001980959036613807,0.000013662913281449624,-0.000014611921249906794,-0.00001772468557657977,0.000010803087734066866
1.9066666666666667,2.681149207840668,-0.001639278294294144,0.000016502715606711568,-0.000014384835797708702,-0.000016268107359750763,0.000013227094017076922
1.9133333333333333,2.7030047191709383,-0.001332143888525467,0.0000212352697744606,-0.000015438529504190023,-0.000015325148283518202,0.000017633115441191293
1.92,2.725005361971412,-0.001057351350285577,0.00003670741113154191,-0.00002273871525114828,-0.00001769758249883674,0.00003209297031017251
1.9266666666666667,2.7472093024521778,-0.0008147072699087123,0.0000024605035460688963,-0.0000015005756159471588,-0.000001131262996165315,0.000002162069436671091
1.9333333333333333,2.769545292742299,-0.0006019391762752111,-0.000000000000000003632563190462095,0.0000000000000000108045734338863,-0.000000000000000008823822814853566,-0.0000000000000000052571182051953995
1.94,2.792069709439003,-0.0004179187323265682,-0.000000000000000004376447502235662,-0.000000000000000007764031074516034,-0.000000000000000009364754702251474,0.0000000000000000018600492341175714
1.9466666666666668,2.8147514682286627,-0.00025962347320517346,-0.000000000000000006709992542681472,-0.000000000000000005146359194037355,-0.0000000000000000018845261689657636,0.00000000000000000485473151106134
1.9533333333333334,2.8376085573535965,-0.0001252275315167033,0.000000000000000000021502750165196494,-0.000000000000000003920062912065081,0.0000000000000000068082324583955814,0.0000000000000000022980342648071864
1.96,2.860623978649326,-0.000013512818526579546,-0.0000000000000000026222728803332777,-0.000000000000000000003927932995781004,0.00000000000000000008880678415200075,-0.0000000000000000001275157104122181
1.9666666666666666,2.8838173703562053,0.00007705246437703503,-0.0000000000000000022832749227276388,0.00000000000000000031414384769801498,-0.000000000000000001932688774116717,0.00000000000000000034688898630006474
1.9733333333333334,2.907160399895657,0.00014776031676924873,0.00000000000000000012671451775834994,0.0000000000000000005523371239218638,0.0000000000000000008695637117324414,0.0000000000000000007711515033976266
1.98,2.9318153955593615,0.0001953711707022941,-0.0000000000000000015716591857765156,-0.00000000000000000041458701629243276,-0.0000000000000000004780157664262383,0.0000000000000000004568104070055076
1.9866666666666666,2.9730784842477562,0.0001710802099207532,-0.0000000000000000008484082054810532,0.000000000000000000001890629763853361,-0.00000000000000000039204505709612217,0.00000000000000000045456605277445185
1.9933333333333334,3.020328846135155,0.00009365862731215573,0.000000000000000000006517069468008823,-0.00000000000000000014569046573275158,0.00000000000000000017609641686637734,-0.00000000000000000014418832831830683
