# n,energy,berry,bcd_x,bcd_y,qmd_x,qmd_y
0.00000759375,0,-0.0000000000000028995917533700603,0.000000000000000000000000009645205072911006,-0.000000000000000000000000000003870348816240589,0.000000000000000000000000000014593926746588718,0.00000000000000000000000008379142484599174
0.006666666666666667,0,-0.00000018374787684484333,-0.000000000000000000007098579745432279,0.0000000000000000000023818363640359134,0.0000000000000000000012116055479788842,-0.000000000000000000011232344309276478
0.013333333333333334,0,-0.0000012308500639127497,-0.00000000000000000004406264587217112,0.000000000000000000006184171728041699,-0.0000000000000000000013539656759909235,-0.00000000000000000002710719937816421
0.02,0,-0.000004008981110765723,-0.00000000000000000008403107330222512,0.000000000000000000015217870676778976,-0.000000000000000000005593968769580533,-0.00000000000000000011819608098887021
0.02666666666666667,0,-0.000009516199357997861,0.0000000000000000000023748644750234554,0.000000000000000000050445810290447163,-0.000000000000000000051868346618465675,-0.0000000000000000001913248091011511
0.03333333333333333,0,-0.000018882073094809007,0.00000000000000000017931130368930574,-0.00000000000000000005647415127882848,-0.000000000000000000029738505216303723,-0.00000000000000000036718132281715137
0.04,0,-0.00003389441655340477,0.0000000000000000006375437346954713,-0.00000000000000000014750076379515294,0.00000000000000000023990437801138074,0.0000000000000000002168404344971009
0.04666666666666667,0,-0.000056017632001381536,0.00000000000000000021078463436661113,-0.00000000000000000037802212577996134,-0.00000000000000000006758203818752812,-0.00000000000000000009071394545771581
0.05333333333333334,0,-0.00008674765467003035,-0.0000000000000000004917078680271025,0.0000000000000000004209749126636878,0.00000000000000000018665559646527455,0.00000000000000000004492697181056165
0.06,0,-0.00012794622723327341,-0.0000000000000000008717096154111271,-0.00000000000000000030178478186445925,0.0000000000000000005372621736681582,-0.0000000000000000002473112959282212
0.06666666666666667,0,-0.0001814995556289749,0.000000000000000000050856274871011556,-0.00000000000000000006380923650254856,-0.00000000000000000007488491945879609,-0.000000000000000004217004540816208
0.07333333333333333,0,-0.00024987681080614987,-0.0000000000000000035060451254715194,-0.0000000000000000007191717401503651,-0.0000000000000000013661658538714606,-0.0000000000000000022697461689344783
0.08,0,-0.0003360523075908255,0.0000000000000000005977171073617641,0.00000000000000000025173786348899326,0.000000000000000001105012375140964,-0.0000000000000000008289195997803179
0.08666666666666667,0,-0.0004425151431968273,0.0000000000000000031961543057723123,-0.0000000000000000016683091092895117,-0.0000000000000000012672536797462141,-0.000000000000000000023245028340553408
0.09333333333333334,0,-0.0005737906253060864,-0.00000000000000002399551163971532,-0.000000000000000001919365428500591,-0.0000000000000000023326725868500753,-0.000000000000000010131321943260017
0.1,0,-0.0007333271235041006,0.000000000000000000011468309962274971,-0.0000000000000000014398365487702035,0.000000000000000000338335332653292,-0.000000000000000015681707458316892
0.10666666666666667,0,-0.0009251680214883332,-0.000000000000000013449568967262642,-0.0000000000000000017643270995183556,0.0000000000000000007621465439752736,-0.000000000000000009579439396697486
0.11333333333333333,0,-0.0011530468517027025,0.0000000000000000004926207968067312,-0.0000000000000000017981148612967018,-0.0000000000000000012714228456092026,0.0000000000000000026761346173987176
0.12,0,-0.001421764641203983,-0.000000000000000013788848223408556,0.000000000000000000642302511530639,-0.0000000000000000014595499375502833,-0.0000000000000000020293232499467175
0.12666666666666668,0,-0.0017370604933136437,-0.000000000000000021392651839415848,0.0000000000000000009085865923115201,0.0000000000000000012930516812588153,0.0000000000000000008753526637121936
0.13333333333333333,0,-0.0021058038307314305,-0.000000000000000010229111675757819,-0.0000000000000000033216158142343282,0.0000000000000000009314647626843902,0.000000000000000005913888484035883
0.14,0,-0.0025345406839223,-0.000000000000000024513113296153826,-0.000000000000000003566720425727697,0.000000000000000001544226291417812,0.000000000000000011129792383188123
0.14666666666666667,0,-0.0030303502500105034,-0.00000000000000002384648099156256,-0.000000000000000003912022085770549,0.000000000000000001954040755130786,0.000000000000000009956871457221175
0.15333333333333332,0,-0.0036006401042693184,-0.000000000000000010090081357022906,-0.000000000000000012548861695756343,0.000000000000000003551335452086057,0.0000000000000000036332239522185
0.16,0,-0.004256851548927764,0.000000000000000005805459574658128,-0.000000000000000013325215892266134,0.000000000000000001734723475976807,-0.000000000000000012454914618461205
0.16666666666666666,0,-0.00500952835679237,0.00000000000000000995477710238608,-0.000000000000000002564624434749842,0.000000000000000008290940781949673,-0.00000000000000001044983603796655
0.17333333333333334,0,-0.005868283262290753,0.000000000000000009846632488707858,-0.000000000000000007472921403892827,0.000000000000000009258009842357946,0.0000000000000000013787051426530749
0.18,0,-0.00684554813725406,0.000000000000000018396868081539225,-0.0000000000000000085030729804949,-0.000000000000000002781444241098855,-0.000000000000000003698781188905201
0.18666666666666668,0,-0.007956558296573126,0.000000000000000008005331270399113,-0.0000000000000000023560499373558297,0.000000000000000004545028347340429,-0.000000000000000021214832968728648
0.19333333333333333,0,-0.009217097685093148,0.000000000000000006340127534941371,-0.000000000000000011655362213765236,0.000000000000000011815915084631359,-0.00000000000000003471921382952248
0.2,0,-0.01064267188743301,-0.000000000000000038070929539289886,-0.00000000000000000130162152290419,-0.000000000000000022181773122585348,-0.000000000000000004263113843288023
0.20666666666666667,0,-0.012253323085498419,-0.00000000000000005560717603604153,0.00000000000000002839769474870164,-0.00000000000000003649641035886154,0.000000000000000005184965466973681
0.21333333333333335,0,-0.014070608733516565,-0.00000000000000001620866407244593,0.00000000000000002969726361026252,0.000000000000000001864275676169607,-0.000000000000000000233831963650395
0.22,0,-0.01611738477959506,-0.00000000000000006741244863908652,0.000000000000000016584099270025297,0.00000000000000000970778857996658,-0.0000000000000000637512064044005
0.22666666666666666,0,-0.01841653854372339,-0.0000000000000000043176082788677226,0.00000000000000003250218532772409,0.0000000000000000036033671614663685,0.000000000000000017257954620092902
0.23333333333333334,0,-0.02103496002589452,-0.0000000000000000637529799229247,0.0000000000000000004383664144828349,0.000000000000000012987899526317469,0.000000000000000011001599710192168
0.24,0,-0.023984393358321074,0.00000000000000010386920282425383,0.000000000000000013466210200778743,0.000000000000000013877787807814457,-0.0000000000000000147420345759123
0.24666666666666667,0,-0.02730359696078519,0.00000000000000004688255483485539,0.000000000000000019728782160905335,0.000000000000000023403977412363507,0.00000000000000005539283512467072
0.25333333333333335,0,-0.031031870148693554,0.0000000000000001139090486614233,0.00000000000000003242092224814718,-0.000000000000000007057145993647588,0.00000000000000005152481896270897
0.26,0,-0.035219357988349236,0.00000000000000008674178049679194,-0.0000000000000000034022222261482472,-0.00000000000000002016686124547433,-0.00000000000000004455755552155647
0.26666666666666666,0,-0.0399162804933274,-0.00000000000000005637256179295909,-0.00000000000000007713213680960705,-0.000000000000000007475096481658918,-0.000000000000000096998561657689
0.2733333333333333,0,-0.04516726847761582,-0.000000000000000021893683894724914,-0.00000000000000008624227977364685,-0.00000000000000002027818062022007,0.0000000000000000009569779075801543
0.28,0,-0.051101675563034236,-0.0000000000000001365694117004723,0.00000000000000007717063234954319,0.00000000000000003705968328265362,-0.000000000000000044913313214718797
0.2866666666666667,0,-0.05792236962942211,0.00000000000000029506509452681453,0.00000000000000003316326155552892,-0.000000000000000010223326754070312,-0.0000000000000000485722573273506
0.29333333333333333,0,-0.06560473713925426,0.00000000000000013226516805467577,0.00000000000000001768052002483137,0.00000000000000004069360429067552,-0.00000000000000005617772176138443
0.3,0,-0.07423706002234716,-0.0000000000000001062445091943845,-0.000000000000000011830585171183136,0.00000000000000005283750959933037,-0.00000000000000005545420223168545
0.30666666666666664,0,-0.08390930193271769,-0.00000000000000003001951284409261,-0.00000000000000007015223667710035,-0.00000000000000004009811625218041,-0.00000000000000003236996902462462
0.31333333333333335,0,-0.09507264633395957,0.00000000000000023816458930155786,-0.00000000000000002808414222288066,-0.00000000000000007690769889962263,0.0000000000000000307321726567049
0.32,0,-0.1080524244190499,0.00000000000000001866374387420394,0.00000000000000008467177312398958,-0.00000000000000003263226852574533,0.00000000000000022307350574086676
0.32666666666666666,0,-0.1227800933649602,-0.000000000000000012797264050811749,0.00000000000000016182670862924737,0.000000000000000009171042743288346,0.000000000000000122193536138356
0.3333333333333333,0,-0.13929338997855828,0.00000000000000024690357096597223,0.00000000000000017940216527663434,0.000000000000000027755575615628914,-0.00000000000000030304389998047483
0.34,0,-0.1597159438776804,-0.00000000000000019285495307869028,0.00000000000000016068903659388274,0.000000000000000027755575615628914,-0.000000000000000003633841056449299
0.3466666666666667,0,-0.1838409172397,-0.00000000000000024744851749841245,0.00000000000000011289547411811158,0.000000000000000017815527673667054,-0.00000000000000000680554496066453
0.35333333333333333,0,-0.21075087019880345,-0.000000000000000012318952268326355,0.00000000000000004322745479067867,0.00000000000000000039852284180882536,-0.00000000000000023758085898278605
0.36,0,-0.2615350955552301,-0.0000000000000001281629946430581,-0.00000000000000008941971845671974,-0.00000000000000002621061637603262,-0.00000000000000003972900972250019
0.36666666666666664,0,-0.31287838622003517,-0.000000000000000252225807621675,-0.0000000000000002235416784336029,-0.00000000000000005303500837140925,0.00000000000000016816002824166873
0.37333333333333335,0,-0.39285836939842045,-0.0000000000000003803837456657561,-0.00000000000000019497299718292246,-0.000000000000000018656695236326846,0.00000000000000028767615450280727
0.38,0,-0.47575061708102,-0.0000000000000005089581454699648,-0.00000000000000014985917269021765,0.00000000000000002194574680710748,0.0000000000000003982050245099341
0.38666666666666666,0,-0.5586428647636196,-0.0000000000000006375325452741736,-0.00000000000000010474534819751283,0.00000000000000006254818885054181,0.0000000000000005087338945170609
0.3933333333333333,0,-0.6198681912687422,-0.00000000000000014251394600763975,-0.0000000000000000011491422756815571,-0.000000000000000009666073508355656,0.00000000000000023372303294935985
0.4,0,-0.676703394323693,0.0000000000000004788562574466451,0.00000000000000011429668787429488,-0.00000000000000010473911010245389,-0.0000000000000001194053886858622
0.4066666666666667,0,-0.7261225056784701,-0.00000000000000005518186372321364,0.0000000000000001632110717393207,-0.00000000000000010046689660915397,0.00000000000000018442547243882773
0.41333333333333333,0,-0.773545734329939,-0.000000000000000900173460606132,0.00000000000000019421993767997826,-0.00000000000000006945803066849642,0.0000000000000006650628945190198
0.42,0,-0.8150121155135711,-0.00000000000000007393796270090586,-0.00000000000000005665589335939574,-0.000000000000000010835123749686056,0.00000000000000008059566188123157
0.4266666666666667,0,-0.8549529615479274,0.0000000000000004627419280162792,-0.00000000000000014315317369679177,0.000000000000000015618432349745904,-0.0000000000000003538599048354501
0.43333333333333335,0,-0.8919895328776091,0.00000000000000043615684381116847,0.00000000000000008725088941416865,-0.000000000000000019828346590401852,-0.0000000000000004956470205960411
0.44,0,-0.9262736013315312,0.00000000000000005005189208322925,0.000000000000000038358379598403724,-0.000000000000000013409932975665936,-0.00000000000000003960408693820812
0.44666666666666666,0,-0.9589316452389952,-0.000000000000000237141410719166,-0.0000000000000000869741917171434,-0.000000000000000005243840080980928,0.0000000000000005264542759350332
0.4533333333333333,0,-0.9893852280998586,0.000000000000000011403052691748016,-0.0000000000000002016870209837191,-0.000000000000000024362644958743543,0.0000000000000009279491783680481
0.46,0,-1.0177270433509564,-0.0000000000000006074162199704987,-0.00000000000000018970668437860417,-0.00000000000000007626245643526964,0.0000000000000012417351262608445
0.4666666666666667,0,-1.044611567195622,-0.0000000000000011732183305197143,-0.00000000000000018303361396835286,0.000000000000000020978979734119297,0.0000000000000017290374016140826
0.47333333333333333,0,-1.0699913575924296,-0.0000000000000013601637182378022,-0.00000000000000021243936577941622,0.00000000000000032226101334872997,0.0000000000000024450324770337337
0.48,0,-1.0931592873711744,-0.000000000000000417217550178731,0.00000000000000011554191006721726,-0.00000000000000004671792197873267,0.000000000000001584081627936321
0.4866666666666667,0,-1.1148886142333838,-0.00000000000000016738414084529613,0.0000000000000002784064433078118,-0.00000000000000013835253450238324,0.0000000000000015017784882742906
0.49333333333333335,0,-1.1351908541048916,-0.000000000000000046860114231827455,0.00000000000000021627724692541106,-0.0000000000000000672261797892147,0.0000000000000011894347018104027
0.5,0,-1.1540282006640392,0.00000000000000041739805701122064,-0.0000000000000001166414925338508,0.00000000000000006253513882042677,-0.0000000000000001799006793900177
0.5066666666666667,0,-1.1708182713104105,-0.00000000000000039511801114238307,-0.0000000000000002876975068819779,0.00000000000000027635515675558564,0.0000000000000011030194282209355
0.5133333333333333,0,-1.18607573984152,-0.0000000000000002925851864174866,-0.00000000000000039667440281281687,0.00000000000000014224442111173725,0.0000000000000013478786888747987
0.52,0,-1.1998090718731713,-0.0000000000000005289894114226742,-0.00000000000000028626312311959046,-0.00000000000000015782608673047214,0.000000000000001355669521684166
0.5266666666666666,0,-1.2119564219054784,-0.000000000000001285063250100194,-0.000000000000000047407168006731515,-0.00000000000000042828682051448545,0.0000000000000013644807738915553
0.5333333333333333,0,-1.2222306804409058,-0.0000000000000007133245879444389,-0.000000000000000311286550540157,-0.00000000000000034032702633667697,0.0000000000000006168225233801833
0.54,0,-1.230427180838602,0.0000000000000002259756503368546,0.000000000000000072437394936066,-0.00000000000000025196604692282435,0.0000000000000004740106518478557
0.5466666666666666,0,-1.2367995890096877,0.00000000000000026136514248061723,0.000000000000000045796783025854667,-0.0000000000000002220446049250313,0.000000000000000561587757782847
0.5533333333333333,0,-1.2412589167328276,-0.0000000000000013933545586148074,-0.0000000000000000010206267823992672,-0.00000000000000003870847879150401,0.00000000000000004279098592110108
0.56,0,-1.243719196122997,-0.000000000000003774800986543318,0.0000000000000002072430546906221,0.00000000000000028866225668431933,-0.0000000000000010214243989231478
0.5666666666666667,0,-1.243860907072474,-0.0000000000000010954084960833893,0.00000000000000011792997167529112,0.000000000000000020723007638326435,0.00000000000000018430222178382025
0.5733333333333334,0,-1.2412626674814695,-0.0000000000000027024726728536836,-0.0000000000000001363814593311514,-0.0000000000000003298716823915561,0.0000000000000002363217958573446
0.58,0,-1.2362041154059233,-0.0000000000000031480760354778907,-0.0000000000000002220446049250313,-0.0000000000000003223605175850101,0.00000000000000028290895105755757
0.5866666666666667,0,-1.228527893167088,-0.0000000000000024092635043018603,0.000000000000000013290859949393644,-0.00000000000000018282202744596047,-0.0000000000000002160491773194446
0.5933333333333334,0,-1.218096294120339,-0.0000000000000013322676295501878,0.0000000000000003393791842996045,-0.00000000000000007611896061236296,-0.0000000000000008896635795112217
0.6,0,-1.2045898040581402,-0.0000000000000013322676295501878,-0.00000000000000019471087700626123,0.00000000000000010191105982292564,0.0000000000000008016216146240201
0.6066666666666667,0,-1.1869127004129396,-0.0000000000000010804284610674974,-0.0000000000000010615084998673328,-0.0000000000000005605488134913255,-0.00000000000000007720505948352155
0.6133333333333333,0,-1.1657285334808922,-0.0000000000000022213621061799658,-0.00000000000000035453852233632784,-0.00000000000000022718349442981335,0.0000000000000008030292907980871
0.62,0,-1.140760538850729,-0.0000000000000014028270288439939,0.0000000000000003683883872430226,0.00000000000000007064295971095129,0.0000000000000019466836902660903
0.6266666666666667,0,-1.1117548449881618,0.0000000000000014765307103278964,0.00000000000000019391602552681347,-0.00000000000000015172315642948674,0.0000000000000019946714064993925
0.6333333333333333,0,-1.0777029343674003,-0.000000000000002414977689786525,0.000000000000000020960096632839208,0.00000000000000028066666580544897,0.0000000000000002651121175596498
0.64,0,-1.0375674805415291,-0.0000000000000010119908824023046,0.00000000000000029993423705969635,0.0000000000000002580833481226229,-0.0000000000000011442257970075276
0.6466666666666666,0,-0.9920044259144128,-0.0000000000000007900050188213629,0.00000000000000015309661712484239,0.00000000000000012504707401662455,-0.0000000000000009448654409017386
0.6533333333333333,0,-0.9407409787361413,-0.0000000000000014341347926559282,-0.000000000000000137971970640738,0.00000000000000004203631714214666,0.00000000000000017111102337216114
0.66,0,-0.8826387195129116,-0.0000000000000005286786229539348,0.00000000000000019128481834180505,0.00000000000000020666471163341818,0.0000000000000006238391082231578
0.6666666666666666,0,-0.8145951761027765,-0.00000000000000218783773248468,0.000000000000001239231243128558,0.00000000000000007673222803881321,0.0000000000000013563676049846299
0.6733333333333333,0,-0.7386696795614307,-0.0000000000000031086244689504383,0.0000000000000012918747603296675,0.00000000000000012112051976764577,0.0000000000000006913212701440035
0.68,0,-0.654986468093624,-0.000000000000003218705280554997,0.0000000000000004440892098500626,0.000000000000000310403210880726,-0.0000000000000008706353758387639
0.6866666666666666,0,-0.5561372094267603,-0.000000000000004472183074824287,0.0000000000000004440892098500626,0.000000000000000052334253237048746,0.000000000000001857522176394396
0.6933333333333334,0,-0.44423076125571026,-0.0000000000000032202530703831072,0.0000000000000005230114560914002,0.00000000000000008260277969108307,0.0000000000000023662241965572213
0.7,0,-0.3229505640717216,-0.00000000000000016969221413042778,0.0000000000000006585919385915194,0.00000000000000031986862406629147,0.0000000000000012815803365562687
0.7066666666666667,0,-0.16412167146169562,-0.0000000000000021251500581870862,0.000000000000000769799671272025,-0.00000000000000028892823159403927,0.0000000000000023615697485539137
0.7133333333333334,0,-0.003081042720632754,-0.000000000000004375478131595133,0.0000000000000008795717724138809,-0.0000000000000009475608384451749,0.000000000000003569062861114329
0.72,0,0.15441657086741153,-0.000000000000001721730682508014,-0.00000000000000007528837807183322,-0.000000000000000276600623833672,0.000000000000001104527299681252
0.7266666666666667,0,0.3112821430720164,0.00000000000000036832828684014066,-0.0000000000000006565518979729393,0.0000000000000001510746403161866,-0.0000000000000010505756855059133
0.7333333333333333,0,0.46699198692994853,-0.0000000000000009704995993523862,0.00000000000000038475868017680365,-0.0000000000000006670979568014687,-0.0000000000000010319808537532394
0.74,0,0.6268452091871428,-0.0000000000000012735637118696197,0.0000000000000006661338147750939,-0.000000000000000653362748977853,-0.00000000000000010236959430932309
0.7466666666666667,0,0.7915372675838594,-0.0000000000000001160398002901358,0.0000000000000007856154933478006,-0.00000000000000041421879020688595,0.0000000000000002735886713587019
0.7533333333333333,0,0.9630120691344901,0.000000000000002705934339340607,0.0000000000000011734489582648365,-0.00000000000000033080883832898696,-0.000000000000000941431501872823
0.76,0,1.146486914595418,-0.0000000000000008911266045721753,0.0000000000000024324202886343103,-0.0000000000000002858455765300772,-0.0000000000000008964682400739132
0.7666666666666667,0,1.342886227311284,0.000000000000002891900710669425,-0.0000000000000005551361839354011,-0.000000000000001312450148560646,0.000000000000001814045827133473
0.7733333333333333,0,1.554805567105519,0.00000000000000042178443834719866,-0.0000000000000015024906809915606,-0.0000000000000006605576218993779,0.0000000000000034282852373122
0.78,0,1.7860521957836073,-0.000000000000002199363446709844,-0.0000000000000008071360172116251,0.00000000000000039884535924959134,0.0000000000000030019138148849715
0.7866666666666666,0,2.04128793118224,-0.0000000000000006877675651530678,-0.0000000000000006130713936388981,0.0000000000000007162365284118582,0.000000000000001708091060289313
0.7933333333333333,0,2.2702007115660194,0.0000000000000012914478422585223,-0.0000000000000005653164591354947,0.00000000000000106978827251773,0.0000000000000014582893240996869
0.8,0,2.369406438514803,0.0000000000000027929919234515064,-0.00000000000000010129623404653262,0.0000000000000010332419616185815,0.0000000000000022409070735539546
0.8066666666666666,0,2.398914595502663,0.0000000000000027707871913074607,-0.0000000000000002220446049250313,0.00000000000000044073650018908713,0.0000000000000029770357724608748
0.8133333333333334,0,2.4276540470594337,0.000000000000009923569619595555,-0.0000000000000005736659673634358,0.00000000000000011330355586354413,0.000000000000003957564939069135
0.82,0,2.455849482224533,-0.0000000000000017046460286918443,0.0000000000000006590219988370702,0.00000000000000033158527906712533,0.0000000000000021753062962620068
0.8266666666666667,0,2.483390143018679,-0.0000000000000022346401003700408,-0.00000000000000010017308286579461,-0.0000000000000002796355344316431,0.0000000000000013214184099534668
0.8333333333333334,0,2.510623704762848,-0.0000000000000044751651142060105,-0.0000000000000007636121254569394,0.00000000000000013359562209696588,0.0000000000000023842610970532077
0.84,0,2.537474990772028,-0.0000000000000017408036124246787,-0.00000000000000010340375382489325,-0.00000000000000010848278624997484,0.0000000000000015700051080812792
0.8466666666666667,0,2.564159846669678,-0.00000000000000021571072449559314,0.0000000000000001967090832072787,0.0000000000000002887297443814799,0.00000000000000003650950994294337
0.8533333333333334,0,2.5906076957847577,0.0000000000000003589027687340761,-0.00000000000000013660368288928734,-0.00000000000000014504598272495877,-0.00000000000000042707736971884106
0.86,0,2.617024237113083,-0.000000000000001259471479956946,-0.0000000000000001634272072125588,-0.00000000000000023892831785640876,-0.00000000000000042099300395625573
0.8666666666666667,0,2.6434031951134354,0.00000000000000018527125700427635,-0.00000000000000009829634735543013,-0.00000000000000027119277860274636,-0.000000000000000030937064392400295
0.8733333333333333,0,2.669846409245883,-0.0000000000000001368113047832016,0.00000000000000043119470868971964,0.00000000000000010779867717242991,-0.0000000000000006488550213522436
0.88,0,2.696427670490116,-0.0000000000000004768101751712896,0.0000000000000008358248751861621,-0.0000000000000006268686563896216,-0.000000000000000215614901675614
0.8866666666666667,0,2.723211482673694,-0.0000000000000007600324979148253,-0.0000000000000002675826017255306,0.0000000000000003102979089872973,0.0000000000000009401612090079672
0.8933333333333333,0,2.7502980384927733,-0.0000000000000002385050886888054,-0.00000000000000019502694243967656,-0.00000000000000033601855990864364,-0.000000000000001197804032804817
0.9,0,2.7777013826855903,-0.0000000000000006775394601080528,-0.00000000000000008611813818012646,0.00000000000000035331468581169247,-0.0000000000000007761096804293738
0.9066666666666666,0,2.8055477432203717,-0.0000000000000009134518089621611,-0.0000000000000010428273199263943,-0.0000000000000004609381360247532,0.0000000000000014849607217233249
0.9133333333333333,0,2.833983883327354,-0.0000000000000004335080541966911,-0.0000000000000001095107087977483,0.0000000000000000030231873295347174,0.00000000000000010573172463582989
0.92,0,2.8630130202782955,-0.000000000000000009921109621119261,-0.0000000000000010110119284139639,0.0000000000000008484939812156481,0.00000000000000025487839196874493
0.9266666666666666,0,2.8927822491229054,0.0000000000000006067367549632877,0.0000000000000009570120765677378,-0.0000000000000007521758858596096,0.0000000000000000061990509851292575
0.9333333333333333,0,2.9233875997157104,-0.00000000000000017306330310784345,0.000000000000000053334534759901154,-0.00000000000000036408740771021086,0.0000000000000003296650152495943
0.94,0,2.9548959291398633,0.0000000000000012375287413608455,0.00000000000000040338067416712927,0.0000000000000002679332502948536,-0.0000000000000013862979820565967
0.9466666666666667,0,2.987551734695079,0.000000000000001621560550084792,0.000000000000000869466096933971,-0.0000000000000003768408942404898,-0.0000000000000009335397418832266
0.9533333333333334,0,2.7016758579843403,0.00000000000000215684568715002,-0.0000000000000011542431689163284,-0.00000000000000006797409990592962,0.0000000000000005052597176138911
0.96,0,2.1557008076952435,0.000000000000006057996632066702,0.0000000000000018919462618608907,0.0000000000000005210133367977049,-0.000000000000003605104338091931
0.9666666666666667,0,1.7013925507683623,0.0000000000000023259870063986247,0.0000000000000015805823840736123,-0.0000000000000007696174774413016,-0.0000000000000019655062124829477
0.9733333333333334,0,1.3067449542216427,0.0000000000000036467277943416975,-0.0000000000000003137085261428213,-0.0000000000000008060014293082601,-0.0000000000000012686369044511463
0.98,0,0.9513475474524246,0.0000000000000032885579260269757,0.0000000000000024865003457361938,-0.0000000000000015862017866983054,-0.0000000000000028236398340391377
0.9866666666666667,0,0.6214951744339785,-0.0000000000000012109935154389204,0.0000000000000007000950202768945,0.00000000000000022070330025524725,0.0000000000000003317033349645348
0.9933333333333333,0,0.30710083589432347,0.000000000000001177393692121586,-0.000000000000001139156785102702,0.00000000000000043842201636946565,-0.0000000000000027880622504724036
1,0,-0.00000000000000568295410730002,-0.0000000000000012385925618474403,-0.00000000000000001214306433183765,-0.0000000000000009298117831235686,-0.000000000000001029558382992235
1.0066666666666666,0,-0.3071008358943297,-0.0000000000000004856981068027735,0.0000000000000037645286822138694,-0.0000000000000012305729400998679,-0.0000000000000004449667318787975
1.0133333333333334,0,-0.621495174433998,0.0000000000000020466161077317528,-0.0000000000000011646433179178761,-0.00000000000000027215713584721974,0.00000000000000015884459495712126
1.02,0,-0.951347547452436,-0.000000000000002709879913404363,-0.0000000000000014041981928210778,0.0000000000000015509071349313911,0.0000000000000027997915432444944
1.0266666666666666,0,-1.3067449542216567,-0.0000000000000017763568394002505,0.00000000000000016555061632847173,0.000000000000001251671794295947,0.0000000000000032713972945965686
1.0333333333333334,0,-1.7013925507683831,-0.000000000000003963109188944198,-0.000000000000001595659663666328,0.000000000000000927698733786392,0.0000000000000016493436997927438
1.04,0,-2.1557008076952444,-0.000000000000005966103745321768,-0.000000000000000982151634405175,0.0000000000000006000177917051665,0.0000000000000014301982681361242
1.0466666666666666,0,-2.7016758579843394,-0.000000000000002612911874807324,0.0000000000000013523338182266775,0.00000000000000013011654940445386,-0.0000000000000003961812986206708
1.0533333333333332,0,-2.987551734695091,-0.00000000000000041744021043302537,0.00000000000000024551893368168705,-0.0000000000000002689932624383428,-0.00000000000000006883565093977645
1.06,0,-2.9548959291398758,-0.0000000000000015624539416118119,-0.0000000000000005225446837662071,-0.00000000000000027607495743139736,0.0000000000000012752756795940383
1.0666666666666667,0,-2.923387599715721,-0.0000000000000010326717738185255,0.00000000000000035973417476750136,0.0000000000000006016422627965568,-0.0000000000000005172872277139957
1.0733333333333333,0,-2.892782249122917,-0.00000000000000030494114365761835,-0.0000000000000010820972608952278,0.000000000000000863198188322138,-0.00000000000000007031440932482159
1.08,0,-2.863013020278307,0.000000000000000029763328863365186,0.00000000000000016251794719830094,-0.0000000000000004341681002289409,-0.00000000000000004771545147543194
1.0866666666666667,0,-2.833983883327366,0.0000000000000010479097019024723,-0.0000000000000000030231873295228845,-0.0000000000000000030231873295228845,-0.00000000000000019088794356368916
1.0933333333333333,0,-2.8055477432203837,0.000000000000001878954678775421,-0.0000000000000004777870621994429,-0.000000000000000016848926174690113,-0.00000000000000040196689441333733
1.1,0,-2.7777013826856014,0.0000000000000008928348055583324,-0.00000000000000034447255272048326,-0.000000000000000697787238532218,0.0000000000000001789855358349709
1.1066666666666667,0,-2.750298038492784,-0.000000000000000027017662485364413,-0.000000000000000336018559908605,-0.000000000000000054035324970728826,-0.0000000000000006969542403607414
1.1133333333333333,0,-2.723211482673705,0.0000000000000011158684037026216,0.0000000000000003102979089872973,-0.00000000000000024340225855591464,-0.000000000000000951545708208092
1.12,0,-2.696427670490127,0.0000000000000005616557053768264,-0.0000000000000008227364890576447,0.0000000000000006465012355823498,0.00000000000000005889773757823246
1.1266666666666667,0,-2.6698464092458947,-0.00000000000000003455758684568401,-0.0000000000000005325461352819602,0.00000000000000006357021445647851,0.0000000000000007027543599384656
1.1333333333333333,0,-2.643403195113446,0.0000000000000008012035100513478,-0.0000000000000007403827693168288,0.00000000000000027119277860276786,-0.00000000000000020330680161455425
1.14,0,-2.617024237113094,0.0000000000000013704937824194425,0.00000000000000010480980950008364,0.00000000000000014033100131875258,0.00000000000000006793613715612186
1.1466666666666667,0,-2.590607695784768,0.0000000000000006400434725089859,-0.00000000000000008544092203572907,0.0000000000000002220446049250313,-0.0000000000000003370335763857405
1.1533333333333333,0,-2.564159846669689,0.00000000000000009500820644156803,-0.00000000000000041875368813231114,-0.0000000000000004060859272734354,0.00000000000000010002770918467576
1.16,0,-2.53747499077204,0.0000000000000018594444635246338,0.000000000000000730533272750303,0.000000000000000029660212775047025,-0.0000000000000010962556854560904
1.1666666666666667,0,-2.510623704762859,0.0000000000000043379769760369735,-0.0000000000000003285522434606522,-0.0000000000000004531185377038521,-0.0000000000000022488692169202026
1.1733333333333333,0,-2.4833901430186907,0.0000000000000022738774222062367,0.00000000000000012187152205922956,0.0000000000000002796355344316235,-0.0000000000000013088967745952487
1.18,0,-2.4558494822245445,0.0000000000000016031061474802606,-0.000000000000000664948512118761,-0.0000000000000001068737431653507,-0.0000000000000003585509144987031
1.1866666666666668,0,-2.4276540470594448,-0.000000000000008628106472304323,-0.0000000000000002591535150267289,0.0000000000000005158735627311352,-0.000000000000004714037561776136
1.1933333333333334,0,-2.3989145955026743,-0.000000000000003011013005131816,0.00000000000000035795353560882883,-0.0000000000000003569860110755762,-0.0000000000000032627146085335708
1.2,0,-2.369406438514814,-0.0000000000000025125909080305795,-0.000000000000000019452136831969916,-0.0000000000000007119188975903668,-0.000000000000003028798146679218
1.2066666666666668,0,-2.270200711566028,-0.000000000000002947193488668131,0.0000000000000007672591985621118,-0.0000000000000007872840570236831,-0.0000000000000019982474302515647
1.2133333333333334,0,-2.041287931182254,-0.00000000000000008244718227698715,0.0000000000000002318395253052966,-0.00000000000000040674112409298526,-0.0000000000000016230889909905248
1.22,0,-1.7860521957836184,0.000000000000002502450454123377,0.0000000000000004030200073269185,-0.0000000000000002320379049163701,-0.0000000000000022855394995137388
1.2266666666666666,0,-1.5548055671055288,0.0000000000000016866542146222024,0.0000000000000010121561105335541,0.00000000000000015726766307046537,-0.0000000000000032078391578063804
1.2333333333333334,0,-1.3428862273112896,0.00000000000000026697574192534055,-0.00000000000000007399842055987244,0.00000000000000029606769710761074,-0.0000000000000030491596901703475
1.24,0,-1.1464869145954344,0.0000000000000006625727244406705,-0.000000000000001822534671308548,-0.0000000000000005450411467715798,-0.0000000000000012517337908320018
1.2466666666666666,0,-0.9630120691345045,-0.0000000000000017654434127004826,0.00000000000000033570189503914403,0.0000000000000007139301835979069,0.00000000000000038942526482822215
1.2533333333333334,0,-0.7915372675838677,-0.0000000000000012381640793080428,0.0000000000000012556080380434667,0.000000000000000046789171863545906,-0.0000000000000002382341892035371
1.26,0,-0.626845209187155,-0.0000000000000008422455678168,0.000000000000001658949004039113,-0.00000000000000016972622014308432,-0.0000000000000002772472257580458
1.2666666666666666,0,-0.4669919869299651,-0.0000000000000008470178298739705,0.0000000000000014547852570022477,-0.00000000000000009092407856264048,0.00000000000000007776009985871575
1.2733333333333334,0,-0.3112821430720295,-0.0000000000000015164317729702488,0.00000000000000026471602483108636,-0.000000000000000016544751551942897,0.0000000000000004682515666648781
1.28,0,-0.15441657086742538,0.000000000000001789448139982426,-0.0000000000000008128900416282732,-0.0000000000000009399041106326909,-0.0000000000000009944601295413174
1.2866666666666666,0,0.003081042720621525,0.000000000000005570039404565412,-0.000000000000001784963486686495,-0.0000000000000019248128862628745,-0.0000000000000026761490616417514
1.2933333333333332,0,0.1641216714616818,0.0000000000000015633577128877364,-0.000000000000001894735587828349,-0.00000000000000027823136913506286,-0.0000000000000007002512410883773
1.3,0,0.3229505640717105,-0.000000000000002020586330385587,-0.000000000000002013485196692431,0.000000000000001203223185529078,0.0000000000000009771872712670503
1.3066666666666666,0,0.44423076125569894,0.0000000000000015722964558675685,-0.000000000000002284646161692669,-0.00000000000000011868651884708294,-0.000000000000002412324791235927
1.3133333333333332,0,0.5561372094267473,0.0000000000000032015413906845783,-0.000000000000001887857145481218,-0.0000000000000008881784197001252,-0.0000000000000032298944708232723
1.32,0,0.6549864680936146,0.0000000000000020955315722116387,-0.0000000000000005606453633136909,-0.0000000000000008881784197001252,-0.00000000000000046486992464092315
1.3266666666666667,0,0.7386696795614196,0.000000000000002775538198931586,-0.0000000000000004440892098500626,0.0000000000000003128511101459816,-0.000000000000000893208165721385
1.3333333333333333,0,0.8145951761027641,0.000000000000002529056719063659,-0.0000000000000004440892098500626,0.0000000000000007690040380462093,-0.0000000000000009698275661636878
1.34,0,0.8826387195129012,0.0000000000000011981754871502488,-0.0000000000000003671897433919842,0.0000000000000003023071208043156,-0.000000000000000473167471722691
1.3466666666666667,0,0.9407409787361292,0.0000000000000009512328954133487,0.0000000000000004559522290643495,-0.000000000000000026949668178217873,-0.000000000000001378623641424658
1.3533333333333333,0,0.9920044259144013,0.0000000000000012633196417499963,0.0000000000000002909925927252229,-0.00000000000000011102230246251565,0.00000000000000020335918753456627
1.36,0,1.0375674805415194,0.0000000000000019507384096487582,0,-0.0000000000000001470610456601101,0.0000000000000010332034945449658
1.3666666666666667,0,1.0777029343673885,0.0000000000000023458755805897463,0.00000000000000004192019326567268,-0.00000000000000012772417007726776,-0.00000000000000034469427507288237
1.3733333333333333,0,1.1117548449881498,-0.0000000000000011997209617367265,0.0000000000000003878320510536212,0.0000000000000006505775099456164,-0.0000000000000018148196706716636
1.38,0,1.1407605388507172,0.000000000000001296862589277485,0.0000000000000002977454275320752,0.00000000000000011860909680666634,-0.0000000000000019075688132385523
1.3866666666666667,0,1.1657285334808811,0.0000000000000016886382657458213,0.0000000000000001222161384017325,0.00000000000000007744079464486511,-0.0000000000000005840121590902732
1.3933333333333333,0,1.1869127004129285,0.00000000000000030327234382989,0.0000000000000001083036518731449,0.0000000000000002004059931354866,0.0000000000000006458545282802346
1.4,0,1.204589804058129,0.0000000000000005915564828709483,0.0000000000000004076442392916926,-0.0000000000000005277777843938008,-0.00000000000000024111078559791914
1.4066666666666667,0,1.2180962941203277,0.0000000000000013036765646120884,-0.00000000000000030447584244944745,0.000000000000000006312276912054258,0.0000000000000004710092961432209
1.4133333333333333,0,1.2285278931670767,0.0000000000000018022885569299224,-0.00000000000000030048975988317505,0.00000000000000011102230246251565,-0.0000000000000006817723861581517
1.42,0,1.2362041154059122,0.0000000000000026002969202851368,-0.00000000000000012172869226505548,0.00000000000000021133821512249149,-0.0000000000000007357253484916028
1.4266666666666667,0,1.2412626674814584,0.0000000000000027881358184475355,0.00000000000000005710876372925624,0.00000000000000021884937992903448,-0.0000000000000000444291852949406
1.4333333333333333,0,1.243860907072463,0.0000000000000013663063805559534,0.0000000000000002427676125633572,-0.00000000000000009029929482418977,-0.00000000000000028816705750450755
1.44,0,1.2437191961229856,0.0000000000000032418811238778536,0.00000000000000051070686160934285,0.00000000000000017763995422179594,0.0000000000000002923679820951282
1.4466666666666668,0,1.2412589167328163,0.0000000000000008015758210755048,0.00000000000000010898104889771406,0.0000000000000004451098366324634,-0.0000000000000003921502523572076
1.4533333333333334,0,1.2367995890096766,-0.0000000000000007119305978009465,-0.00000000000000032011441644700665,0.00000000000000029374636983196454,-0.0000000000000007771561172376096
1.46,0,1.2304271808385907,-0.0000000000000005291211157266166,-0.00000000000000043542574432140877,-0.00000000000000008976432599337715,-0.0000000000000008968418852287792
1.4666666666666666,0,1.222230680440895,0.0000000000000004767597451211464,-0.00000000000000008924194561512651,-0.00000000000000032580678843841725,-0.0000000000000013083667544772288
1.4733333333333334,0,1.2119564219054675,0.0000000000000008725788189212754,0.00000000000000017463743691829287,-0.0000000000000002378469942606108,-0.0000000000000023638842846109063
1.48,0,1.1998090718731604,0.0000000000000004427291054721135,0.000000000000000508307728044614,-0.000000000000000007347262585344358,-0.0000000000000010864144506499991
1.4866666666666666,0,1.1860757398415092,0.00000000000000014282605017515204,0.00000000000000042905977958887957,-0.00000000000000007863692568645583,-0.0000000000000007754112300473393
1.4933333333333334,0,1.1708182713103992,0.000000000000000008941151324983922,0.0000000000000002244458037264398,-0.00000000000000033306690738754696,-0.0000000000000012958393803696021
1.5,0,1.154028200664028,-0.0000000000000003759348809583005,0.0000000000000006520858395967559,-0.00000000000000033306690738754696,-0.0000000000000007399073337381912
1.5066666666666666,0,1.1351908541048807,0.000000000000000470583258524479,0.0000000000000003388342653871763,0.000000000000000035145085673860404,-0.0000000000000012739629555984628
1.5133333333333334,0,1.1148886142333725,0.0000000000000004491933327591986,0.00000000000000005806321268582581,0.00000000000000016653345369377348,-0.0000000000000014027199275286635
1.52,0,1.0931592873711633,0.0000000000000002840891816064612,-0.00000000000000011102230246251565,0.00000000000000009996926940764058,-0.000000000000001545273019265813
1.5266666666666666,0,1.0699913575924185,0.0000000000000008170587548572426,-0.00000000000000011102230246251565,-0.00000000000000010501902799650615,-0.0000000000000022012355709590827
1.5333333333333334,0,1.0446115671956107,0.000000000000001261788168992331,-0.0000000000000001890442843758727,0.000000000000000045021661364198425,-0.0000000000000016742921758568138
1.54,0,1.017727043350945,0.0000000000000006785733194132901,-0.000000000000000245217835609862,0.00000000000000004150261040802353,-0.0000000000000010841048563978275
1.5466666666666666,0,0.9893852280998472,-0.00000000000000034446996007929394,-0.00000000000000024362644958743465,-0.000000000000000048725289917486927,-0.000000000000000577777691942879
1.5533333333333332,0,0.9589316452389847,-0.0000000000000000959254966683877,-0.000000000000000052438400809814443,-0.000000000000000010487680161962891,-0.000000000000000549099484626236
1.56,0,0.9262736013315195,-0.0000000000000004032336989342812,-0.00000000000000017432912868366,0.00000000000000004022979892699846,0.00000000000000020972252213254072
1.5666666666666667,0,0.891989532877597,-0.0000000000000007315848243698815,-0.00000000000000034496802495272033,0.00000000000000006741226879643119,0.0000000000000009040791108735734
1.5733333333333333,0,0.8549529615479164,-0.00000000000000040370211917352453,-0.0000000000000002740744670724269,-0.000000000000000003481289083862229,0.00000000000000041668590044655613
1.58,0,0.8150121155135596,0.00000000000000006415218590201459,-0.00000000000000018915765296659355,-0.00000000000000005532036087656831,0.000000000000000018255984348769298
1.5866666666666667,0,0.7735457343299277,0.0000000000000006026301222912109,-0.00000000000000009738633535768565,-0.00000000000000009691996685907277,-0.00000000000000033242780981537377
1.5933333333333333,0,0.7261225056784602,0.00000000000000012974491669619592,-0.00000000000000020591736614998418,0.000000000000000003858847448061571,-0.00000000000000004559579986429907
1.6,0,0.6767033943236825,-0.00000000000000009957432044364225,-0.00000000000000026263214372428234,0.000000000000000045824906535119115,0.00000000000000010408753086606161
1.6066666666666667,0,0.6198681912687319,0.0000000000000005761233324929816,-0.0000000000000001268135200184283,-0.00000000000000013073930428249113,-0.0000000000000002558318219544516
1.6133333333333333,0,0.5586428647636099,0.0000000000000010942738073696234,-0.0000000000000000055168709107226,-0.0000000000000002653944224877919,-0.0000000000000005292686782670216
1.62,0,0.47575061708100935,0.0000000000000008348693165365678,0.000000000000000044108336031253266,-0.00000000000000019321230329946336,-0.0000000000000003758816749918235
1.6266666666666667,0,0.3928583693984116,0.0000000000000005754648257035209,0.00000000000000009373354297322746,-0.00000000000000012103018411113725,-0.0000000000000002224946717166305
1.6333333333333333,0,0.3128783862200266,0.00000000000000032081569412763924,0.0000000000000001332065566434886,-0.00000000000000005241597265644896,-0.00000000000000007336215540749837
1.64,0,0.26153509555522036,0.00000000000000011292665616346536,0.00000000000000007285167465388975,-0.000000000000000018885482662227375,0.00000000000000003393541257401071
1.6466666666666667,0,0.21075087019879146,-0.0000000000000000825340560459658,0.000000000000000013280003545100573,0.000000000000000013877787807814457,0.00000000000000013299929687191037
1.6533333333333333,0,0.18384091723968865,0.000000000000000252743286967297,-0.000000000000000012845503702686136,0.000000000000000013877787807814457,-0.00000000000000011954727319002786
1.66,0,0.15971594387766935,0.0000000000000002392382567980147,-0.00000000000000009603922663297822,0.00000000000000004601127063950825,-0.0000000000000001251023236367952
1.6666666666666667,0,0.1392933899785468,-0.00000000000000023794652461216165,-0.00000000000000025510082043637034,0.0000000000000001208637853705163,0.00000000000000019769914614067699
1.6733333333333333,0,0.12278009336494888,-0.000000000000000003494508135706726,-0.00000000000000015217077111443127,0.000000000000000004100626600116431,-0.000000000000000114769747462921
1.68,0,0.10805242441903885,0.000000000000000018845217561661398,-0.00000000000000008082838039182908,-0.000000000000000039195016968385716,-0.0000000000000001769395948685778
1.6866666666666668,0,0.09507264633394835,-0.00000000000000010483730660678399,-0.000000000000000043701527900624905,-0.000000000000000013877787807814457,0.000000000000000009161592896808043
1.6933333333333334,0,0.08390930193270649,0.00000000000000013179572469820077,0.0000000000000000246591255874818,-0.000000000000000013877787807814457,0.00000000000000018269248252046353
1.7,0,0.07423706002233584,0.00000000000000018496123877142958,0.000000000000000020873630711294062,0.00000000000000002297778234749776,0.000000000000000019282020071241753
1.7066666666666668,0,0.06560473713924277,0.000000000000000026504379060764,0.00000000000000004210324298982839,-0.0000000000000000148175469405845,-0.000000000000000004196114144499462
1.7133333333333334,0,0.057922369629410754,-0.00000000000000008314426314029392,0.00000000000000004652300987832929,-0.00000000000000006573447798532778,0.000000000000000051708678896080625
1.72,0,0.051101675563022815,0.00000000000000016844773651393523,-0.000000000000000039346523353048044,-0.000000000000000015707259864130715,-0.00000000000000005078072370502466
1.7266666666666666,0,0.045167268477604584,-0.00000000000000015551119453729124,-0.000000000000000010677591401612075,-0.000000000000000038642405425279495,-0.00000000000000016545645151076855
1.7333333333333334,0,0.03991628049331603,-0.00000000000000000636145443451236,0.000000000000000008271465446570413,-0.000000000000000016282764505980635,-0.00000000000000004858812713078172
1.74,0,0.03521935798833791,-0.00000000000000004673296823896695,-0.0000000000000000002390150640175728,0.000000000000000017261339590661966,0
1.7466666666666666,0,0.031031870148682316,-0.00000000000000009899749022041961,-0.000000000000000002731306543114368,0.000000000000000025482028344240372,-0.00000000000000004606220587647885
1.7533333333333334,0,0.02730359696077389,-0.00000000000000009736570491103974,0.0000000000000000058509943530909046,0.000000000000000013877787807814457,-0.00000000000000006383112517840443
1.76,0,0.02398439335830973,-0.00000000000000012478052752358954,-0.000000000000000003111420778506702,0.000000000000000012527866222079007,0.000000000000000027660932628013923
1.7666666666666666,0,0.021034960025883204,0.00000000000000005859386258201156,-0.00000000000000002791046805547748,0.000000000000000005752376195244613,0.00000000000000003184459232697679
1.7733333333333334,0,0.018416538543712096,0.00000000000000001792755566765716,-0.0000000000000000021030040521371914,-0.000000000000000006760333624556739,-0.00000000000000007138526368638436
1.78,0,0.016117384779583736,0.000000000000000048538942899832956,-0.000000000000000012651821324999518,-0.000000000000000025653918787946162,0.0000000000000000363125924992012
1.7866666666666666,0,0.014070608733505298,0.0000000000000000563137368691497,0.000000000000000007482375141412957,0.000000000000000017812772009389567,0.00000000000000002009204006171405
1.7933333333333332,0,0.012253323085487126,-0.000000000000000004015956966567328,0.000000000000000028436104670614764,-0.000000000000000003527061834823152,-0.000000000000000006977303825820253
1.8,0,0.010642671887421665,0.000000000000000008102192860355394,0.000000000000000008036407308708484,0.0000000000000000053152916138333605,0.000000000000000019710101180069223
1.8066666666666666,0,0.009217097685081829,0.000000000000000021440192390673886,0.000000000000000005420255424243231,0.000000000000000009432936619716033,0.000000000000000033583256722511536
1.8133333333333332,0,0.007956558296561814,0.000000000000000023933697551142945,0.00000000000000000469381181692187,0.000000000000000013172925582749744,0.0000000000000000132186457272247
1.82,0,0.006845548137242745,0.00000000000000001178143372092142,0.000000000000000006759534876773515,0.00000000000000001341911933391133,0.0000000000000000009820288564641852
1.8266666666666667,0,0.005868283262279437,0.0000000000000000015726698348366275,0.000000000000000005163032421164639,0.00000000000000000006382210208689308,0.000000000000000004555955863369703
1.8333333333333333,0,0.005009528356781047,-0.00000000000000001682191914418069,0.000000000000000007550369580024169,-0.000000000000000007758421067153833,0.000000000000000022497231220320666
1.84,0,0.004256851548916423,-0.000000000000000011782459309611376,0.000000000000000011146083255197284,0.0000000000000000030094602782999495,0.00000000000000002648083881330577
1.8466666666666667,0,0.003600640104257996,0.000000000000000007945854827106207,0.0000000000000000013141033519732991,-0.0000000000000000014815254889817625,-0.000000000000000010356097875898067
1.8533333333333333,0,0.003030350249999192,0.000000000000000019494867173533922,-0.000000000000000006264166650604561,-0.000000000000000006448919984272695,-0.0000000000000000056142078438718156
1.86,0,0.002534540683910968,0.000000000000000018830675025330876,-0.0000000000000000023082399111481706,0.0000000000000000014469528176437884,0.00000000000000001676561879861801
1.8666666666666667,0,0.0021058038307201045,0.000000000000000011497449300428204,-0.0000000000000000008032587132924662,0.0000000000000000010792959004036465,0.000000000000000007279034115714347
1.8733333333333333,0,0.0017370604933023219,0.00000000000000001858539502311319,0.0000000000000000023938708180439917,0.000000000000000007021343612553473,0.000000000000000005302601988024239
1.88,0,0.001421764641192668,-0.00000000000000000025790719565000344,0.0000000000000000024473136979252104,0.0000000000000000014117315115976751,0.000000000000000005633368319491579
1.8866666666666667,0,0.0011530468516913809,0.000000000000000006435572622480105,0.0000000000000000001907733458282359,-0.000000000000000000015409070555254605,0.000000000000000007970362709186449
1.8933333333333333,0,0.0009251680214770123,0.000000000000000007333545683259347,-0.0000000000000000013042476302180185,0.0000000000000000013010426069826053,0.00000000000000001218228302508544
1.9,0,0.0007333271234927798,0.000000000000000002296637379949215,-0.00000000000000000078720306391702355,-0.0000000000000000011230246224720681,0.000000000000000008908158450748914
1.9066666666666667,0,0.0005737906252947633,0.00000000000000002162092504248499,0.00000000000000000016532286333980218,-0.0000000000000000006000583537947133,0.000000000000000006608248177227624
1.9133333333333333,0,0.00044251514318550755,-0.0000000000000000022713466133362495,-0.0000000000000000016749505459582803,0.000000000000000001530002427031741,0.000000000000000005193293220832801
1.92,0,0.0003360523075795049,-0.000000000000000004339803735988302,0.0000000000000000003148097451537409,-0.0000000000000000012974520925022663,-0.0000000000000000004731007950346565
1.9266666666666667,0,0.00024987681079482755,0.000000000000000001915676902353174,0.0000000000000000005652056110983939,0.0000000000000000000101082296243432,0.000000000000000000008142829645341513
1.9333333333333333,0,0.0001814995556176531,-0.000000000000000002187232702022331,-0.0000000000000000005293022490717196,-0.0000000000000000004448182017346509,0.00000000000000000366364282226459
1.94,0,0.00012794622722195212,0.0000000000000000009725779616298833,0.00000000000000000016348070752057884,-0.00000000000000000016504978216012388,0.0000000000000000008787403264331027
1.9466666666666668,0,0.00008674765465870775,0.00000000000000000040269324579143295,0.00000000000000000028683628317157127,0.00000000000000000009037937147689883,0.00000000000000000035223434909380837
1.9533333333333334,0,0.00005601763199005964,-0.0000000000000000001900965753705956,0.00000000000000000018639239779415012,0.000000000000000000012649539191988005,-0.00000000000000000005348771825301057
1.96,0,0.00003389441654208333,0.00000000000000000008340143727679136,-0.00000000000000000029432804573620995,0.00000000000000000023990437801137434,-0.00000000000000000014705724331782478
1.9666666666666666,0,0.000018882073083487416,-0.0000000000000000003097757187214846,0.00000000000000000006654222848707213,-0.000000000000000000023593786439917344,-0.00000000000000000020318063564346262
1.9733333333333334,0,0.000009516199346676024,-0.000000000000000000007467657500665677,0,0.00000000000000000004935705913876852,0.00000000000000000017225166210689613
1.98,0,0.00000400898109944397,0.00000000000000000008803737716846194,-0.0000000000000000000020977382885926826,0.00000000000000000007022853328599975,0.00000000000000000007883568382431169
1.9866666666666666,0,0.0000012308500525909986,0.000000000000000000040377529691771594,-0.000000000000000000001905488964755567,0.0000000000000000000047442425310346,0.000000000000000000002707931351982208
1.9933333333333334,0,0.00000018374786552306728,0.000000000000000000005633059460411999,0.0000000000000000000004646972381797419,0.0000000000000000000025762253260665984,-0.000000000000000000000484012085483518
