# n,energy,berry,bcd_x,bcd_y,qmd_x,qmd_y,stable
0.00000384375,0,-0.0000000000000006571732678498734,0.00000000000000000000000001547406132373413,0.00000000000000000000000000000001232595164407831,-0.00000000000000000000000000000012017802852976352,-0.000000000000000000000000011046222040583523,FmTmd
0.006666666666666667,0,-0.000003923314275257987,-0.000000000000000000009343825241280985,0.0000000000000000000007851335293404227,0.000000000000000000003119363860174745,0.000000000000000000005503067875004584,FmTmd
0.013333333333333334,0,-0.00002982951324055144,-0.00000000000000000010895388195308944,-0.000000000000000000013552527156068805,-0.000000000000000000014656306356781816,0.00000000000000000005695133173024025,FmTmd
0.02,0,-0.00010083873931893635,-0.00000000000000000020655598869789373,0.00000000000000000014104765986414245,0.000000000000000000027358497914704826,0.0000000000000000000431653320173664,FmTmd
0.02666666666666667,0,-0.00024252925683024122,-0.0000000000000000000041734695869761195,0.000000000000000000401358977698344,-0.00000000000000000014151900959116444,0.000000000000000000051080006434043144,FmTmd
0.03333333333333333,0,-0.0004831984051288167,0.0000000000000000013846132154514848,-0.00000000000000000013687853888016808,0.00000000000000000007717985374273731,-0.0000000000000000010694652921367757,FmTmd
0.04,0,-0.0008541493734207431,0.000000000000000007277956311096614,0.0000000000000000016202881464863522,-0.00000000000000000006647103678396682,-0.000000000000000004534582043700098,FmTmd
0.04666666666666667,0,-0.001389879367288745,0.00000000000000000007057364252605822,0.0000000000000000023146711369420515,-0.00000000000000000009558864588017625,-0.0000000000000000005757839610847344,FmTmd
0.05333333333333334,0,-0.002128734048827,0.0000000000000000041228349112873935,0.00000000000000000042794755730924853,-0.00000000000000000043081421315172513,-0.000000000000000003543467299092445,FmTmd
0.06,0,-0.0031127439520530326,-0.0000000000000000004450677841956931,-0.000000000000000002499602977151789,0.00000000000000000000569345760074565,-0.0000000000000000004678416145986756,FmTmd
0.06666666666666667,0,-0.0043887448501547174,0.000000000000000006325653090253624,0.000000000000000004336808689942018,-0.0000000000000000007776484605976643,-0.000000000000000002123547706275639,FmTmd
0.07333333333333333,0,-0.006007734870639282,-0.000000000000000003591096648476783,0.00000000000000001205304235996693,-0.000000000000000004093509296895681,-0.0000000000000000014914240829304703,FmTmd
0.08,0,-0.008026140150940133,-0.0000000000000000053817302628574504,0.000000000000000003469446951953614,0.0000000000000000017975724352889217,0.0000000000000000023773886595540953,FmTmd
0.08666666666666667,0,-0.010505740552266699,0.00000000000000003517097004202388,0.0000000000000000021863119372462255,0.0000000000000000009623512610305414,-0.00000000000000000720050331909237,FmTmd
0.09333333333333334,0,-0.013055488912033121,-0.000000000000000005932846780233564,0.0000000000000000065994004395340376,-0.0000000000000000046535296541111455,0.000000000000000009396077097464225,FmTmd
0.1,0,-0.014918093554596086,-0.00000000000000011392625479441027,-0.000000000000000008496522545631322,0.0000000000000000026906326310915676,0.00000000000000004912115057607154,FmTmd
0.10666666666666667,0,-0.016973903099906654,-0.00000000000000004973067617925505,-0.000000000000000010796417007748908,-0.0000000000000000011555140500245805,0.00000000000000003960903523449045,FmTmd
0.11333333333333333,0,-0.019237022793039772,-0.00000000000000005415908632660857,-0.000000000000000004420843377587718,-0.000000000000000004835766813131445,0.00000000000000004789622487502597,FmTmd
0.12,0,-0.021720403884244215,-0.00000000000000009589887191111856,-0.000000000000000014080839289527037,-0.000000000000000005490199678612009,0.00000000000000006304065160841552,FmTmd
0.12666666666666668,0,-0.02444121248158047,-0.00000000000000005875509672918107,0.00000000000000001504930355540102,-0.000000000000000012120514186434612,0.000000000000000024804236101259468,FmTmd
0.13333333333333333,0,-0.02741260723937339,0.000000000000000027283923504359625,0.000000000000000019873377489183107,-0.000000000000000002054490618145749,0.0000000000000000005555931978035859,FmTmd
0.14,0,-0.03065773832832337,0.000000000000000026267527777604277,0.000000000000000015198720550433775,0.00000000000000000594819434694274,-0.000000000000000006278427532597569,FmTmd
0.14666666666666667,0,-0.03418972227701866,0.000000000000000043623716296281197,0.000000000000000026112137749944705,-0.0000000000000000023190404459746683,0.00000000000000000016434378656842082,FmTmd
0.15333333333333332,0,-0.03803169277643949,0.000000000000000014140419487667566,-0.000000000000000006647080926292662,0.00000000000000002061241262739149,0.0000000000000000034402656541921577,FmTmd
0.16,0,-0.04222919446131983,-0.000000000000000044077198291869995,-0.00000000000000006489388000359168,-0.000000000000000011380532788103012,0.000000000000000019568054201865963,FmTmd
0.16666666666666666,0,-0.04678818234703614,0.0000000000000003853015775247012,-0.00000000000000002184112152103921,0.000000000000000003952643761447946,-0.00000000000000011885503224750047,FmTmd
0.17333333333333334,0,-0.05172925580810435,0.000000000000000252862525565579,0.00000000000000000771215662295376,-0.000000000000000020048536634553044,-0.00000000000000004509257509164121,FmTmd
0.18,0,-0.05708779190957741,-0.00000000000000001197912929516122,0.000000000000000004283919965741731,-0.0000000000000000037709060104471,0.000000000000000006637434845413743,FmTmd
0.18666666666666668,0,-0.06288782946732935,0.00000000000000006589661831356277,-0.00000000000000004145854313955395,-0.00000000000000002622794060773593,-0.00000000000000005313228857747364,FmTmd
0.19333333333333333,0,-0.06916063079927622,0.00000000000000004968052561655246,-0.00000000000000006250837504512304,-0.000000000000000031370847342477506,-0.00000000000000007309170563085787,FmTmd
0.2,0,-0.07594293078144776,-0.00000000000000001894539016346191,-0.000000000000000001910037328403798,-0.000000000000000008517676417529053,-0.000000000000000049122893918111036,FmTmd
0.20666666666666667,0,-0.08327015946090092,0.00000000000000006832026999885193,0.00000000000000008326672684688674,0.000000000000000005604921318013052,-0.000000000000000046169615701236074,FmTmd
0.21333333333333335,0,-0.09117645067711089,0.000000000000000043829625740901806,0.00000000000000007924821431556852,0.000000000000000013784284781914794,-0.0000000000000000318675911728468,FmTmd
0.22,0,-0.09970831277592453,0.00000000000000013437288271271565,0.0000000000000000548063519727892,-0.00000000000000002793177543024607,-0.00000000000000009555871632314679,FmTmd
0.22666666666666666,0,-0.10903018237165854,-0.00000000000000016348206011603076,0.000000000000000007149561120189778,-0.00000000000000003984597314339592,0.00000000000000001166906309520191,FmTmd
0.23333333333333334,0,-0.11911237038855907,-0.00000000000000006786346931699841,0,0.000000000000000008474975076634647,0.00000000000000001773390791561331,FmTmd
0.24,0,-0.12999085718865863,0.0000000000000001507536789602727,0.000000000000000015679187311246396,-0.000000000000000011442392662487075,-0.00000000000000009195672654309871,FmTmd
0.24666666666666667,0,-0.1417304802457743,0.00000000000000016108600895462564,0.00000000000000003884793249197782,-0.000000000000000008356292794396657,-0.00000000000000013742218774954675,FmTmd
0.25333333333333335,0,-0.15439137620714738,0.00000000000000003328016027756335,0.00000000000000005551115123125783,0.00000000000000005420881624621079,-0.00000000000000008012286364119489,FmTmd
0.26,0,-0.16802299952010163,0.00000000000000017658551850172486,0.00000000000000007068558906641,0.00000000000000009082183222338779,-0.00000000000000006306625660775888,FmTmd
0.26666666666666666,0,-0.1829666794201186,-0.0000000000000001378815066693419,0.0000000000000003402287534987529,-0.000000000000000021487819623421744,0.00000000000000004924339523905066,FmTmd
0.2733333333333333,0,-0.19918625882279026,-0.0000000000000003396588198351666,0.0000000000000001705233728301584,-0.00000000000000006889019914702416,0.000000000000000014875267591910686,FmTmd
0.28,0,-0.21671368807147018,-0.000000000000000651762823908664,0.000000000000000005947111299840928,-0.00000000000000007087571686403252,0.00000000000000009144579704644645,FmTmd
0.2866666666666667,0,-0.23561895911999842,-0.0000000000000008225304142179226,-0.000000000000000042757555787735675,-0.00000000000000004913435350949675,0.00000000000000019972581289886753,FmTmd
0.29333333333333333,0,-0.25594090463239405,-0.0000000000000004163336342344337,-0.0000000000000000002195549052048336,-0.00000000000000002808490797343616,0.00000000000000012468053536512527,FmTmd
0.3,0,-0.27860457752269424,-0.0000000000000004163336342344337,-0.00000000000000004254339205311896,-0.00000000000000009157066369530735,0.00000000000000008235669821721116,FmTmd
0.30666666666666664,0,-0.3031417947898488,-0.0000000000000005894702650732479,-0.00000000000000011322336151086258,-0.000000000000000024453987043108556,0.00000000000000009824504417887466,FmTmd
0.31333333333333335,0,-0.32962747175065205,-0.0000000000000014007725292661192,-0.0000000000000001226207354256293,0.00000000000000005551115123125783,0.0000000000000003956951862572192,FmTmd
0.32,0,-0.07235027015693891,0.26111141132335025,-0.4522574662944123,5.350022913613385,-3.088837917194451,TwinTmd
0.32666666666666666,0,-0.08597363840578764,0.2723727856976821,-0.471763472571096,6.38235843234675,-3.684852335388655,TwinTmd
0.3333333333333333,0,-0.12645799806583483,0.4061692307771628,-0.703506628382575,7.76717183624472,-4.484378592379276,TwinTmd
0.34,0,-0.247150510418443,1.2144084223972285,-2.1034196920212125,10.198426809517084,-5.888059080436207,TwinTmd
0.3466666666666667,0,-2.11467205459685,1.8477246060080554,-3.20034235855736,10.241418618303067,-5.91290244025786,TwinTmd
0.35333333333333333,0,-4.211244201007897,-1.1637323226408118,2.015639934833146,5.2772970498978164,-3.0468595570577777,TwinTmd
0.36,0,-0.0454618329278698,-2.6825113797148257,4.646237848892428,8.141524084024324,-4.700533855332594,TwinTmd
0.36666666666666664,0,0.14148483813180426,-0.7088533680889684,1.2277700597948307,2.8959969180136955,-1.672003737511448,TwinTmd
0.37333333333333335,0,0.2112329949509904,-0.30312596351596494,0.5250295027573421,1.052341399247796,-0.6075697410329314,TwinTmd
0.38,0,0.2506606561844503,-0.17402233625283356,0.3014155832468856,-0.04416907137437234,0.025501319448647843,TwinTmd
0.38666666666666666,0,0.28435955367520455,-0.11568008048941054,0.200363854798288,-0.9124389098591669,0.5267970992363445,TwinTmd
0.3933333333333333,0,0.31598804932234315,-0.094270066706964,0.1632805556460422,-1.525267990575435,0.8806137697592566,TwinTmd
0.4,0,0.34739536322600784,-0.08878512746887288,0.15378036672916834,-1.9815378496241671,1.1440411417658034,TwinTmd
0.4066666666666667,0,-1.2128806459986698,-0.00000000000000004265887558020698,-0.00000000000000002132943779010349,0.000000000000000014649305760494715,0.0000000000000007585222246116719,FmTmd
0.41333333333333333,0,1.5187796836558056,0.0000000000000026089664582007464,0.0000000000000010672251699543311,0.00000000000006108928282574967,0.000000000000012721457705171906,One2Tmd
0.42,0,1.6807264797833228,0.000000000000002122870547026463,-0.0000000000000019653819753415658,0.00000000000010430861632131707,0.000000000000044134773833402386,One2Tmd
0.4266666666666667,0,1.8892581997038789,0.000000000000006378007658732615,-0.0000000000000023576609408253595,-0.00000000000000762164849672542,0.00000000000006732281934866664,One2Tmd
0.43333333333333335,0,2.097789919624433,0.000000000000010633144770438731,-0.00000000000000274993990630915,-0.00000000000011955191331476697,0.00000000000009051086486393071,One2Tmd
0.44,0,2.282575038644731,0.00000000000001183305388081652,-0.000000000000003126796779264132,-0.00000000000008176652180617581,0.00000000000006956960122587591,One2Tmd
0.44666666666666666,0,2.4538803425766424,0.0000000000000109485782341343,-0.000000000000002089934859747023,-0.000000000000015263104492893363,0.000000000000021092890547368505,One2Tmd
0.4533333333333333,0,2.6205713412330773,0.000000000000007418319768008536,0.000000000000007185646208112826,-0.00000000000024950613683347343,-0.00000000000005052751650396724,One2Tmd
0.46,0,2.715303171351078,0.0000000000000031714271790242414,-0.0000000000000019845131509771303,-0.0000000000000897139237837777,-0.00000000000003604583252826621,One2Tmd
0.4666666666666667,0,2.8034981627492748,0.000000000000005376723506755644,-0.000000000000010551573039354998,-0.000000000000006570906655319428,-0.0000000000000012724284292996086,One2Tmd
0.47333333333333333,0,2.8914577214869497,0.000000000000014697835048117734,-0.000000000000013194158655176353,0.000000000000014556196476432547,0.000000000000043253749789481725,One2Tmd
0.48,0,2.9868112252070835,0.0000000000000320124089747128,0.000000000000005240263336322868,0.00000000000013791176793356754,0.00000000000007460949560679816,One2Tmd
0.4866666666666667,0,3.0905286630790387,0.000000000000012460965102410801,-0.0000000000000053265630087204295,0.00000000000006045310710146571,0.000000000000029441666294312135,One2Tmd
0.49333333333333335,0,3.201110615391435,0.000000000000007917000833911145,-0.000000000000012046968534326432,0.000000000000017093239710653478,0.00000000000012299125898844145,One2Tmd
0.5,0,3.319276540126474,0.000000000000009960598651637177,-0.00000000000001658176678820124,-0.00000000000001854512246773594,0.00000000000016028987446988766,One2Tmd
0.5066666666666667,0,3.4460623966840394,0.000000000000004916759473697228,-0.000000000000022220349575176402,-0.00000000000006311836447455954,0.000000000000020308396280432184,One2Tmd
0.5133333333333333,0,3.5838586421363217,-0.00000000000000295537832284201,-0.00000000000001828428067690678,0.00000000000003868269021250469,0.00000000000002496011406929628,One2Tmd
0.52,0,3.7364975404789673,-0.000000000000007171240785035809,-0.000000000000020781747581018456,0.000000000000042295359808609605,-0.0000000000000016613898304823632,One2Tmd
0.5266666666666666,0,3.9040425815125936,-0.000000000000022782616119688653,-0.000000000000015544238791886834,0.00000000000004444243758934013,-0.00000000000006740604569146111,One2Tmd
0.5333333333333333,0,4.089155593505991,-0.000000000000021560680521210443,-0.000000000000011610383207431579,0.000000000000027601450495087354,-0.0000000000000608608596850685,One2Tmd
0.54,0,4.294732089381582,0.000000000000006898808103941296,-0.000000000000013621385374717618,-0.000000000000009829332606397202,0.000000000000042525521253413515,One2Tmd
0.5466666666666666,0,4.529646763382376,0.000000000000014338575131399365,-0.000000000000008257832401433893,0.000000000000008856593881171898,-0.0000000000000066115446953793065,One2Tmd
0.5533333333333333,0,4.805142759757937,0.000000000000007321870165621402,-0.0000000000000011797772028057385,-0.00000000000010096089813489683,-0.000000000000016655835056890516,One2Tmd
0.56,0,5.0578056938664036,-0.0000000000000050076375484750434,-0.000000000000001969828815708999,-0.000000000000044368165517479956,0.0000000000000005575261240446541,One2Tmd
0.5666666666666667,0,5.177412813381796,-0.000000000000011817340987731059,-0.000000000000002271754076950273,0.0000000000000687358419322874,0.000000000000012222703767044487,One2Tmd
0.5733333333333334,0,5.051842950585408,-0.000000000000005575600812477634,0.000000000000007966187940883503,0.0000000000000028386831033896778,-0.000000000000004986731334238308,One2Tmd
0.58,0,4.914894928236142,-0.00000000000001628292692013557,0.0000000000000022871314032635167,-0.00000000000003077015218422999,0.000000000000052403706560136155,One2Tmd
0.5866666666666667,0,4.752969356074532,-0.000000000000025673706517746042,0.000000000000039417494973539025,-0.0000000000000562161356100132,0.000000000000020206747939757395,One2Tmd
0.5933333333333334,0,4.548185256232028,0.000000000000011499726853361373,0.00000000000006981195530762077,-0.00000000000005117085718791149,-0.00000000000006024984461679035,One2Tmd
0.6,0,4.318344055788595,-0.000000000017455117510689577,0.0000000000032193886759991398,-0.000000000015873888055788303,0.00000000001074703918353251,One2Tmd
0.6066666666666667,0,4.067830074054932,-0.0000000000721036720431307,0.000000000012991696227047606,-0.00000000006530395830615205,0.00000000004469600661659921,One2Tmd
0.6133333333333333,0,3.809097690453746,-0.000000000016773010015689797,0.000000000003039255128163404,-0.00000000001494968603843428,0.000000000010095888353174657,One2Tmd
0.62,0,3.5231199331979974,-0.00000000000015856093807135463,0.000000000000039965101248026645,0.000000000000024959133321570224,-0.0000000000001352509981118275,One2Tmd
0.6266666666666667,0,3.189689330885183,-0.000000000000025680892434423026,0.000000000000011192232367453722,0.0000000000000042119277149708305,-0.00000000000006460806025457935,One2Tmd
0.6333333333333333,0,2.769858132800948,-0.00000000000001445043560526113,0.000000000000029657032552824207,0.00000000000003066895484624794,-0.00000000000009106508738585645,One2Tmd
0.64,0,2.419991991908992,-0.000000000000009566870098689758,0.000000000000023894913410364987,0.000000000000028573326125711295,-0.000000000000070207808056223,One2Tmd
0.6466666666666666,0,2.1082488656430485,-0.000000000000007947526013582868,0.000000000000006715545351694046,0.000000000000014321990404385228,-0.00000000000002997579489143781,One2Tmd
0.6533333333333333,0,2.128236151265197,0.000000000000022038460414847687,0.00000000000007061403741628666,-0.00000000000015999681460436662,-0.0000000000002369653145101456,Tri2Tmd
0.66,0,2.8876775907667955,-1.56446014489276,-0.0000005205957701726326,-0.0000023556587753219087,1.5755328058317606,UuudddTmd
0.6666666666666666,0,2.984999435911026,-1.1663915543308327,0.00000003039170758701188,-0.000004144779778556492,1.1809521713705622,UuudddTmd
0.6733333333333333,0,3.1053716894016548,-0.5358365954641963,0.000003646184325760628,-0.0000036987798041751885,0.6767085493358456,UuudddTmd
0.68,0,3.2138646408653755,0.29711408685448093,-0.00000046742539885206197,0.000008003081063316596,0.19064140115428183,UuudddTmd
0.6866666666666666,0,3.285944947085123,0.4725794797547713,0.000002171656715069751,-0.000002777910210591575,0.5652704160027919,UuudddTmd
0.6933333333333334,0,3.2308644937238817,-0.492770095114757,-0.000001090305857953192,-0.0000026906991986569225,1.213031857086974,UuudddTmd
0.7,0,2.786238024701088,-0.5797995397923035,-0.000000047027619873024005,0.0000011854388675306951,0.6499674055261851,UuudddTmd
0.7066666666666667,0,2.380385062091177,-0.6709840691161503,0.0000011396374457446418,-0.0000018544502137084659,0.19856526785158035,UuudddTmd
0.7133333333333334,0,2.0472794462444024,-0.8125106020903647,0.0000004292983060110499,-0.000001943999117044252,-0.05175836503577269,UuudddTmd
0.72,0,1.7614757340280431,-0.9575559580283105,-0.00000017861837870240158,-0.00000026335446067477013,-0.1849841720679678,UuudddTmd
0.7266666666666667,0,1.5106910113056227,-1.0869856991043854,0.0000002847590486425402,-0.0000002407273052890699,-0.24095891476651507,UuudddTmd
0.7333333333333333,0,1.2704426518524259,-1.1795766589734622,-0.00000018853095702385016,0.00000012080579813600605,-0.23666835727124194,UuudddTmd
0.74,0,2.8401281868281787,0.000000000000013998377703434324,0.000000000000007160790778398956,-0.00000000000004128333815436053,-0.00000000000003784616120165471,Tri1Tmd
0.7466666666666667,0,2.8551877589815304,0.00000000000001436621290217157,0.000000000000005654237306502781,-0.000000000000035974656010250905,-0.000000000000007391292374238758,Tri1Tmd
0.7533333333333333,0,2.828554945404047,0.000000000000003176200824569367,0.0000000000000057659654496101,-0.00000000000006363095264126095,-0.0000000000000015325051781936344,Tri1Tmd
0.76,0,2.7639164556816374,0.0000000000000012777122309058588,0.0000000000000011199469921490367,-0.0000000000000032409370039370446,-0.000000000000004943325113493969,Tri1Tmd
0.7666666666666667,0,2.6611962610806277,0.00000000000000009483417535428615,0.0000000000000011602049948256961,-0.000000000000024513686834604624,-0.0000000000000021077007973636337,Tri1Tmd
0.7733333333333333,0,1.5485336884578038,-0.0000000000000039164259871997374,-0.0000000000000004065799891730105,-0.0000000000000005089776662505835,0.000000000000003585744842240621,SatoTmd
0.78,0,1.574433709299218,-0.0000000000000007300478165048726,0.0000000000000009184810194358206,-0.0000000000000007683396664567903,0.0000000000000013545809790696609,SatoTmd
0.7866666666666666,0,1.5993412487822267,-0.0000000000000005318452759460028,-0.0000000000000002220446049250313,-0.00000000000000000731300550799502,0.0000000000000002870288180019305,SatoTmd
0.7933333333333333,0,1.623496867873491,0.0000000000000008881784197001252,-0.0000000000000002220446049250313,-0.00000000000000004172498424772844,0.000000000000001766658559932599,SatoTmd
0.8,0,1.6468265654217313,0.0000000000000005995065721338066,-0.00000000000000007770868114187202,0.00000000000000006662724264128727,0.0000000000000022259521155911608,SatoTmd
0.8066666666666666,0,1.669530299849264,0.00000000000000025227746627747927,0,-0.000000000000000017720074540697824,0.000000000000000042492931908888667,SatoTmd
0.8133333333333334,0,1.6916148219421203,0.0000000000000011930053501173715,0.0000000000000013096859492778224,0.00000000000000038293263855071343,0.0000000000000032954012942372035,SatoTmd
0.82,0,1.7133471496773882,0.00000000000000011007792670726972,0.0000000000000003803647808061964,0.0000000000000001303285063267247,0.000000000000004492037256400141,SatoTmd
0.8266666666666667,0,1.734599738288781,0.0000000000000008790902949474699,-0.00000000000000016426142250560966,0.00000000000000021230559339167807,0.0000000000000003234906175493682,SatoTmd
0.8333333333333334,0,1.7555347132148706,0.00000000000000040153864122709253,0.000000000000000008510113724594013,0.00000000000000039070558704995327,0.0000000000000012854620040649208,SatoTmd
0.84,0,1.7760179605677773,0.0000000000000004862936181417683,-0.0000000000000009358941097250823,-0.0000000000000008533162930948519,-0.0000000000000006993915311871202,SatoTmd
0.8466666666666667,0,1.7963140144198317,-0.00000000000000034975105605319283,-0.00000000000000014599740806783493,0.00000000000000020455705212237167,-0.0000000000000002578231146673645,SatoTmd
0.8533333333333334,0,1.8163909116537014,0.0000000000000003908867269510947,-0.0000000000000008172417758348347,-0.0000000000000002598215951899665,-0.0000000000000006851142081190611,SatoTmd
0.86,0,1.836367215622003,-0.00000000000000028724408603478865,0.0000000000000003873998083123448,0.00000000000000026668917597132956,0.0000000000000006976697953834676,SatoTmd
0.8666666666666667,0,1.8562824142180383,-0.0000000000000021151089772867535,-0.0000000000000002220446049250313,0.0000000000000000440706103503872,0.00000000000000015509291281290285,SatoTmd
0.8733333333333333,0,1.8761051003237708,-0.0000000000000006557373964173533,-0.000000000000000010396418357740577,0.00000000000000014078880609382056,0.0000000000000007124249007961294,SatoTmd
0.88,0,1.8958913462418807,-0.0000000000000011524098938970612,-0.0000000000000008162353254388746,0.00000000000000028499481240362565,0.00000000000000030020302132756127,SatoTmd
0.8866666666666667,0,1.9157844586184514,0.0000000000000008754384605988968,0.0000000000000004440892098500626,0.0000000000000006106226635438361,0.0000000000000008080966826285456,SatoTmd
0.8933333333333333,0,1.935778173417501,-0.0000000000000006549718812259459,-0.0000000000000003547937414568783,-0.00000000000000013833010330642095,-0.0000000000000008314732024109379,SatoTmd
0.9,0,1.9559264146304896,0.0000000000000004859142042885979,-0.00000000000000009459891431124865,-0.00000000000000012744569061378266,-0.0000000000000005277391987271332,SatoTmd
0.9066666666666666,0,1.9763304966379402,-0.0000000000000017141169867661922,-0.0000000000000010585349414325948,0.0000000000000003579424045291264,-0.00000000000000010719923442381958,SatoTmd
0.9133333333333333,0,1.9969526948182172,0.0000000000000004763929049798824,0.00000000000000019001299386079202,-0.0000000000000005076082638473802,-0.0000000000000014350099451810633,SatoTmd
0.92,0,2.0179320338908338,-0.0000000000000019456566295341196,0.0000000000000001373947098580967,0.000000000000000565531379570273,0.0000000000000005023666975214161,SatoTmd
0.9266666666666666,0,2.039332754157573,-0.0000000000000016722770279873139,0.0000000000000008164777150749744,0.0000000000000004440892098500626,0.0000000000000005585827578373678,SatoTmd
0.9333333333333333,0,2.0613180494496253,0.000000000000000051730001624015575,0.000000000000001088139173420391,0.00000000000000017205441649496488,-0.000000000000002116986046002282,SatoTmd
0.94,0,2.0838534934170694,0.0000000000000015004559174692785,0.0000000000000004440892098500626,-0.0000000000000011325970160683625,-0.0000000000000008144371084692393,SatoTmd
0.9466666666666667,0,2.1069931645083986,0.0000000000000014228216862520558,-0.00000000000000031018725227710007,-0.000000000000000043830182741054476,0.00000000000000005478772842631806,SatoTmd
0.9533333333333334,0,2.130863028868344,0.0000000000000023031022374437778,0.00000000000000010695204477303586,0.0000000000000005291875526572153,0.0000000000000009842036134902195,SatoTmd
0.96,0,2.1556566649531845,0.000000000000002561646106778521,-0.00000000000000003118774896487747,0.0000000000000002688262283723475,-0.000000000000000005931756155774863,SatoTmd
0.9666666666666667,0,1.9627859409422856,0.00000000000000375988962784604,-0.0000000000000001365893691192208,-0.0000000000000004733382535742355,-0.000000000000003583907097466192,SatoTmd
0.9733333333333334,0,1.5200432820532896,0.0000000000000038395487852476046,0.00000000000000014409177168600137,0.00000000000000005669201647744822,0.0000000000000009792909634910351,SatoTmd
0.98,0,1.112737385630378,0.000000000000007091819577038422,-0.00000000000000015377113560077342,0.0000000000000001005186917972452,-0.0000000000000016071974830401593,SatoTmd
0.9866666666666667,0,0.7296597223166806,0.0000000000000011352238115123635,0.000000000000000033472841403881776,-0.0000000000000001389855664095534,0.000000000000000341331273572813,SatoTmd
0.9933333333333333,0,0.3613463364219943,0.0000000000000011066533934491917,-0.000000000000000414104307971958,0.0000000000000003945566264310451,-0.0000000000000018341388330424295,SatoTmd
1,0,-0.00000000000002017830347256222,-0.00000000000000019168694409543718,-0.00000000000000023418766925686896,0.0000000000000004614364446098307,0.00000000000000021423834928313568,SatoTmd
1.0066666666666666,0,-0.36134633642202857,-0.000000000000002841957216695833,0.0000000000000026476681873864307,0.00000000000000007496676995526901,0.000000000000003002903808953598,SatoTmd
1.0133333333333334,0,-0.7296597223167163,-0.0000000000000020734038049869055,-0.000000000000001804735480010137,-0.0000000000000006055284627498326,-0.00000000000000012183376904478027,SatoTmd
1.02,0,-1.1127373856304124,-0.000000000000008328820320123678,-0.00000000000000007126656722917054,0.0000000000000002407931188278261,0.0000000000000036002915860364264,SatoTmd
1.0266666666666666,0,-1.5200432820533323,-0.000000000000002165272662541542,0.0000000000000004808714676559099,0.00000000000000009111254379090961,-0.0000000000000002708057080365859,SatoTmd
1.0333333333333334,0,-1.9627859409423338,-0.0000000000000027057320476926177,0.0000000000000004192171840437738,-0.0000000000000001190812974478073,0.0000000000000014119557657373206,SatoTmd
1.04,0,-2.1556566649532254,-0.00000000000000255664694116545,-0.0000000000000011626001913288243,-0.0000000000000005083298888652651,0.000000000000000973012138810807,SatoTmd
1.0466666666666666,0,-2.1308630288683843,0.00000000000000018722892313143808,-0.0000000000000006912437228925722,-0.0000000000000006126577923885675,-0.0000000000000005247102691987987,SatoTmd
1.0533333333333332,0,-2.1069931645084394,-0.000000000000000980661603881653,0.0000000000000004436069279801264,-0.0000000000000003997767452390436,-0.0000000000000001986826679446813,SatoTmd
1.06,0,-2.08385349341711,-0.0000000000000011359066845189926,0.0000000000000001027346395753439,0.0000000000000008649837570245731,-0.00000000000000014250462802523967,SatoTmd
1.0666666666666667,0,-2.0613180494496652,-0.000000000000000303420756968318,-0.0000000000000005440695867101638,-0.0000000000000007161240032051446,0.0000000000000008678343816893036,SatoTmd
1.0733333333333333,0,-2.0393327541576145,0.0000000000000013750604729122195,0.0000000000000010205971438436567,-0.00000000000000023996978108133126,-0.0000000000000004475604553747786,SatoTmd
1.08,0,-2.017932033890873,0.0000000000000011636133179189208,0.0000000000000002220446049250313,-0.0000000000000008139483918909208,-0.00000000000000038092452780116023,SatoTmd
1.0866666666666667,0,-1.996952694818257,-0.00000000000000025434830005485107,0.0000000000000006026147607777763,-0.000000000000000332522739256386,0.0000000000000024732978869444717,SatoTmd
1.0933333333333333,0,-1.9763304966379813,0.000000000000001833753969760616,0.0000000000000008537196975717276,-0.00000000000000024692010206655274,0.0000000000000003033997977525874,SatoTmd
1.1,0,-1.955926414630529,-0.0000000000000008189811116761302,0.0000000000000002220446049250313,-0.00000000000000005277391987271038,0.0000000000000006497104266238092,SatoTmd
1.1066666666666667,0,-1.9357781734175405,0.0000000000000015220204998857435,-0.00000000000000053219061218529,-0.000000000000000476977977468526,0.0000000000000005874032469020539,SatoTmd
1.1133333333333333,0,-1.915784458618492,0.00000000000000007243683100775307,0.00000000000000009391382561051196,-0.00000000000000031441163491676425,-0.0000000000000008241130300428656,SatoTmd
1.12,0,-1.8958913462419205,0.0000000000000015543122344752192,0.0000000000000006301622676444584,-0.00000000000000020405883135971354,-0.00000000000000038146909880061877,SatoTmd
1.1266666666666667,0,-1.8761051003238107,0.000000000000001265183706813657,-0.0000000000000002787321093038429,-0.00000000000000011102230246251565,-0.00000000000000043084728860859134,SatoTmd
1.1333333333333333,0,-1.8562824142180792,0.000000000000002286787170382931,0.0000000000000003479606344975129,0.00000000000000022834040640365537,-0.00000000000000010242437683117384,SatoTmd
1.14,0,-1.8363672156220439,-0.00000000000000017857828418523315,0.0000000000000003571565683704663,0.000000000000000033777990861358747,0.000000000000000009917310598477375,SatoTmd
1.1466666666666667,0,-1.8163909116537416,-0.0000000000000014833755906099702,-0.0000000000000004440892098500626,0.0000000000000004197047385213833,0.0000000000000017587605257512363,SatoTmd
1.1533333333333333,0,-1.7963140144198724,-0.0000000000000005262333923538162,-0.0000000000000008820814340535677,0.000000000000000012914813567741643,-0.00000000000000013340173470621384,SatoTmd
1.16,0,-1.776017960567818,-0.0000000000000006422759697626393,0.0000000000000006477872514958108,0.0000000000000008202851664426981,0.0000000000000007241648761762332,SatoTmd
1.1666666666666667,0,-1.7555347132149106,0.0000000000000011102230246251565,0,-0.0000000000000009757979094199811,0.00000000000000019109773666267607,SatoTmd
1.1733333333333333,0,-1.7345997382888216,-0.0000000000000007440459070418796,0.00000000000000015452241097225302,-0.0000000000000007362534833063741,0.0000000000000000723916997194524,SatoTmd
1.18,0,-1.7133471496774286,-0.0000000000000006951163810580463,-0.0000000000000011063524796576587,-0.00000000000000043637138040170747,-0.000000000000003682299012580838,SatoTmd
1.1866666666666668,0,-1.6916148219421603,-0.000000000000000861824541629198,-0.0000000000000008016238964092532,-0.0000000000000004873664714954987,-0.000000000000005077862201800509,SatoTmd
1.1933333333333334,0,-1.6695302998493053,-0.0000000000000010799901632727169,0.0000000000000007067812515854877,0.00000000000000001511643067621979,-0.0000000000000009679569957887783,SatoTmd
1.2,0,-1.6468265654217726,0.0000000000000012099559711302574,-0.0000000000000004440892098500626,-0.00000000000000012210374096308243,-0.000000000000004500610768533808,SatoTmd
1.2066666666666668,0,-1.6234968678735318,0.0000000000000008995680974720567,-0.00000000000000020366304894699615,-0.0000000000000003747918916352784,-0.0000000000000020176992085461978,SatoTmd
1.2133333333333334,0,-1.5993412487822674,-0.00000000000000014004868906283464,-0.000000000000000473341231882039,0.00000000000000001462601101598819,-0.00000000000000027971581249393874,SatoTmd
1.22,0,-1.5744337092992575,0.0000000000000001278280034595284,0.0000000000000002843042055256521,0.00000000000000020606610449259024,-0.0000000000000021069421450940822,SatoTmd
1.2266666666666666,0,-1.5485336884578447,0.0000000000000028169198827679733,-0.00000000000000042265536946315993,-0.00000000000000026549922093865634,-0.0000000000000025779194946930353,SatoTmd
1.2333333333333334,0,-2.6611962610806708,0.0000000000000007520946362207614,-0.000000000000002166736196532932,0.00000000000002314890195900188,0.000000000000013788099103851745,Tri1Tmd
1.24,0,-2.7639164556816795,0.0000000000000014007094669643953,-0.0000000000000010968144621486537,0.00000000000000832394384232321,0.000000000000005103341318323153,Tri1Tmd
1.2466666666666666,0,-2.828554945404087,-0.000000000000003890651512134934,-0.0000000000000065938178473717765,0.00000000000007202038681086032,0.000000000000001387722725541676,Tri1Tmd
1.2533333333333334,0,-2.8551877589815713,-0.0000000000000161790055069934,-0.0000000000000034977225747161007,0.00000000000002705160075874913,0.000000000000016436700059686366,Tri1Tmd
1.26,0,-2.8401281868282187,-0.000000000000014533198273885486,-0.00000000000000583663952559373,0.00000000000004666994891797877,0.00000000000003764991694337171,Tri1Tmd
1.2666666666666666,0,-1.2704426518523921,1.179576658973466,0.00000018853096087274373,-0.00000012080579963180237,0.23666835727125912,UuudddTmd
1.2733333333333334,0,-1.5106910113055996,1.086985699104381,-0.0000002847590446409804,0.0000002407272989296281,0.2409589147665277,UuudddTmd
1.28,0,-1.7614757340280136,0.9575559580283084,0.00000017861838545085103,0.00000026335445634824405,0.1849841720679521,UuudddTmd
1.2866666666666666,0,-2.0472794462443638,0.8125106020903663,-0.0000004292983014064995,0.000001943999119858008,0.051758365035769416,UuudddTmd
1.2933333333333332,0,-2.3803850620911358,0.6709840691161509,-0.000001139637449489063,0.0000018544502365709943,-0.19856526785158674,UuudddTmd
1.3,0,-2.7862380247010603,0.5797995397923038,0.00000004702762236271218,-0.0000011854388745644425,-0.6499674055261879,UuudddTmd
1.3066666666666666,0,-3.2308644937238498,0.4927700951147159,0.0000010903058431794586,0.0000026906991795338328,-1.2130318570869445,UuudddTmd
1.3133333333333332,0,-3.2859449470850874,-0.47257947975477244,-0.0000021716567298706926,0.0000027779102248782503,-0.5652704160028079,UuudddTmd
1.32,0,-3.213864640865336,-0.2971140868544255,0.0000004674253985993842,-0.000008003081047115533,-0.19064140115432082,UuudddTmd
1.3266666666666667,0,-3.1053716894016166,0.5358365954642305,-0.0000036461843115934536,0.0000036987798019669186,-0.676708549335872,UuudddTmd
1.3333333333333333,0,-2.9849994359109893,1.1663915543308507,-0.00000003039170866509678,0.000004144779755951746,-1.1809521713705737,UuudddTmd
1.34,0,-2.8876775907667573,1.5644601448927822,0.0000005205957743264394,0.000002355658745123829,-1.5755328058317826,UuudddTmd
1.3466666666666667,0,-2.128236151265131,-0.000000000000020211950091900404,-0.00000000000006860148154464676,0.000000000000160032160866703,0.00000000000023930504624545354,Tri2Tmd
1.3533333333333333,0,-2.1082488656430804,0.000000000000032481980830429004,0.0000000000000014998782570912045,-0.000000000000020905156170733264,0.0000000000000784542485839009,One2Tmd
1.36,0,-2.419991991909032,0.000000000000025928362483952377,-0.00000000000006854706810134635,0.000000000000046430415893424764,-0.00000000000006779221959222716,One2Tmd
1.3666666666666667,0,-2.7698581328009824,-0.00000000000000257344992416462,-0.00000000000017535138619834065,-0.00000000000010169664737780489,-0.00000000000015623390398599128,One2Tmd
1.3733333333333333,0,-3.1896893308852214,-0.00000000000007422789840470752,-0.0000000000003525583491713756,-0.0000000000007317046059413475,-0.00000000000009450084067967741,One2Tmd
1.38,0,-3.5231199331980383,0.0000000000024465851620104165,-0.00000000000018593731836978566,-0.0000000000007998797554727629,-0.00000000001062309374857497,One2Tmd
1.3866666666666667,0,-3.8090976904268676,-0.00000001584447331722954,-0.000000028605253911704275,-0.000000009652636714120111,-0.000000005876853916334553,One2Tmd
1.3933333333333333,0,-4.067830073937673,-0.00000006903973692081477,-0.0000001246127559479974,-0.000000042047345334588304,-0.00000002553042500472825,One2Tmd
1.4,0,-4.318344055760175,-0.000000016751467201428858,-0.00000003023215809776047,-0.000000010201114077662985,-0.000000006194954391954827,One2Tmd
1.4066666666666667,0,-4.54818525623207,-0.0000000000011518586017258226,0.000000000000042639993734090927,0.00000000000008802510311931602,-0.0000000000007690572905609614,One2Tmd
1.4133333333333333,0,-4.75296935607457,0.00000000000005721604185776944,-0.00000000000003927956614013368,0.00000000000018057858779054887,-0.00000000000006941011981803797,One2Tmd
1.42,0,-4.9148949282361825,0.000000000000022898584618575098,0.000000000000000014571530974098342,0.000000000000051184896560799695,-0.00000000000005504265978851399,One2Tmd
1.4266666666666667,0,-5.0518429505854545,0.000000000000008291517656727363,-0.00000000000000933014114229517,0.0000000000000062608779630921924,0.000000000000007422835753663278,One2Tmd
1.4333333333333333,0,-5.177412813381842,0.000000000000013018061516685798,0.0000000000000011195474286077696,-0.00000000000006641650006691292,-0.000000000000005860847214760867,One2Tmd
1.44,0,-5.057805693866442,0.000000000000005774232888820265,0.0000000000000017397965555666832,0.000000000000027304291300280003,-0.00000000000000164040819076565,One2Tmd
1.4466666666666668,0,-4.805142759757973,-0.000000000000007025292007489729,0.000000000000001106177282416441,0.00000000000008517363520853765,0.00000000000001065751861452324,One2Tmd
1.4533333333333334,0,-4.52964676338242,-0.000000000000014965455524212747,0.000000000000007591698586658792,0.0000000000000022017001072000966,0.000000000000002977982754696541,One2Tmd
1.46,0,-4.29473208938163,-0.000000000000008909831199537654,0.000000000000012955251559942445,-0.000000000000014754048001890165,-0.00000000000006190370643825089,One2Tmd
1.4666666666666666,0,-4.089155593506038,0.000000000000023796838860426232,0.000000000000012726891148043102,-0.000000000000033363254982631665,0.000000000000048162250658962454,One2Tmd
1.4733333333333334,0,-3.9040425815126345,0.000000000000025173436308444483,0.00000000000001467253956257005,-0.00000000000004437540438067248,0.00000000000006139422261220884,One2Tmd
1.48,0,-3.736497540479009,0.000000000000007286372985228073,0.00000000000001788692038965441,-0.000000000000043356346656114294,-0.0000000000000014061218952309695,One2Tmd
1.4866666666666666,0,-3.583858642136368,0.0000000000000033180127114251636,0.00000000000001861585115128201,-0.000000000000023410164497550256,-0.000000000000025940330247783544,One2Tmd
1.4933333333333334,0,-3.446062396684083,-0.000000000000005627598421005967,0.00000000000001521651892095818,0.00000000000006604594682676104,-0.00000000000000787019576027266,One2Tmd
1.5,0,-3.3192765401265203,-0.000000000000007105427357601002,0.000000000000009264520337271901,0.000000000000030813084017195417,-0.00000000000013245833955248127,One2Tmd
1.5066666666666666,0,-3.2011106153914812,-0.000000000000003895958001671519,0.000000000000008587019761308628,-0.000000000000006390503899695624,-0.00000000000010099237338252237,One2Tmd
1.5133333333333334,0,-3.090528663079081,-0.000000000000008299996847337764,0.000000000000005484738445860821,-0.00000000000006104889436401489,-0.000000000000020687620432880512,One2Tmd
1.52,0,-2.986811225207126,-0.00000000000002593170639553535,-0.00000000000000539631631772108,-0.00000000000014775975704096698,-0.00000000000006745923771618332,One2Tmd
1.5266666666666666,0,-2.8914577214869905,-0.000000000000009823122692683254,0.000000000000011659831132357607,-0.000000000000025093322854542466,-0.000000000000047474256865586075,One2Tmd
1.5333333333333334,0,-2.8034981627493134,-0.0000000000000052238052288307425,0.000000000000008641586024384259,0.0000000000000011243424661633505,-0.000000000000011893589638261222,One2Tmd
1.54,0,-2.715303171351117,-0.000000000000005659408343792522,0.0000000000000012681757019064252,0.00000000000008540419570012064,0.00000000000003113901856554936,One2Tmd
1.5466666666666666,0,-2.620571341233116,-0.000000000000009246133693747744,-0.000000000000005366780687220269,0.00000000000024141561680868146,0.00000000000007129568960900758,One2Tmd
1.5533333333333332,0,-2.4538803425766873,-0.000000000000013676261964964228,0.000000000000001739883414522842,0.000000000000024893097552975767,-0.00000000000001767605317125681,One2Tmd
1.56,0,-2.282575038644768,-0.000000000000013369320861516091,0.000000000000003688751893077087,0.00000000000009183769181695264,-0.00000000000007195632661574483,One2Tmd
1.5666666666666667,0,-2.097789919624467,-0.000000000000011160500707135545,0.000000000000003846412225166304,0.00000000000012814143047715488,-0.00000000000009582094826295349,One2Tmd
1.5733333333333333,0,-1.889258199703915,-0.000000000000006905363595429476,0.0000000000000022990896390913708,0.000000000000016647031176318814,-0.00000000000007385332619586147,One2Tmd
1.58,0,-1.680726479783356,-0.0000000000000026502264837232676,0.0000000000000007517670530163853,-0.00000000000009484736812452094,-0.00000000000005188570412876872,One2Tmd
1.5866666666666667,0,-1.5187796836558476,-0.000000000000003703500901183987,-0.0000000000000015080600676004933,-0.00000000000007517819930851067,-0.000000000000007313822496731736,One2Tmd
1.5933333333333333,0,1.2128806459987316,-0.0000000000000006270689994137736,0.0000000000000002842358881858966,-0.00000000000000029400209202622667,-0.0000000000000008466720533787225,FmTmd
1.6,0,-0.34739536322614123,0.08878512746887321,-0.15378036672916812,1.9815378496241738,-1.1440411417658096,TwinTmd
1.6066666666666667,0,-0.3159880493224767,0.09427006670696442,-0.1632805556460425,1.5252679905754278,-0.8806137697592517,TwinTmd
1.6133333333333333,0,-0.28435955367533927,0.115680080489408,-0.20036385479828617,0.9124389098591855,-0.5267970992363519,TwinTmd
1.62,0,-0.2506606561845832,0.17402233625283467,-0.3014155832468948,0.04416907137432646,-0.025501319448615445,TwinTmd
1.6266666666666667,0,-0.21123299495112424,0.3031259635159634,-0.5250295027573431,-1.0523413992478174,0.6075697410329268,TwinTmd
1.6333333333333333,0,-0.1414848381319386,0.7088533680889142,-1.2277700597947914,-2.895996918013572,1.6720037375114036,TwinTmd
1.64,0,0.04546183292773277,2.682511379714786,-4.646237848892431,-8.141524084024546,4.700533855332543,TwinTmd
1.6466666666666667,0,4.211244201007877,1.1637323226407594,-2.0156399348330774,-5.277297049897852,3.0468595570577106,TwinTmd
1.6533333333333333,0,2.114672054596688,-1.8477246060081798,3.2003423585574775,-10.241418618303154,5.91290244025806,TwinTmd
1.66,0,0.24715051041831193,-1.2144084223973632,2.1034196920211454,-10.198426809517153,5.888059080436294,TwinTmd
1.6666666666666667,0,0.12645799806570024,-0.4061692307771718,0.7035066283825302,-7.767171836244684,4.484378592379245,TwinTmd
1.6733333333333333,0,0.0859736384056545,-0.27237278569768164,0.47176347257109136,-6.382358432346702,3.6848523353886593,TwinTmd
1.68,0,0.07235027015680602,-0.26111141132335086,0.4522574662944036,-5.350022913613371,3.088837917194412,TwinTmd
1.6866666666666668,0,0.32962747175071255,0.0000000000000009892766678253949,-0.00000000000000009030645012059941,0.000000000000000021956359134071975,-0.00000000000000042055115363206834,FmTmd
1.6933333333333334,0,0.3031417947899097,0.0000000000000003775727633770651,-0.00000000000000008876937446775658,0.000000000000000026655046091454944,-0.00000000000000007880402437237094,FmTmd
1.7,0,0.2786045775227553,0.000000000000000536456222993715,0.00000000000000004254339205311994,0.00000000000000006847891040939572,-0.000000000000000007393908218745511,FmTmd
1.7066666666666668,0,0.2559409046324544,0.00000000000000011321785151456047,0.0000000000000000002195549052044836,0.00000000000000011080274755731117,0.000000000000000013768010355212215,FmTmd
1.7133333333333334,0,0.2356189591200588,0.0000000000000005385978603398752,0.00000000000000004275755578773595,-0.00000000000000006000792068842816,-0.00000000000000010370549060845942,FmTmd
1.72,0,0.21671368807153069,0.0000000000000003895716333851495,0.00000000000000002478201996570845,-0.00000000000000003419947429864221,-0.0000000000000000926841811798205,FmTmd
1.7266666666666666,0,0.19918625882285093,0.00000000000000020487086089340603,-0.00000000000000001916870359981628,0.000000000000000008586872015812634,-0.00000000000000003155027173148748,FmTmd
1.7333333333333334,0,0.18296667942017872,0.0000000000000002533811035962598,-0.00000000000000005551115123125783,-0.000000000000000027755575615628914,0.000000000000000011863233427812015,FmTmd
1.74,0,0.16802299952016186,0.0000000000000001186095213800895,-0.00000000000000005551115123125783,-0.000000000000000027755575615628914,0.0000000000000000006322682431311537,FmTmd
1.7466666666666666,0,0.1543913762072081,0.00000000000000007882052865614844,-0.00000000000000007697900043550263,-0.000000000000000006287726411384103,0.00000000000000009123835911804045,FmTmd
1.7533333333333334,0,0.14173048024583473,-0.00000000000000015556451394120966,-0.0000000000000000666035081076066,0.000000000000000016663218739280143,0.0000000000000001429560244753431,FmTmd
1.76,0,0.1299908571887192,-0.00000000000000023285300194562394,-0.000000000000000007205598013728428,0.000000000000000009640993159055388,0.00000000000000013846088025719713,FmTmd
1.7666666666666666,0,0.11911237038861969,-0.000000000000000042374875383177866,0.00000000000000004008667080006316,-0.000000000000000006165547592217121,0.00000000000000007053304133062965,FmTmd
1.7733333333333334,0,0.10903018237171878,0.0000000000000001670568406761182,-0.000000000000000003574780560095534,0.00000000000000001745256836790999,-0.000000000000000017714261859082357,FmTmd
1.78,0,0.09970831277598496,-0.00000000000000010696970672632225,-0.000000000000000027403175986394706,0.00000000000000004128096379420916,0.00000000000000009547061641583872,FmTmd
1.7866666666666666,0,0.09117645067717159,-0.00000000000000007541670783605054,-0.00000000000000012270382795286922,-0.000000000000000005840762745176778,0.000000000000000019999059630693462,FmTmd
1.7933333333333332,0,0.08327015946096168,-0.00000000000000006938893903907228,-0.0000000000000000677896629075073,-0.000000000000000008807201009911795,0.000000000000000027221241095517874,FmTmd
1.8,0,0.07594293078150832,0.000000000000000032823177971274765,0.0000000000000000009550186642012366,0.0000000000000000015787825136216924,0.00000000000000003043563131077168,FmTmd
1.8066666666666666,0,0.06916063079933676,-0.00000000000000004629857352953267,0.00000000000000003475279942949398,0.000000000000000020933341531637362,0.00000000000000005924308277802171,FmTmd
1.8133333333333332,0,0.06288782946738984,-0.00000000000000006166335385766407,0.00000000000000004163336342344337,0.000000000000000020729271569777133,0.000000000000000053896106081420545,FmTmd
1.82,0,0.05708779190963778,0.000000000000000019944051109652063,0.00000000000000002878160352621748,0.000000000000000006425879948612942,0.000000000000000004283919965741961,FmTmd
1.8266666666666667,0,0.05172925580816481,-0.00000000000000027213779948108584,0.000000000000000003082815592430366,0.000000000000000016192458323076138,0.000000000000000043935239834010525,FmTmd
1.8333333333333333,0,0.04678818234709672,-0.00000000000000039519769847591424,0.00000000000000001985028809273217,0.0000000000000000014931250712294282,0.00000000000000012430080108018161,FmTmd
1.84,0,0.04222919446138032,0.00000000000000005695608409180016,0.00000000000000005201499420366198,0.000000000000000008160811338120657,-0.000000000000000022038599145935115,FmTmd
1.8466666666666667,0,0.03803169277650001,-0.000000000000000014023694296621537,0.000000000000000006763806117338732,-0.000000000000000020641593925153188,0.000000000000000006968075201668644,FmTmd
1.8533333333333333,0,0.034189722277079164,-0.00000000000000003040330363474028,-0.000000000000000012891725088403755,-0.0000000000000000009860627194107018,0.000000000000000010243997069292393,FmTmd
1.86,0,0.030657738328383824,-0.00000000000000003436423633388133,-0.000000000000000020156215340412063,0,0.000000000000000010408340855860843,FmTmd
1.8666666666666667,0,0.0274126072394339,-0.000000000000000019705495316114713,0.0000000000000000031656770137526024,-0.000000000000000008993384522052859,-0.0000000000000000015828385068763012,FmTmd
1.8733333333333333,0,0.024441212481640932,0.00000000000000004321023588159916,0.000000000000000018473650216548605,-0.000000000000000007524651777700498,-0.000000000000000017887892342755336,FmTmd
1.88,0,0.02172040388430474,0.00000000000000007787805290913051,0.000000000000000032000132550658025,-0.000000000000000006938893903907228,-0.000000000000000041785652034727315,FmTmd
1.8866666666666667,0,0.01923702279310028,0.00000000000000005320768990097508,-0.000000000000000011760405760509152,-0.000000000000000008305213765085031,-0.00000000000000003180801537841796,FmTmd
1.8933333333333333,0,0.016973903099967158,0.00000000000000003835504974555404,-0.000000000000000018887920159800945,-0.00000000000000000462496100197827,-0.00000000000000003652766443442474,FmTmd
1.9,0,0.014918093554656568,0.0000000000000000996590598261644,-0.0000000000000000012034389732187627,0.0000000000000000019118183102294886,-0.000000000000000049121150576071475,FmTmd
1.9066666666666667,0,0.013055488912093578,0.000000000000000017777818224956652,-0.000000000000000004653529654111216,0.0000000000000000048232763862977525,-0.000000000000000008719162380291787,FmTmd
1.9133333333333333,0,0.010505740552327194,0.000000000000000007960419503429285,0.000000000000000007200503319092506,-0.00000000000000000109315596862314,0.000000000000000007200503319092506,FmTmd
1.92,0,0.008026140151000654,0.0000000000000000023302519400697434,0.000000000000000007482560451698163,0.000000000000000000240408794239258,-0.0000000000000000028582062480325736,FmTmd
1.9266666666666667,0,0.006007734870699739,-0.000000000000000007594583973501523,0,0.0000000000000000008673617379884035,0.0000000000000000014835171517673788,FmTmd
1.9333333333333333,0,0.004388744850215185,-0.0000000000000000050247438731489285,-0.0000000000000000011065971443637276,0.000000000000000001794532327570638,0.0000000000000000039105705799275814,FmTmd
1.94,0,0.0031127439521135124,-0.0000000000000000030813137437653485,-0.000000000000000001700562730372355,0.00000000000000000041090703859123376,0.0000000000000000017973515095849693,FmTmd
1.9466666666666668,0,0.0021287340488874446,0.0000000000000000014204167428350118,0.0000000000000000012838426719276592,0.0000000000000000004193475897817467,0.0000000000000000015264830090071793,FmTmd
1.9533333333333334,0,0.0013898793673492037,0.0000000000000000007518775956728698,-0.000000000000000002091414916760653,0.00000000000000000107457849395921,-0.0000000000000000009991930121699032,FmTmd
1.96,0,0.0008541493734812198,-0.000000000000000004844516535246271,0.00000000000000000013294207356792434,0.000000000000000001064846712151658,0.000000000000000002552135109151138,FmTmd
1.9666666666666666,0,0.00048319840518929434,-0.00000000000000000143698121403227,0.00000000000000000018924653746091666,-0.000000000000000000019755490946579997,0.0000000000000000011204611465892458,FmTmd
1.9733333333333334,0,0.00024252925689071078,0.00000000000000000004430936735681581,-0.0000000000000000002408153866190019,0.0000000000000000000802717955396673,-0.00000000000000000011128385308878907,FmTmd
1.98,0,0.00010083873937940645,0.0000000000000000001956379338922647,-0.00000000000000000011946499385545765,-0.00000000000000000005998594053029404,-0.00000000000000000005678122007407812,FmTmd
1.9866666666666666,0,0.00002982951330102245,0.00000000000000000011957514783780052,0.000000000000000000003845002306677959,0.000000000000000000017587567628138662,-0.00000000000000000007050385888630858,FmTmd
1.9933333333333334,0,0.00000392331433572858,0.000000000000000000010252757606448483,-0.000000000000000000002086632659178764,-0.0000000000000000000029849798957538762,-0.000000000000000000002861181059925929,FmTmd
0,0,0,0,0,0,0,None
0,0,0,0,0,0,0,None
0,0,0,0,0,0,0,None
0,0,0,0,0,0,0,None
0,0,0,0,0,0,0,None
0,0,0,0,0,0,0,None
0,0,0,0,0,0,0,None
