# n,energy,berry,bcd_x,bcd_y,qmd_x,qmd_y
0.000001255952380952381,0,0.00000009828372158947162,-0.0000000000056240145742149836,-0.000000004560098514136919,-0.0000000029800968934379265,0.0000000000042742599263533236
0.006666666666666667,0,0.0005433344750409352,0.00000000000000003019296211241225,-0.00000000000000002928999629798618,-0.000000000000000017980207168693927,0.00000000000000001990549770558751
0.013333333333333334,0,0.0011396734673663964,-0.000000000000000007084933600880791,-0.00000000000000001078326382518018,-0.000000000000000008308233120045596,-0.000000000000000008713131425673963
0.02,0,0.0018091365352997622,0.000000000000000006647183513156147,0.00000000000000002739064766558135,0.000000000000000011179693568285071,0.0000000000000000056365143334200874
0.02666666666666667,0,0.00220459371772354,0.000000000000000022441519730854404,0.0000000000000000399801764690717,0.000000000000000007853770295755239,0.00000000000000002395079936063646
0.03333333333333333,0,0.0022994253953706567,0.000000000000000034399379596295646,0.00000000000000006362281307095632,-0.00000000000000004400455422926418,0.00000000000000001625789384316819
0.04,0,0.002402992168552998,-0.0000000000000001100725189641651,-0.00000000000000012241856679698919,0.000000000000000051157426284822265,0.00000000000000007301709928884838
0.04666666666666667,0,0.0025329583941491305,-0.000000000000000004495387409053224,-0.000000000000000003885042904536128,0.000000000000000027297781524752463,0.0000000000000000008814039757606295
0.05333333333333334,0,0.002688770799291888,0.00000000000000002653727502909777,-0.0000000000000000005909611339948163,0.0000000000000000047704895589362195,-0.0000000000000000010951612466441343
0.06,0,0.00287238905300896,0.0000000000000000005461611746381751,-0.00000000000000008320906827062399,0.000000000000000047129775927500176,0.00000000000000004110576265289856
0.06666666666666667,0,0.0030858559639087377,0.00000000000000001566416030168642,-0.00000000000000005784277465359132,0.00000000000000008899937069747982,0.000000000000000024857050069793402
0.07333333333333333,0,0.003331342517604302,0.00000000000000004141401214945094,0.0000000000000000869908079207117,0.00000000000000005601757721536131,0.00000000000000008209387757582155
0.08,0,0.0036111557869331953,0.000000000000000016667437380250237,0.00000000000000009426377177837237,0.00000000000000003578693044506225,0.000000000000000024650172518652256
0.08666666666666667,0,0.003927736485262394,-0.000000000000000011816871066794083,-0.000000000000000009797104337669473,0.000000000000000035422620759214016,-0.00000000000000004170502182607713
0.09333333333333334,0,0.004283748309650268,0.000000000000000040605136082050055,0.0000000000000001312768888908323,0.00000000000000004753352436579664,0.00000000000000008189388840133795
0.1,0,0.004682037770633229,-0.000000000000000052932016146895496,0.00000000000000003196668561352408,-0.0000000000000000011032833620904896,-0.00000000000000013894099171244024
0.10666666666666667,0,0.005125914103600067,-0.00000000000000008572690141062863,-0.0000000000000003122489868560443,-0.0000000000000004468980220925924,-0.0000000000000002583698081023547
0.11333333333333333,0,0.005618839922764981,-0.00000000000000014816217652516275,-0.00000000000000009012495347471059,0.00000000000000006068429578377157,-0.00000000000000008328844495967842
0.12,0,0.006166933092992351,-0.00000000000000006292675958792875,-0.000000000000000033332253657907205,0.00000000000000002546257334735997,-0.00000000000000009105825202862211
0.12666666666666668,0,0.0067726199325207565,-0.00000000000000009866706909339565,0.0000000000000002233082223268114,-0.00000000000000034544569108192742,0.000000000000000019379813163871084
0.13333333333333333,0,0.0074413269787374356,0.00000000000000010711906330349373,0.0000000000000000010293101181573591,0.0000000000000002824324670055104,0.00000000000000017693823173126308
0.14,0,0.00817958647347526,0.00000000000000007764808419944903,0.00000000000000005342659985282223,0.0000000000000004911855738357248,0.0000000000000004982656937885338
0.14666666666666667,0,0.008995105421374975,-0.00000000000000023369578178902126,-0.0000000000000001472702622305838,0.00000000000000016959602372127741,-0.00000000000000009655281315360215
0.15333333333333332,0,0.00989776064997343,0.00000000000000009699693338917843,-0.00000000000000008939948934047985,0.00000000000000023438206536162523,0.0000000000000005003060100509378
0.16,0,0.01089970842237903,0.00000000000000015454896691995181,0.000000000000000036597400215727985,0.00000000000000008695703229288181,-0.0000000000000000296765181631454
0.16666666666666666,0,0.012016914024987394,0.00000000000000015612511283791264,0.0000000000000000416998211835204,-0.00000000000000007296675189603171,0.0000000000000009919756623296
0.17333333333333334,0,0.013269862848170317,0.00000000000000014372523936896836,-0.00000000000000016497851061615144,0.00000000000000007570585571193069,0.00000000000000012185861187228718
0.18,0,0.014688627596877836,-0.00000000000000020783178036694362,-0.0000000000000006127162244307563,0.0000000000000002548009412377726,0.000000000000000035627644767252165
0.18666666666666668,0,0.016323658051027264,0.00000000000000061824530594148,0.00000000000000021880346232861543,0.0000000000000013265082857864216,0.0000000000000011044636808613903
0.19333333333333333,0,0.018228415949502353,0.0000000000000011852368757420488,0.00000000000000019327497412604869,0.000000000000001461857127182289,-0.000000000000003949475628461832
0.2,0,0.02049212996564465,0.00000000000000032737241606100943,0.000000000000000661841371043163,0.000000000000002368256203592177,0.0000000000000016466235739611405
0.20666666666666667,0,0.023250119489143684,-0.0000000000000009131693022644252,0.0000000000000004531568344867981,0.00000000000000243525875729611,-0.0000000000000031095078440597416
0.21333333333333335,0,0.026718611885145113,0.0000000000000001373961107848122,0.0000000000000003460679671604569,0.0000000000000042340291552012456,-0.0000000000000017336084096473765
0.22,0,0.031258434080014906,0.0000000000000010325050420289424,-0.0000000000000006806319930943258,0.000000000000003862583500877277,0.000000000000001732921576253886
0.22666666666666666,0,0.0375100800443769,0.00000000000000033761430139839055,-0.0000000000000017941542282617756,-0.0000000000000008778891830885371,0.000000000000007792873293491652
0.23333333333333334,0,0.04681240584420567,-0.0000000000000004697935170778979,-0.0000000000000014482106262184738,-0.000000000000004031500547983538,0.00000000000003075596831130175
0.24,0,0.06259982068665049,0.0000000000000015823709832606977,-0.0000000000000009875206363465444,0.000000000000013390957250809437,0.00000000000009474999599532978
0.24666666666666667,0,0.0804085907572674,0.0000000000000006528984642594319,-0.0000000000000030082531133992286,-0.0000000000002039645063272442,0.000000000000043717874066576724
0.25333333333333335,0,0.09261622519520767,-0.0000000000000019235042278316752,-0.0000000000000007586590950930786,-0.000000000000279300909808223,-0.000000000000026188993215584242
0.26,0,0.09678828379571992,-0.000000000000004957070565558933,0.000000000000006766514541060427,-0.00000000000010272927062596293,0.00000000000004035257289558945
0.26666666666666666,0,0.09525082884656136,0.00000000000003480081057743875,-0.000000000000055554679851321395,0.0000000000001048021531005303,0.0000000000001414702834777849
0.2733333333333333,0,0.08797239703261651,0.0000000000001536312957126292,-0.00000000000025152995714112107,0.000000000000055132182590409104,-0.00000000000009270075176297718
0.28,0,0.07405030917582629,0.0000000000001503896139503924,-0.00000000000024152107439344435,-0.000000000000027206021897062924,-0.000000000000001226892169147116
0.2866666666666667,0,0.051462133761743925,-0.0000000000000005710603798453227,0.000000000000005597894973406107,-0.000000000000027764261357046993,-0.00000000000017072123317037333
0.29333333333333333,0,0.018843956247485097,-0.00000000000000006224295352414162,0.000000000000005051448154674572,0.000000000000040641206179770964,0.00000000000003519439446610784
0.3,0,-0.011630105689041161,-0.0000000000000009865430697636731,0.000000000000007455307813369374,-0.00000000000009947405311190425,0.00000000000009307348250740748
0.30666666666666664,0,-0.05106888318979719,-0.0000000000000001981128984950908,0.000000000000003507345521342212,0.00000000000020671917051492575,0.00000000000011797279284970834
0.31333333333333335,0,-0.08834990043630812,0.000000000000001164802311851452,0.000000000000008921736764913585,-0.000000000000038028880021163715,0.000000000000014181035067043206
0.32,0,-0.12017635240392956,-0.0000000000000008894858257829042,0.000000000000009106784494172536,-0.00000000000010270719357145582,-0.00000000000004777254131938025
0.32666666666666666,0,-0.14786279006227315,-0.00000000000000011094392204654517,0.000000000000006326888363999945,-0.000000000000016155567929473567,0.0000000000000261664025686766
0.3333333333333333,0,-0.1726474183901598,0.0000000000000030448148257401328,0.000000000000007750034642327108,-0.00000000000007769268289305948,-0.0000000000000012885468072367384
0.34,0,-0.18769850092817694,0.0000000000000048556703454803494,-0.000000000000008246683786609932,0.000000000000037731684067922104,0.000000000000056129719818480666
0.3466666666666667,0,-0.17049458710735593,0.000000000000013435132940154216,-0.000000000000042262534205842795,-0.00000000000010404945100316488,-0.00000000000003739435704416173
0.35333333333333333,0,-0.14055889579648526,-0.000000000000004501587818937461,-0.000000000000010676809360017496,-0.00000000000008739982936611204,-0.00000000000008762350714822546
0.36,0,-0.11296826124206538,-0.000000000000008423700247941958,-0.0000000000000035620188593340835,-0.000000000000019169661788580272,-0.00000000000020110104901401515
0.36666666666666664,0,-0.08657863823768874,-0.000000000000004559805172829336,-0.000000000000006412436622394589,-0.00000000000007052522914402842,-0.00000000000011418240325434693
0.37333333333333335,0,-0.061091315431576025,-0.000000000000003277107021045212,-0.000000000000007290693559927655,-0.00000000000007685725198852411,-0.0000000000000354737842081829
0.38,0,-0.03635833486053003,-0.000000000000005278552910062607,-0.0000000000000053987252476113396,-0.0000000000000813622061078502,-0.000000000000011181948902330906
0.38666666666666666,0,-0.012469901313496831,-0.000000000000001971085454873968,-0.00000000000001091969101515961,-0.0000000000003915177941158952,0.000000000000041164985782571213
0.3933333333333333,0,0.010322218406023589,-0.0000000000000060766204122774174,-0.000000000000010996233490428437,-0.0000000000001287359574439091,-0.00000000000007844715837374281
0.4,0,0.03200904242691213,-0.000000000000012673707739777787,-0.000000000000011266383320588938,0.00000000000006435896152666055,-0.0000000000001205649629055371
0.4066666666666667,0,0.052534659336988115,-0.000000000000020626474628841067,-0.000000000000013179255693183833,0.00000000000002028638206207413,-0.000000000000017728944154835452
0.41333333333333333,0,0.06928443406574829,-0.000000000000034602496340040775,-0.000000000000039155081370416456,-0.0000000000002877230135377673,-0.0000000000008542932671453794
0.42,0,0.08154168574731786,0.000000000000047772364461792735,-0.00000000000018823000179469814,-0.00000000000032152149022607966,-0.000000000000932258216667525
0.4266666666666667,0,0.08894422185320394,0.00000000000023590964426902817,-0.0000000000004718283559354531,-0.00000000000004966188710196501,-0.00000000000016067328497916652
0.43333333333333335,0,0.06004277072220855,0.000000000007252532158972159,-0.000000000006411794312508672,-0.0000000000004383669647920935,-0.00000000000043337663609029995
0.44,0,0.025004189075455787,-0.0000000012764630986835275,-0.0000000012535137464358677,0.00000000004492675248608791,-0.000000000014304241863184874
0.44666666666666666,0,-0.01843211216942533,-0.000000007479244960868839,-0.000000007225723686162997,0.000000000264835395777077,-0.00000000007953808300630124
0.4533333333333333,0,-0.060462866586132,-0.000000006651406286276562,-0.000000006420190568068459,0.00000000023548325876421775,-0.0000000000706580921793637
0.46,0,-0.10148214136095367,-0.000000000764092252895994,-0.0000000007371613868789753,0.000000000026754526291167653,-0.000000000008443249238542791
0.4666666666666667,0,-0.13707637020644653,0.00000000000014875786011873568,0.0000000000004005448486685787,-0.0000000000003446132268436486,-0.00000000000012256717564886895
0.47333333333333333,0,-0.17186118207236778,0.00000000000002715378932478235,0.00000000000009864726025293824,-0.0000000000003446132268436486,0.00000000000015710482343555868
0.48,0,-0.19622172095018597,0.000000000000020713511943709422,0.0000000000000660170041093163,-0.00000000000038669754131127335,0.00000000000025119185931203817
0.4866666666666667,0,-0.22021392773597723,0.000000000000020008866784581742,0.000000000000047285385669900584,-0.0000000000004286395058385632,0.0000000000003291195772636346
0.49333333333333335,0,-0.250829387242608,0.000000000000016294664742198668,0.000000000000042063971204521483,-0.0000000000003752411228524181,0.0000000000001206936307693264
0.5,0,-0.28144484674923875,0.000000000000012580462699815593,0.000000000000036842556739142377,-0.00000000000032184273986627306,-0.00000000000008773231572498182
0.5066666666666667,0,-0.34280407213461206,0.000000000000012519266990712931,0.000000000000032398904067071265,-0.0000000000002980433376747835,-0.00000000000008236021094182504
0.5133333333333333,0,-0.4054209236533904,0.000000000000012607503730723729,0.00000000000002798706706653138,-0.0000000000002754547322320193,-0.00000000000006824233254009742
0.52,0,-0.4794541690931979,0.000000000000012091193907031507,0.000000000000025269083178757292,-0.00000000000022698454990236056,-0.00000000000004070869985563177
0.5266666666666666,0,-0.5677699246137278,0.000000000000010818564491523951,0.000000000000024670198747930207,-0.0000000000001461351517407041,0.000000000000003608748025572505
0.5333333333333333,0,-0.6560856801342589,0.000000000000009545935076016375,0.000000000000024071314317103112,-0.00000000000006528575357904631,0.00000000000004792619590677754
0.54,0,-0.7111720772269386,0.000000000000010759684528310384,0.00000000000001929241518224312,-0.000000000000021874541400002738,0.00000000000005237677838893541
0.5466666666666666,0,-0.7299888176507342,0.00000000000001468730244363026,0.00000000000000995105365391476,-0.000000000000019326897346822276,0.000000000000013312902906835007
0.5533333333333333,0,-0.7382588708048463,0.000000000000012871825070805784,0.0000000000000035145792421719906,-0.00000000000003466600642768901,-0.000000000000043758748852370903
0.56,0,-0.7297782497500696,0.0000000000000019349320664740833,0.0000000000000016917637414500406,-0.00000000000007841357844501581,-0.00000000000012943107738630255
0.5666666666666667,0,-0.7104745462754618,-0.0000000000000007472225360401201,0.00000000000000699674403145743,-0.00000000000011487306418739437,-0.00000000000014577841962381717
0.5733333333333334,0,-0.6772462591279506,0.000000000000007190868657913133,0.0000000000000214720867969016,-0.0000000000001419559635549996,-0.00000000000007293475925577553
0.58,0,-0.6290473996437164,0.000000000000010570660175158576,0.000000000000019347236493075404,-0.0000000000001674193044204088,0.00000000000001440615008701747
0.5866666666666667,0,-0.5678492175227818,0.000000000000009992366000053419,0.000000000000002808023085067897,-0.00000000000019147634210478337,0.00000000000011433538354518871
0.5933333333333334,0,-0.4832648036025887,0.000000000000005870441828352318,-0.000000000000005838639658177536,-0.00000000000019292928127553017,0.00000000000009898019455602071
0.6,0,-0.3840658584932388,-0.0000000000000004659686938059969,-0.000000000000009553087205649652,-0.00000000000018025646023121355,0.000000000000011581428733147416
0.6066666666666667,0,-0.24006282335133888,-0.000000000000008663359743911099,-0.00000000000001302113879578343,-0.00000000000016588158186735267,-0.00000000000006445910898405041
0.6133333333333333,0,-0.0640052000237154,-0.00000000000001819216862666595,-0.000000000000016312909137098742,-0.00000000000015028898551375384,-0.00000000000013237352865750316
0.62,0,0.11206721617476904,-0.000000000000027187691764953902,-0.000000000000019380918683632648,-0.00000000000013470100734985585,-0.00000000000019729829789521894
0.6266666666666667,0,0.2888768324187601,-0.000000000000009607016215064672,-0.000000000000011297849465292773,-0.00000000000011934317583501007,-0.00000000000011323437802448424
0.6333333333333333,0,0.4656864486627482,0.000000000000007973659334824268,-0.00000000000000321478024695303,-0.00000000000010398534432016456,-0.00000000000002917045815375093
0.64,0,0.530912358408334,0.000000000000006151192537368718,0.0000000000000013743035207979253,-0.0000000000002740885653195428,-0.00000000000010603009949812027
0.6466666666666666,0,0.5581736792694989,-0.000000000000003315693974616639,0.0000000000000030590656756402184,-0.0000000000003600313705585199,-0.0000000000001675114827090266
0.6533333333333333,0,0.5301607223451484,-0.000000000000026568240475966386,-0.000000000000003853853554490787,0.00000000000005160154723564447,-0.000000000000027996203700928123
0.66,0,0.48273588887188357,-0.000000000000004462105572975181,-0.00000000000003291784169701039,0.00000000000010040329796064188,-0.00000000000002112752866753605
0.6666666666666666,0,0.41616553014226465,0.000000000000014808517309273562,-0.00000000000005731687505739525,0.00000000000003689445850758028,-0.000000000000007817403856878088
0.6733333333333333,0,0.32569078710640603,0.000000000000011585401124049061,-0.00000000000006329971226402194,-0.000000000000034228517219535583,0.00000000000006567262528761898
0.68,0,0.20059129384738114,-0.000000000000010483613400763487,-0.000000000000042486657915418245,-0.000000000000053965034274245986,0.00000000000017691481232325946
0.6866666666666666,0,0.26528344440455986,-0.000000000000012414265261768842,0.000000000000010404038380392916,-0.00000000000016610412224014,-0.00000000000003474940433686972
0.6933333333333334,0,0.49219375281544897,-0.000000000000005910136609412995,0.00000000000001725443021790334,-0.0000000000001767637677618872,-0.000000000000049998187368203415
0.7,0,0.7770580144979988,0.0000000000000045123296772398614,-0.0000000000000028836113023221273,-0.00000000000007508246852620918,-0.000000000000021925792948177592
0.7066666666666667,0,1.1209835735887408,-0.0000000000000025288801471626103,0.00000000000001658798897035004,0.0000000000001398470281935699,0.00000000000016982301835447292
0.7133333333333334,0,1.5395122087936766,-0.00000000000002185885935086469,0.00000000000003253860118039791,-0.00000000000003750215163340302,-0.000000000000040400643586768147
0.72,0,1.949769432219866,-0.00000000000005096927385567279,-0.000000000000006123039426031742,-0.000000000000042121006706334174,-0.00000000000007261522409990329
0.7266666666666667,0,2.3375636995791282,0.0000000000000018712356109533428,0.000000000000003801082769962915,0.00000000000011604540654925616,0.000000000000013028604347462324
0.7333333333333333,0,2.472643256059089,-0.000000000000003284035414430674,0.000000000000018554549840724757,-0.00000000000004259558055817705,-0.000000000000008228912964774114
0.74,0,2.5105483795166323,-0.000000000000003895613252195541,0.000000000000009241222933250324,-0.000000000000015949183996792835,-0.00000000000004234319137943473
0.7466666666666667,0,2.4878807873378586,0.000000000000004055278810476125,-0.000000000000009185017904354904,0.00000000000005847672473531826,0.000000000000025806434975024368
0.7533333333333333,0,2.416670723544348,-0.0000000000000046549369271963446,-0.000000000000019781022996698186,0.00000000000006248870009408068,0.000000000000025221604298413115
0.76,0,2.2955690955886805,-0.0000000000000043065297177807965,0.000000000000008445265289850366,-0.00000000000006933216864302227,-0.0000000000000974460441817705
0.7666666666666667,0,2.0988338226767502,-0.000000000000013156445146846985,-0.000000000000008370421357842295,-0.00000000000002989919915894323,-0.000000000000006755076527192528
0.7733333333333333,0,1.8404561538981776,-0.000000000000007014704864596738,-0.000000000000007162490415183393,-0.000000000000012022602985193372,-0.0000000000000023927531774939178
0.78,0,1.655583704911472,-0.0000000000000041261196258633745,-0.000000000000003934885824374907,-0.0000000000000027396334712179926,0.0000000000000009662478525577457
0.7866666666666666,0,1.5626671249860635,0.000000000000006345813440515971,-0.000000000000015926327689916893,-0.000000000000001605527824893321,0.000000000000010751928896608854
0.7933333333333333,0,1.5068405573278731,-0.0000000000000021717208338336837,-0.000000000000014514315162347718,-0.000000000000007867318004422233,-0.0000000000000016265286467703864
0.8,0,1.4718799246789953,0.000000000000016277083864250508,-0.0000000000000020387576192763334,-0.000000000000001955164025238864,-0.0000000000000018945180201804955
0.8066666666666666,0,1.450343986503078,0.0000000000000014125925944363799,0.0000000000000012399305452333343,-0.0000000000000005194842086044658,0.0000000000000000989830030168727
0.8133333333333334,0,1.4377204089678066,-0.0000000000000006870214561102931,-0.000000000000003494749096143758,-0.000000000000004537177075300943,-0.0000000000000034375272377583754
0.82,0,1.4307513999068564,0.0000000000000006046204413617164,-0.0000000000000015530886688971245,-0.0000000000000035736924774348305,-0.0000000000000007931882465575838
0.8266666666666667,0,1.4279015843653966,0.000000000000002342185867191544,0.0000000000000009523355318229335,-0.000000000000005108133232708618,-0.000000000000007846338954951507
0.8333333333333334,0,1.4281781478064082,0.00000000000003149545820091677,0.000000000000013045021478618576,-0.000000000000004073868193726523,-0.00000000000002832194612092078
0.84,0,1.431210385860054,0.0000000000000045547850656263004,0.0000000000000011951672144614332,0.000000000000002365916327670733,-0.000000000000003255063270002101
0.8466666666666667,0,1.436067787826068,0.000000000000005227743295551707,0.0000000000000007761217463119226,0.0000000000000009276687951579972,-0.0000000000000039450161493748556
0.8533333333333334,0,1.4424457326308808,-0.0000000000000004534250310159527,-0.00000000000001541259769585552,0.000000000000015277737141121892,0.000000000000005688810409219512
0.86,0,1.4503691696484338,0.0000000000000028195852425349526,-0.000000000000003728819657060967,0.0000000000000010221700354949236,0.0000000000000013877799671883903
0.8666666666666667,0,1.4593989289155989,-0.000000000000004609786114179288,0.0000000000000021166147163494533,-0.0000000000000006271753515354368,0.000000000000008803143687565842
0.8733333333333333,0,1.4695437741621427,0.000000000000004353355568506471,0.000000000000006893462933089278,0.0000000000000023171614304741907,0.000000000000003620815217547102
0.88,0,1.4807316332104354,0.000000000000002479108565151542,-0.000000000000009939644109495652,-0.000000000000002855527675291509,0.000000000000002366328402736087
0.8866666666666667,0,1.4928902508876432,0.000000000000004895252909251124,0.0000000000000003678519867621353,0.0000000000000021292927516723013,-0.0000000000000025374600000242528
0.8933333333333333,0,1.506071377856941,0.0000000000000014999100360890153,0.000000000000018205433315840265,0.000000000000011566662918157542,0.00000000000000035738728211238705
0.9,0,1.5202482732220735,-0.0000000000000015228684067318078,0.000000000000005203414358911249,-0.0000000000000039196069976055795,0.000000000000001659260517757472
0.9066666666666666,0,1.5354828586926421,-0.000000000000008459493571676925,-0.000000000000007625157288954413,0.00000000000000424128350256666,0.000000000000007584005088064485
0.9133333333333333,0,1.551869141866978,0.0000000000000008738067188608296,-0.0000000000000004269936806589367,0.000000000000001272056997841175,-0.0000000000000017469324806337015
0.92,0,1.5694048317721154,-0.000000000000004565384646008385,-0.0000000000000004183698051977288,-0.0000000000000007090423342987434,0.0000000000000022036425403068353
0.9266666666666666,0,1.588337921908435,-0.0000000000000006191507809354798,-0.00000000000000043629585151981623,0.00000000000000010063115802218727,0.0000000000000016835190397083096
0.9333333333333333,0,1.6087209399339102,0.00000000000000022768216578894077,-0.0000000000000007700001795960947,0.00000000000000011102230246251565,-0.00000000000000020158904318555687
0.94,0,1.6307036623420146,-0.000000000000005275250174559757,-0.0000000000000020960811285622195,0.0000000000000018969724599147558,0.0000000000000023453116690525437
0.9466666666666667,0,1.6544884660899428,-0.0000000000000024316921256125322,-0.00000000000000648552467391155,0.000000000000004070030341143236,-0.0000000000000015435137059124068
0.9533333333333334,0,1.6804441990825822,0.0000000000000009108859685278424,-0.0000000000000010105544965764995,0.00000000000000059590353793803635,-0.00000000000000035062447659681136
0.96,0,1.7087704366502565,-0.0000000000000003813490445558559,0.0000000000000006421258113139135,-0.0000000000000006830458692962995,0.0000000000000004803673452877812
0.9666666666666667,0,1.629167959361684,0.000000000000000040390736822038854,-0.000000000000001333853257149861,0.00000000000000013354388847495338,0.0000000000000007251342924084791
0.9733333333333334,0,1.286514476740064,-0.0000000000000008245881164684717,0.0000000000000002333776680855799,-0.00000000000000035573303370864412,0.0000000000000004848048042063165
0.98,0,0.953009134817036,0.0000000000000001852313791712535,0.00000000000000005188809117599833,-0.0000000000000005491398286638083,0.00000000000000021891310680035066
0.9866666666666667,0,0.6297194665191848,0.0000000000000009571312167795491,0.000000000000002560197001214759,-0.0000000000000013011332532989253,-0.0000000000000005769817705762365
0.9933333333333333,0,0.31320505293350953,-0.000000000000001860590812389675,0.00000000000000005896378109259716,-0.000000000000000103015259872385,0.000000000000001473530891347134
1,0,-0.000000000000012170819907453279,-0.0000000000000005273559366969004,-0.0000000000000005273559366968669,-0.00000000000000015265566588600182,-0.0000000000000003885780586188189
1.0066666666666666,0,-0.31320505293351375,0.0000000000000018268972231939423,-0.00000000000000004211698649474319,0.00000000000000011143865717153147,-0.0000000000000016871520989731982
1.0133333333333334,0,-0.6297194665192006,-0.0000000000000009756594527547475,-0.0000000000000025803962483342292,0.0000000000000012229163382319101,0.0000000000000004440892098500626
1.02,0,-0.9530091348170527,-0.00000000000000012453141882234842,-0.00000000000000005188809117597851,0.0000000000000005239786576069912,-0.00000000000000015821314645153847
1.0266666666666666,0,-1.286514476740078,0.0000000000000005368534617229982,-0.0000000000000008315131038973628,0.0000000000000005664445754731307,-0.00000000000000037378250174373845
1.0333333333333334,0,-1.6291679593617043,0.00000000000000017234899769730892,0.0000000000000013315270395484932,-0.00000000000000002252158601244704,-0.0000000000000006436122287626468
1.04,0,-1.7087704366502756,0.0000000000000003813490445558569,-0.00000000000000032351693205227385,0.0000000000000005237414296654754,-0.0000000000000004489972626406854
1.0466666666666666,0,-1.6804441990826013,-0.00000000000000019828324092036106,0.0000000000000012733911271269889,-0.00000000000000031550933817828257,0.00000000000000035062447659681136
1.0533333333333332,0,-1.6544884660899624,0.000000000000001769877722262543,0.000000000000006594387270661294,-0.0000000000000041799727907493495,0.000000000000001543513705912373
1.06,0,-1.630703662342034,0.000000000000005139739010101808,0.000000000000001949147956589618,-0.000000000000001921461321910189,-0.0000000000000023151118032997846
1.0666666666666667,0,-1.6087209399339295,-0.000000000000000592985882236391,0.0000000000000006395345665792019,0.00000000000000025428141398488363,0.00000000000000017217101455773382
1.0733333333333333,0,-1.5883379219084557,0.0000000000000007572792124865252,0.0000000000000003104215914580356,-0.00000000000000010063115802198602,-0.0000000000000016686670821095475
1.08,0,-1.569404831772134,0.000000000000004556822222400247,0.0000000000000003671237988569477,0.0000000000000006065503216173075,-0.0000000000000022121728300879368
1.0866666666666667,0,-1.5518691418669976,-0.0000000000000009504261687356296,0.0000000000000003567703500442776,-0.0000000000000013830793003036333,0.0000000000000017469324806337122
1.0933333333333333,0,-1.5354828586926617,0.000000000000008329534906414163,0.000000000000008081299010427845,-0.0000000000000046578373077035435,-0.000000000000007655439474191465
1.1,0,-1.5202482732220923,0.0000000000000016052678713213623,-0.0000000000000049720458888742805,0.000000000000003889249635217724,-0.0000000000000015482382152950663
1.1066666666666667,0,-1.5060713778569603,-0.0000000000000010978397702292246,-0.000000000000017384046731244816,-0.000000000000012139466617413561,0.00000000000000008670192773741287
1.1133333333333333,0,-1.4928902508876625,-0.000000000000005002430521789171,0.00000000000000030855342891283216,-0.0000000000000021485448429476947,0.000000000000002981549209874472
1.12,0,-1.4807316332104543,-0.0000000000000029842746484753056,0.00000000000001010669006377337,0.0000000000000031590081115144555,-0.0000000000000019462599418082895
1.1266666666666667,0,-1.469543774162162,-0.0000000000000041551486552589924,-0.000000000000007309455413694814,-0.0000000000000017981476093063363,-0.000000000000003818339823537704
1.1333333333333333,0,-1.4593989289156177,0.000000000000005113194203157744,-0.0000000000000023049718577460687,0.000000000000000532265144930104,-0.000000000000008981981509219755
1.14,0,-1.450369169648453,-0.0000000000000025114021533930747,0.000000000000003769017141799467,-0.00000000000000112170768129128,-0.0000000000000015849395674608772
1.1466666666666667,0,-1.4424457326309,0.0000000000000012012419738392364,0.00000000000001593837003375399,-0.000000000000015277737141122217,-0.000000000000005745321728113407
1.1533333333333333,0,-1.4360677878260872,-0.000000000000004581177154454552,-0.0000000000000012549425487386203,-0.0000000000000008486880442422533,0.000000000000003319495838008819
1.16,0,-1.4312103858600733,-0.000000000000003983956882077946,-0.0000000000000015162759276884149,-0.000000000000002295729012246552,0.0000000000000026938875874861343
1.1666666666666667,0,-1.4281781478064273,-0.000000000000031178002960185647,-0.000000000000012590869014428649,0.000000000000004293138592492707,0.000000000000027659973615383186
1.1733333333333333,0,-1.4279015843654157,-0.000000000000001845035329224274,-0.00000000000000042587462281572236,0.000000000000004312522599132007,0.000000000000007904507551690703
1.18,0,-1.4307513999068753,-0.0000000000000005714665653026205,0.0000000000000014032096087126605,0.0000000000000034651382689292085,0.0000000000000007315068604339417
1.1866666666666668,0,-1.437720408967826,0.0000000000000009424712237733586,0.000000000000004996011979367912,0.0000000000000042517602963175226,0.000000000000002615174423542192
1.1933333333333334,0,-1.4503439865030974,-0.0000000000000016261661565801859,-0.0000000000000003233700552138566,0.0000000000000017335386623333401,-0.000000000000001718557600927002
1.2,0,-1.4718799246790144,-0.00000000000001538052801875494,0.0000000000000017298768483455705,0.0000000000000011091651410639662,0.00000000000000207686018453564
1.2066666666666668,0,-1.5068405573278936,0.0000000000000041959246765142655,0.000000000000012784834577182403,0.000000000000007793817163874201,0.00000000000000084747049858967
1.2133333333333334,0,-1.5626671249860813,-0.0000000000000048268672647423596,0.00000000000001370157303010296,0.0000000000000013458089770366518,-0.000000000000009158557508662996
1.22,0,-1.65558370491149,0.0000000000000038978537687705975,0.000000000000004650346470388827,0.000000000000002443524755083904,-0.0000000000000014165583145762024
1.2266666666666666,0,-1.840456153898189,0.000000000000005782393935166874,0.000000000000007362403815424436,0.00000000000001180769126246669,0.0000000000000013860532940906697
1.2333333333333334,0,-2.0988338226767658,0.000000000000012435887818547244,0.000000000000008542594536761168,0.000000000000028734754157484124,0.000000000000004339898398122779
1.24,0,-2.295569095588696,0.000000000000004871103384867776,-0.000000000000008471759178500301,0.00000000000006470077221431584,0.00000000000009000628832027031
1.2466666666666666,0,-2.4166707235443647,0.000000000000003746667027222091,0.000000000000019479589432777383,-0.00000000000006466994014488149,-0.000000000000025757174171303632
1.2533333333333334,0,-2.4878807873378785,-0.000000000000005388914795685183,0.00000000000001041584172105411,-0.00000000000006469944709585196,-0.000000000000018680938401092428
1.26,0,-2.510548379516652,0.0000000000000033923338661358135,-0.00000000000000907621966503942,0.00000000000002154939665176087,0.00000000000004513040466994552
1.2666666666666666,0,-2.472643256059111,0.0000000000000027131337455896294,-0.000000000000019759513804521847,0.0000000000000478624728637835,0.000000000000006802395602816667
1.2733333333333334,0,-2.3375636995791456,-0.000000000000002944699642073628,-0.00000000000000435544896032749,-0.00000000000012267594827908663,-0.00000000000002954236696229702
1.28,0,-1.949769432219898,0.00000000000004881611514663561,0.000000000000007347647311237752,0.000000000000037491710055225875,0.00000000000007153862665646143
1.2866666666666666,0,-1.5395122087936957,0.000000000000019631155435122117,-0.000000000000030771921496320667,0.000000000000012302427634304696,0.0000000000000589196751274695
1.2933333333333332,0,-1.1209835735887665,-0.000000000000000834291078447432,-0.00000000000001633526569943012,-0.00000000000014731183420996826,-0.00000000000017206681762277918
1.3,0,-0.7770580144980124,-0.000000000000004311637827850261,0.000000000000003988578264046605,0.00000000000004899421049743071,0.00000000000003691970482506299
1.3066666666666666,0,-0.49219375281547606,0.0000000000000026445165017863354,-0.000000000000017714781669315723,0.00000000000018362526149605428,0.00000000000002939744392413961
1.3133333333333332,0,-0.2652834444045806,0.000000000000010414835518569676,-0.00000000000001117082111589653,0.00000000000016994729060752043,0.000000000000034429795707842754
1.32,0,-0.2005912938474023,0.000000000000004845489553843514,0.00000000000004256530129906578,0.00000000000008859227198007643,-0.000000000000160342615346437
1.3266666666666667,0,-0.32569078710642513,-0.000000000000006996420678982533,0.00000000000005871336070746493,0.0000000000000290238750513151,-0.000000000000018957384081786618
1.3333333333333333,0,-0.4161655301422815,-0.000000000000008881784197001252,0.00000000000004908264628290923,-0.00000000000004321149310236565,-0.0000000000000010955395312564177
1.34,0,-0.4827358888719036,0.000000000000007661816330138125,0.000000000000026824234753006162,-0.00000000000010138256266855472,-0.0000000000000013469002751819174
1.3466666666666667,0,-0.5301607223451681,0.0000000000000266605937983742,0.0000000000000030997857678551154,-0.000000000000051216892738635696,0.00000000000003208535991198879
1.3533333333333333,0,-0.5581736792695177,0.0000000000000059218361079817695,-0.0000000000000031846862595365292,0.0000000000003497324226089513,0.00000000000017411442773103997
1.36,0,-0.5309123584083505,-0.000000000000001947357862095926,-0.0000000000000033456818921782213,0.00000000000025902556294856547,0.00000000000010787851786537278
1.3666666666666667,0,-0.4656864486627656,-0.000000000000003363800520400131,-0.00000000000000024261386386542387,0.00000000000008485527368898679,0.000000000000030508384060628026
1.3733333333333333,0,-0.28887683241877743,0.000000000000010175340420318933,0.00000000000001087160631135172,0.00000000000009253418944640954,0.00000000000014205473927371645
1.38,0,-0.11206721617478921,0.000000000000023714481361038004,0.000000000000021985826486568867,0.00000000000010021310520383229,0.0000000000002536010944868049
1.3866666666666667,0,0.0640052000236992,0.00000000000001497914085273965,0.00000000000001761870077670274,0.0000000000001302565210550352,0.0000000000001701945368453621
1.3933333333333333,0,0.24006282335132378,0.000000000000005796834111175827,0.000000000000012940921870623056,0.00000000000016074870947985093,0.000000000000082875997265208
1.4,0,0.38406585849322206,-0.0000000000000028364489937773358,0.000000000000008983850000191166,0.00000000000018308016542031878,-0.000000000000005934018354934316
1.4066666666666667,0,0.48326480360257373,-0.000000000000010702337917836066,0.000000000000006034141653669142,0.00000000000019400501114817814,-0.00000000000009682873481072408
1.4133333333333333,0,0.5678492175227658,-0.00000000000001518727693138895,-0.000000000000004143519720460599,0.00000000000018934126962460456,-0.00000000000011006523858483246
1.42,0,0.6290473996437004,-0.000000000000014262006251220697,-0.00000000000002588738070441454,0.00000000000015973260785922047,0.0000000000000009672430353578744
1.4266666666666667,0,0.6772462591279368,-0.0000000000000055743116157129955,-0.000000000000032425600049376247,0.0000000000001256553377204356,0.00000000000008904259382258443
1.4333333333333333,0,0.7104745462754477,0.000000000000012052920300271297,-0.00000000000002145235634008801,0.00000000000008643182829149043,0.00000000000015067953721092686
1.44,0,0.7297782497500551,0.000000000000009185161219492266,-0.000000000000009602139623487,0.00000000000005389346783648537,0.00000000000012635418760627706
1.4466666666666668,0,0.7382588708048319,-0.000000000000009612623631702834,0.000000000000002929716943976399,0.000000000000026551235325656142,0.000000000000035213412570179625
1.4533333333333334,0,0.72998881765072,-0.00000000000001589830937879004,0.00000000000000028060994011483335,0.00000000000002067719841306148,-0.000000000000023971043943236042
1.46,0,0.7111720772269243,-0.00000000000001430603184555224,-0.000000000000011926851148041643,0.000000000000028320130572602925,-0.00000000000006303491942533676
1.4666666666666666,0,0.6560856801342461,-0.000000000000016748272199205633,-0.000000000000019912291826110183,0.00000000000008010582798841654,-0.00000000000005733417058268076
1.4733333333333334,0,0.5677699246137133,-0.000000000000022886837615183457,-0.00000000000002402962228804653,0.00000000000017233403033579065,-0.000000000000010621184978166581
1.48,0,0.47945416909318356,-0.000000000000029025403031161077,-0.00000000000002814695274998274,0.00000000000026456223268316176,0.000000000000036091800626346047
1.4866666666666666,0,0.40542092365337734,-0.000000000000022851845378725205,-0.000000000000031986610415004433,0.00000000000031141802637720955,0.00000000000005841265886090574
1.4933333333333334,0,0.34280407213459746,-0.000000000000006836877066765009,-0.00000000000003560431675544723,0.0000000000003220064351785055,0.00000000000006123623454125133
1.5,0,0.28144484674922515,0.000000000000007914087619988578,-0.000000000000038407143017002875,0.00000000000033495417605634073,0.00000000000005751793223287439
1.5066666666666666,0,0.2508293872425944,-0.000000000000008234616912111743,-0.000000000000021289516212976533,0.00000000000040557784387672614,-0.00000000000010612227369240886
1.5133333333333334,0,0.22021392773596268,-0.0000000000000243833214442126,-0.000000000000004171889408949624,0.0000000000004762015116971139,-0.00000000000026976247961769757
1.52,0,0.19622172095017243,-0.00000000000003274192600506461,-0.00000000000008136528312298323,0.00000000000043915717741503746,-0.0000000000002933501596034492
1.5266666666666666,0,0.17186118207235532,-0.0000000000000433835467367095,-0.00000000000018346964759339076,0.00000000000035700156905923023,-0.00000000000028294281253543287
1.5333333333333334,0,0.13707637020643493,-0.00000000000010297012021713696,-0.0000000000007351735994296556,-0.0000000000005690646530746595,0.0000000000003356694238500055
1.54,0,0.1014821413618889,-0.000000000044131366268164575,-0.00000000007544535923906015,-0.000000000006993096655507961,-0.00000000006822459322660215
1.5466666666666666,0,0.06046286659434676,-0.0000000003828568313182668,-0.0000000006471962289257296,-0.00000000005026675947713622,-0.0000000006004501644538568
1.5533333333333332,0,0.018432112178666846,-0.0000000004311092428006226,-0.0000000007277746118498061,-0.00000000005585819190985472,-0.0000000006757825031446301
1.56,0,-0.02500418907387758,-0.0000000000757218159651459,-0.00000000012582227218903637,-0.000000000009086593779783159,-0.00000000011621839190867966
1.5666666666666667,0,-0.06004277072222476,-0.0000000000009479860778605518,-0.0000000000003089974880881462,0.0000000000003372222597045497,0.00000000000015705577694496435
1.5733333333333333,0,-0.08894422185322301,0.00000000000004416569626671119,0.00000000000007569697629801273,0.000000000000026078571418809637,0.00000000000024750670177314973
1.58,0,-0.08154168574733697,0.00000000000003713302110809315,0.00000000000006980997503741517,0.00000000000036562106328752635,0.000000000000998786766838151
1.5866666666666667,0,-0.0692844340657677,0.000000000000027238706711719143,0.00000000000005198493184286815,0.00000000000034560013608444844,0.0000000000008759748650658854
1.5933333333333333,0,-0.05253465933700779,0.00000000000001485793011041071,0.000000000000023631123425547758,0.0000000000000024952331715176287,-0.000000000000026037194561040667
1.6,0,-0.032009042426931485,0.00000000000000963578853322657,0.000000000000016094406277523765,-0.00000000000005994092106998063,0.00000000000011475021206194563
1.6066666666666667,0,-0.010322218406043275,0.000000000000005072543384246524,0.000000000000012912697863852868,0.00000000000015099435944160403,0.00000000000008336949592648052
1.6133333333333333,0,0.012469901313477126,0.000000000000001980607057111604,0.000000000000012073959735054968,0.00000000000044526984722202013,-0.000000000000044074724032325485
1.62,0,0.036358334860510724,0.000000000000003820928979627728,0.0000000000000061440335402807894,0.00000000000009454538483316935,0.000000000000012198230753945345
1.6266666666666667,0,0.06109131543155662,0.000000000000004032576187663297,0.000000000000004927938696700802,0.00000000000011050132677748345,0.00000000000005249668180876107
1.6333333333333333,0,0.086578638237669,0.000000000000004465020388031671,0.000000000000003869589026551206,0.00000000000009878175006352541,0.00000000000012030614341318917
1.64,0,0.11296826124204551,0.000000000000005226217597125845,0.0000000000000024420012260511745,0.000000000000013853790253385317,0.0000000000001763161725943929
1.6466666666666667,0,0.14055889579646663,0.000000000000004878333519016704,0.000000000000003339766588913475,0.0000000000000986028405075865,0.0000000000000714571782120762
1.6533333333333333,0,0.17049458710733573,0.0000000000000034544732161202485,0.0000000000000015678039447008995,0.00000000000010399073500543608,0.000000000000041715957533763155
1.66,0,0.18769850092815793,0.000000000000002408864759717096,-0.000000000000006556705847762665,0.00000000000002065039657497379,-0.00000000000005276627378211013
1.6666666666666667,0,0.17264741839014125,-0.000000000000001331619717583565,-0.000000000000007452747928717108,0.00000000000007203129336115194,-0.000000000000008968371105992861
1.6733333333333333,0,0.1478627900622551,0.0000000000000006639550139952014,-0.0000000000000042838866836620565,0.000000000000004239251743573516,-0.00000000000002806249691365775
1.68,0,0.12017635240391161,-0.0000000000000033808333583891874,-0.000000000000005312094341857157,0.00000000000009915050599512249,0.00000000000004939954378965159
1.6866666666666668,0,0.08834990043628975,-0.0000000000000015812533023197887,-0.000000000000005085803269984733,0.00000000000002867804663071229,-0.000000000000006578616567574281
1.6933333333333334,0,0.05106888318977863,0.0000000000000007244313108366209,-0.000000000000003575084195393366,-0.00000000000019638844524338722,-0.00000000000009973177756075556
1.7,0,0.01163010568902341,0.0000000000000004500491813153272,-0.0000000000000059488874157275246,0.00000000000010024689956375763,-0.00000000000009540199196730318
1.7066666666666668,0,-0.01884395624750304,-0.00000000000000018588212339864805,-0.0000000000000052739069428216784,-0.00000000000003418102743199501,-0.000000000000030149313689056994
1.7133333333333334,0,-0.051462133761761945,0.0000000000000008481836404675563,-0.0000000000000059920520144158134,0.000000000000025843744939584054,0.00000000000018052779302694173
1.72,0,-0.07405030917584463,-0.0000000000000007965655865945836,-0.0000000000000034296734631293932,0.000000000000023999459737997102,-0.000000000000007499451899570147
1.7266666666666666,0,-0.0879723970326348,-0.0000000000000004095277329380223,-0.0000000000000017034396957670388,-0.000000000000055232160078486584,0.00000000000006511813268834833
1.7333333333333334,0,-0.09525082884658004,-0.0000000000000011051067742658461,-0.00000000000000009896574698617317,-0.0000000000001023154468869757,-0.00000000000015234413970811008
1.74,0,-0.09678828379573859,0.00000000000000023665406143396125,0.0000000000000015365088363524283,0.00000000000010335029498797598,-0.000000000000043456096408857943
1.7466666666666666,0,-0.09261622519522651,0.0000000000000008316471064572495,0.0000000000000030598630008857325,0.000000000000279126086926581,0.00000000000001855935347677236
1.7533333333333334,0,-0.08040859075728614,-0.0000000000000004147838924738959,0.0000000000000027838258522926713,0.00000000000020406447418795075,-0.00000000000004936734307102526
1.76,0,-0.06259982068666933,-0.000000000000001824036318229701,0.0000000000000010415019191353774,-0.000000000000014009593916944987,-0.00000000000009091015894703153
1.7666666666666666,0,-0.04681240584422494,0.0000000000000002804793173215568,0.0000000000000013137278222415101,0.00000000000000014615304457392248,-0.00000000000002649732218130349
1.7733333333333334,0,-0.03751008004439564,-0.0000000000000003842267581988743,0.0000000000000016658489987683107,-0.0000000000000006576578761883272,-0.00000000000000633012031247706
1.78,0,-0.031258434080033676,-0.000000000000001093445601153488,0.0000000000000006519098722574501,-0.0000000000000040995917751887205,-0.0000000000000023145715918837862
1.7866666666666666,0,-0.026718611885163897,-0.00000000000000024798004922994724,-0.0000000000000002815287608165903,-0.000000000000004667076079105396,0.0000000000000008215919619852442
1.7933333333333332,0,-0.023250119489162453,0.000000000000000837748231785163,-0.0000000000000003602364770525061,-0.000000000000002922164443886015,0.000000000000002510938341981606
1.8,0,-0.020492129965663314,-0.00000000000000036019719762066286,-0.0000000000000005903194200146633,-0.0000000000000022294519057609546,-0.0000000000000023380769987032725
1.8066666666666666,0,-0.018228415949521074,-0.0000000000000011788050094298342,-0.00000000000000016276288437660487,-0.00000000000000084964910562258685,0.00000000000000398375828752859
1.8133333333333332,0,-0.016323658051046006,-0.0000000000000005730888796506581,-0.0000000000000001761519787978867,-0.0000000000000013449405149762727,-0.0000000000000011128761390108694
1.82,0,-0.014688627596896535,0.00000000000000020454179019340379,0.0000000000000005716212313425418,-0.000000000000000337493406393762,0.000000000000000036058341035426213
1.8266666666666667,0,-0.01326986284818899,-0.0000000000000001304323512530849,0.00000000000000017363215239621867,-0.00000000000000010533311034174013,0.00000000000000016208821603509522
1.8333333333333333,0,-0.012016914025006094,-0.00000000000000010665840229632307,-0.00000000000000004746826338846165,0.000000000000000012857610158785497,-0.0000000000000010176070663572891
1.84,0,-0.010899708422397705,-0.00000000000000015294393201539363,-0.000000000000000012013375760419024,-0.0000000000000001872345794591057,-0.00000000000000022694700033503703
1.8466666666666667,0,-0.009897760649992112,-0.00000000000000009581285688388233,0.00000000000000007992687729810273,-0.0000000000000003539772187777336,-0.0000000000000007034053908912093
1.8533333333333333,0,-0.008995105421393635,0.0000000000000002338881176338593,0.00000000000000015190112599647367,-0.00000000000000019539863390884957,0.000000000000000041078670646985664
1.86,0,-0.008179586473493924,-0.00000000000000008539553779865296,-0.00000000000000006353210386716106,-0.0000000000000005236572502816263,-0.0000000000000004992418329838554
1.8666666666666667,0,-0.007441326978756118,-0.00000000000000008435053933611387,0.00000000000000001748371336358584,-0.0000000000000002479542255610709,-0.00000000000000014674296463414392
1.8733333333333333,0,-0.006772619932539447,0.00000000000000195700413291517,-0.000000000000003553088321773714,0.000000000000000641477966144864,-0.0000000000000001876850288604462
1.88,0,-0.006166933093011039,-0.00000000000000003529948119721248,0.00000000000000009865011247173247,-0.000000000000000042420254439169556,0.00000000000000005521898598030056
1.8866666666666667,0,-0.005618839922783656,0.0000000000000002023716037625936,0.000000000000000048097372913386546,-0.00000000000000009710418101665916,0.00000000000000006938273386398889
1.8933333333333333,0,-0.0051259141036187495,0.0000000000000000986565856893986,0.00000000000000030643007904512733,0.0000000000000004447595896613481,0.00000000000000026948402711409364
1.9,0,-0.0046820377706519095,0.00000000000000006286103938494492,-0.00000000000000002372674910262962,-0.000000000000000009574393364929297,0.0000000000000001458494611171421
1.9066666666666667,0,-0.004283748309668939,-0.000000000000000039993896850898646,-0.00000000000000012494304707948686,-0.00000000000000005937096908205835,-0.00000000000000008334774081611017
1.9133333333333333,0,-0.003927736485281071,0.00000000000000002142950858730102,0.000000000000000007710248308962768,-0.00000000000000003980720171757906,0.000000000000000038844295442745246
1.92,0,-0.003611155786951866,-0.000000000000000015215212842921357,-0.00000000000000009329047293839061,-0.00000000000000003506081817639779,-0.000000000000000024327943735915634
1.9266666666666667,0,-0.00333134251762297,-0.000000000000000041992625284331344,-0.00000000000000008692785340040624,-0.00000000000000005558389634636712,-0.00000000000000008216550676226574
1.9333333333333333,0,-0.0030858559639274073,-0.000000000000000016027094531588358,0.000000000000000053973783078843935,-0.00000000000000008767002943485993,-0.000000000000000024522414495528214
1.94,0,-0.002872389053027634,0.0000000000000000006470412277236585,0.00000000000000008025128227799343,-0.0000000000000000460444137297618,-0.00000000000000004208328464601991
1.9466666666666668,0,-0.0026887707993105492,-0.00000000000000002438482244997118,0.0000000000000000006312134475044026,-0.000000000000000004336808689942018,0.0000000000000000007738885363611525
1.9533333333333334,0,-0.0025329583941677966,0.000000000000000004469288560340533,0.000000000000000004318723773530621,-0.000000000000000027239555521855592,-0.0000000000000000001887202464642385
1.96,0,-0.002402992168571667,0.000000000000000111372121889744,0.00000000000000012133562434573192,-0.00000000000000005180740770778718,-0.00000000000000007193307707653834
1.9666666666666666,0,-0.0022994253953893275,-0.00000000000000003449176063135416,-0.0000000000000000627695634861167,0.00000000000000004363246071697724,-0.000000000000000016629987355456906
1.9733333333333334,0,-0.002204593717742212,-0.000000000000000023092041034345358,-0.00000000000000004035216821658644,-0.000000000000000007887792163500371,-0.000000000000000023984821228381687
1.98,0,-0.0018091365353184472,-0.000000000000000006764962474936732,-0.00000000000000002752854416662222,-0.000000000000000010755371443823948,-0.000000000000000005109788327479431
1.9866666666666666,0,-0.0011396734673850789,0.000000000000000007110536594419796,0.000000000000000010800016726529914,0.000000000000000008270775912770493,0.000000000000000008713131425674047
1.9933333333333334,0,-0.000543334475059609,-0.00000000000000003023100585751709,0.000000000000000029145803241864055,0.000000000000000018122646416410976,-0.000000000000000019900888388149747
