# n,energy,berry,bcd_x,bcd_y,qmd_x,qmd_y
0.00000125,0,0.00000002075024809616124,0.0000000000000000026887847540026726,-0.0000000000000000014651013703757335,-0.0000000000000000009205479004119147,0.0000000000000000016901409225020366
0.006666666666666667,0,0.00011828951798315007,-0.0000000000000000019110245934671583,-0.000000000000000005063110440639543,-0.000000000000000003126340834167,-0.0000000000000000021982293292316844
0.013333333333333334,0,0.00019726649960704004,-0.0000000000000000047988444658064975,0.0000000000000000013635641957246444,-0.0000000000000000011184585198477447,-0.0000000000000000017974150301291523
0.02,0,0.0002177376724187425,-0.000000000000000007432526892041552,0.000000000000000001855281521040042,0.00000000000000000033028671086716197,-0.000000000000000004570300394117848
0.02666666666666667,0,0.0002468865670531893,-0.0000000000000000004985749342272276,-0.0000000000000000013920211822187576,-0.00000000000000000038792910189886697,-0.0000000000000000016905947885758837
0.03333333333333333,0,0.0002851684433235328,-0.0000000000000000006696798311689685,-0.0000000000000000029193314767678483,0.00000000000000000022326958985173287,-0.000000000000000002968860533166374
0.04,0,0.0003331510117363177,-0.000000000000000010474604135276568,0.000000000000000004172060995565394,0.000000000000000004591212033180545,-0.0000000000000000007179054551883359
0.04666666666666667,0,0.0003926398692408933,-0.000000000000000005637519048276695,0.0000000000000000006976348866019556,0.00000000000000000160667492542703,-0.000000000000000004649205285252136
0.05333333333333334,0,0.0004629904079079315,-0.000000000000000000550030969120694,0.000000000000000015828425533813485,0.0000000000000000054761592218090884,-0.0000000000000000012386229501955626
0.06,0,0.0005447642890811744,0.000000000000000012047917430995929,0.00000000000000001934190532885351,0.00000000000000001981954339767126,-0.000000000000000003551129077589027
0.06666666666666667,0,0.000638554785126253,0.000000000000000014079231256551233,-0.000000000000000016301073747471413,-0.000000000000000006726423953963111,0.0000000000000000040367284692884634
0.07333333333333333,0,0.000744944334757727,-0.00000000000000000366457463798561,0.000000000000000015942184949935202,0.000000000000000007393776022422312,0.000000000000000007617939289565152
0.08,0,0.0008645560366301591,-0.0000000000000000034506999009766815,-0.0000000000000000051224746575315766,-0.0000000000000000010055819834650423,0.000000000000000011309837792277733
0.08666666666666667,0,0.0009981528404130835,-0.00000000000000014760386626368552,-0.00000000000000013086466440666958,-0.00000000000000014827196923421052,-0.00000000000000010188569867237532
0.09333333333333334,0,0.0011471532668955277,-0.000000000000000032166288435144064,-0.00000000000000001762731655746736,-0.00000000000000002039789213974866,-0.00000000000000002452420281946287
0.1,0,0.0013121338336242985,-0.000000000000000018324087241458196,-0.00000000000000009438236621902772,-0.000000000000000053296391180696444,-0.0000000000000000061991382547235
0.10666666666666667,0,0.001493235813578901,-0.000000000000000019678520628629936,-0.0000000000000004506266373124758,-0.0000000000000003998591917087377,-0.000000000000000026063203703961512
0.11333333333333333,0,0.0016912758581842519,0.00000000000000004763390548538881,0.00000000000000001576588636731632,-0.000000000000000014353023717570834,0.00000000000000005830553115872613
0.12,0,0.0019072275433641194,0.00000000000000005611441071599934,0.000000000000000013099310389806169,0.0000000000000000012884886185969394,0.000000000000000008813567888971304
0.12666666666666668,0,0.0021421388323290035,0.000000000000000014398641489771242,0.0000000000000000015152814356785641,0.00000000000000009990944101431989,0.00000000000000003451128632841599
0.13333333333333333,0,0.002396964767415482,0.000000000000000003726756499904441,-0.0000000000000000825071420006114,0.00000000000000006458632346688299,-0.0000000000000000022249364650512736
0.14,0,0.002672799500108297,0.0000000000000000260686039468408,-0.000000000000000019985883863063946,-0.000000000000000025233598694217653,-0.0000000000000000738859643141222
0.14666666666666667,0,0.0029710758088337826,0.000000000000000043041612965790445,0.00000000000000003173053421774832,-0.00000000000000002833345728335923,-0.000000000000000013536591597249376
0.15333333333333332,0,0.003292957444601781,-0.000000000000000002896266838696204,0.00000000000000015942674126539953,0.0000000000000000978863033840387,0.000000000000000026797388178498896
0.16,0,0.0036403244136167575,-0.00000000000000006017515015691888,0.00000000000000013752236245190604,0.00000000000000009179513745819675,0.0000000000000000003818802771480243
0.16666666666666666,0,0.004015206497791683,0.000000000000000028918894683087086,0.00000000000000006888172640467267,0.00000000000000005352913304952665,-0.0000000000000001266136051403131
0.17333333333333334,0,0.004420612584954569,-0.00000000000000021610774709562323,-0.0000000000000002980492649161755,0.0000000000000002656033992643895,0.00000000000000008515480236051671
0.18,0,0.004859648843376047,-0.00000000000000002909992516553362,0.00000000000000008625191552259335,0.00000000000000037960358047603086,0.00000000000000010036434840520687
0.18666666666666668,0,0.005336790454944683,0.00000000000000011024414692530243,0.0000000000000001944899017034583,0.00000000000000035781830968153515,-0.00000000000000008610386081304807
0.19333333333333333,0,0.005856802702043845,-0.0000000000000000730247626582088,-0.00000000000000005917247130266372,0.0000000000000005140673138286844,-0.00000000000000020236461214921844
0.2,0,0.00642968639454176,-0.00000000000000008827997921112384,-0.00000000000000002901645038456397,0.00000000000000039190062002733453,0.0000000000000005058648156586312
0.20666666666666667,0,0.007067308464668072,0.00000000000000008249464811577791,-0.000000000000000039264855904369404,0.0000000000000004457559406689681,0.0000000000000005154910160898074
0.21333333333333335,0,0.007788385848648086,0.00000000000000018720254527007654,0.000000000000000029874464951540487,0.0000000000000009028634704230393,-0.0000000000000005687771283323826
0.22,0,0.008621772639887412,0.000000000000000048257705619676755,0.00000000000000002849327882404385,0.0000000000000017257549596668143,-0.00000000000000025711729655441414
0.22666666666666666,0,0.00961904454306902,-0.00000000000000023783707012951417,-0.00000000000000010415386505086296,0.000000000000002588222676917617,-0.00000000000000008802726679975359
0.23333333333333334,0,0.010869968562679555,0.0000000000000016523463881341645,-0.000000000000004062505915997478,0.000000000000002892025339287006,0.00000000000000018843856998421314
0.24,0,0.01253823212359494,0.000000000000005654560707044462,-0.000000000000008772115399239782,0.000000000000003908441763096016,0.000000000000003337153840646481
0.24666666666666667,0,0.014958698802609227,0.0000000000000079646681170854,0.000000000000004459747301928847,0.000000000000006912656483851725,0.000000000000007285160630589199
0.25333333333333335,0,0.018848142777711678,0.000000000000015168669491995027,0.00000000000003233348982845987,0.0000000000000061619151531878814,0.000000000000016824924818124194
0.26,0,0.026515458244565526,0.00000000000001684646088098198,-0.000000000000027971126381413963,0.0000000000000046758713515137244,0.000000000000012055203583718435
0.26666666666666666,0,0.050843673453516314,0.0000000000000035302985553707087,-0.00000000000001627215694254676,-0.00000000000009558096788616837,0.0000000000000978896140752464
0.2733333333333333,0,0.06877342186616833,-0.0000000000000011911996326189077,-0.000000000000004871485886780616,-0.00000000000005801472259771229,0.00000000000009760952202001005
0.28,0,0.07462500004124684,-0.00000000000006278655177277883,-0.00000000000005386311994342612,0.000000000000010191870196343759,0.00000000000007737800766474002
0.2866666666666667,0,0.0610474246496832,0.000000000000016055363493364407,0.000000000000012343290265919939,-0.00000000000004056905367772609,-0.00000000000011173680863035997
0.29333333333333333,0,0.029478038670270084,0.00000000000008696412963817436,0.000000000000022232180757943372,-0.00000000000017096798852068506,-0.0000000000002522024385247762
0.3,0,-0.007055562742929768,-0.00000000000011310445832343426,-0.0000000000001604712560042974,-0.0000000000002014029011175506,0.0000000000001847658870731104
0.30666666666666664,0,-0.03728415614381724,-0.00000000000011419270125046377,-0.00000000000000934767794372698,-0.000000000000116951199079092,0.00000000000030421188317564784
0.31333333333333335,0,-0.04914020428885675,-0.00000000000006752434909491764,0.00000000000001240883031869435,-0.00000000000013380359200727663,-0.0000000000004145671287008695
0.32,0,-0.040411471349036346,0.00000000000001260903191873895,-0.000000000000014134246377755095,-0.000000000001323112762730502,0.0000000000005011829319321935
0.32666666666666666,0,-0.031489616473368884,-0.00000000000004319676548772311,0.000000000000020525839955873046,-0.000000000006550406127912946,0.000000000004999713685942921
0.3333333333333333,0,-0.02636492039323506,-0.00000000000003934087376635746,0.000000000000037865944738345767,-0.0000000000013199004158441227,0.0000000000003649774687161077
0.34,0,-0.0229155549096449,0.00000000000007118828815060574,-0.000000000000039384279470663444,-0.0000000000004695535799914065,-0.0000000000005872332583104229
0.3466666666666667,0,-0.020654293179970355,0.00000000000009185581512497398,-0.00000000000004283748019612658,-0.0000000000003989205390858441,-0.0000000000003171362826879702
0.35333333333333333,0,-0.01930126885016997,0.000000000000044081465445686805,-0.000000000000010607561326671683,-0.00000000000029693053337693837,0.000000000000021283126305586483
0.36,0,-0.018694969489153522,0.00000000000004100409419021846,-0.0000000000000611668891066469,-0.0000000000006899036864505238,0.00000000000005455186077839509
0.36666666666666664,0,-0.019013316936304828,-0.000000000000039293182480928796,-0.000000000000017960644568444823,-0.0000000000007037331420666525,0.0000000000002979502796222602
0.37333333333333335,0,-0.020111252799801353,0.000000000000015076537923184514,0.000000000000035923856386368906,-0.00000000000021134141853118427,0.00000000000005954825147619971
0.38,0,-0.022074003758680138,0.00000000000004664347685795431,0.00000000000007939699403558348,-0.00000000000015137674059840748,-0.000000000000020903388537496765
0.38666666666666666,0,-0.02503139327163104,0.000000000000006867711919672691,0.0000000000000861843799442714,-0.0000000000006750267612427633,0.00000000000015706305933929748
0.3933333333333333,0,-0.02967207422132258,-0.000000000000007043967599989252,-0.00000000000003939116506900845,-0.0000000000005169769110785566,-0.00000000000031181816281451566
0.4,0,-0.026173476359915803,0.000000000000013166473523627264,-0.000000000000024449518719624172,-0.0000000000006009732247995021,-0.00000000000017237297832005908
0.4066666666666667,0,-0.015184404662534075,-0.000000000000011237547069812894,-0.00000000000003524794803252171,-0.00000000000030795831390264055,-0.0000000000001736363451352294
0.41333333333333333,0,0.0026287556655562984,-0.00000000000009732764856089738,-0.0000000000001221745624972099,0.0000000000004681021485238702,-0.0000000000005526403556041933
0.42,0,0.01995510368634915,-0.00000000000006244168463639447,-0.00000000000010751873491196519,-0.00000000000009367845110732743,-0.0000000000006379106251910716
0.4266666666666667,0,0.03603970550708596,-0.00000000000009668716013670043,-0.00000000000010471702175658643,-0.00000000000021597983730493725,-0.0000000000005360604739902625
0.43333333333333335,0,0.04996489498428927,-0.0000000000004772936736704605,0.00000000000010062225425873029,-0.0000000000002807705948627225,-0.00000000000024823548844354275
0.44,0,0.05717278221692479,-0.0000000000022545114150639613,0.0000000000012509616771455558,-0.0000000000011641940748616991,0.00000000000042130651745041854
0.44666666666666666,0,0.0356978457618062,-0.000000007384466293501305,-0.000000005574276716934806,0.0000000021957563572732593,0.00000000024595284053922906
0.4533333333333333,0,-0.0005135283211931078,-0.000000017199408105148326,-0.000000012988449135212817,0.000000005117347623725362,0.0000000005721309448810168
0.46,0,-0.0296250817772727,-0.000000006327074219829597,-0.000000004777732864360813,0.0000000018817548540029387,0.00000000021106791103134065
0.4666666666666667,0,-0.04713537723161828,0.0000000000001253253704280577,0.000000000000429381247361701,-0.000000000001154886083563253,0.0000000000006159325125234531
0.47333333333333333,0,-0.04849562953384991,0.00000000000007004061144212416,0.00000000000015332116795167753,-0.0000000000010025223458795318,-0.00000000000017128013217577296
0.48,0,-0.04765903413212358,0.00000000000005244850667870479,0.00000000000007594755016507233,-0.000000000001049184934470583,-0.00000000000005221047647305414
0.4866666666666667,0,-0.04605965794751808,0.000000000000048005394111576276,0.00000000000006842179638019558,-0.0000000000011641568768805347,0.0000000000003819737245619954
0.49333333333333335,0,-0.04629780814398739,0.000000000000021214480615567646,0.00000000000002318919242974265,-0.0000000000009938694267141238,0.00000000000012360655879226832
0.5,0,-0.04774274974216154,0.0000000000000007514168481780615,-0.000000000000012286876870826729,-0.0000000000008495354857351309,-0.0000000000001028138410696065
0.5066666666666667,0,-0.05428036975708113,0.000000000000006991976997747759,-0.0000000000000065902187526415475,-0.0000000000008147257557265219,-0.0000000000001944183937238406
0.5133333333333333,0,-0.06634207315971333,0.000000000000012299572951543179,0.0000000000000014833849345826389,-0.0000000000007985671078178692,-0.00000000000021686568031849984
0.52,0,-0.09476483510584827,0.000000000000014843944537653438,0.000000000000016596952156077588,-0.0000000000008376486553805228,-0.00000000000003448512502611632
0.5266666666666666,0,-0.12854123733151684,0.0000000000000163806730551612,0.000000000000028420729628760813,-0.0000000000008135566426238059,0.00000000000017121804445592654
0.5333333333333333,0,-0.2326990577180617,0.000000000000004670462207069772,-0.000000000000003004582468057676,0.00000000000004104405831392318,0.000000000000683531030096607
0.54,0,-0.3368568781046065,-0.000000000000007039748641021656,-0.00000000000003442989456487616,0.0000000000008956447592516522,0.0000000000011958440157372874
0.5466666666666666,0,-0.44101469849114966,-0.000000000000018749959489112886,-0.00000000000006585520666169413,0.000000000001750245460189367,0.0000000000017081570013779595
0.5533333333333333,0,-0.47132449451688746,-0.000000000000016284136224338604,-0.000000000000044624368915349626,0.0000000000008694576409755694,0.0000000000012438341559731547
0.56,0,-0.49293524852392867,-0.000000000000012148425139630395,-0.000000000000017190818720118523,-0.0000000000002157529476518639,0.0000000000006644669853509207
0.5666666666666667,0,-0.48492736259034824,-0.000000000000008490374482778416,-0.000000000000006734513757323387,-0.0000000000008041215004188301,0.0000000000003218327112887553
0.5733333333333334,0,-0.4446502974622476,-0.00000000000000535272955595053,-0.000000000000014774728882319848,-0.0000000000008511861743212484,0.0000000000002371162982644024
0.58,0,-0.38836154426987146,-0.000000000000002448328439094377,-0.000000000000020235995094054708,-0.0000000000008633441722873668,0.00000000000025058418353649217
0.5866666666666667,0,-0.2732678770074226,-0.0000000000000004005441978418474,-0.00000000000001622575095493517,-0.0000000000007473030652830569,0.0000000000006246461049386209
0.5933333333333334,0,-0.1581742097449737,0.0000000000000016472400434106822,-0.000000000000012215506815815633,-0.0000000000006312619582787469,0.0000000000009987080263407497
0.6,0,-0.024962882349978996,0.000000000000004302502358373626,-0.000000000000009314799250036077,-0.0000000000006878783968315887,0.0000000000009769860871301822
0.6066666666666667,0,0.11975159349175771,0.000000000000007343460751577826,-0.00000000000000711855152161082,-0.0000000000008541174556600851,0.0000000000007039756002736272
0.6133333333333333,0,0.264466069333492,0.000000000000010384419144781977,-0.0000000000000049223037931856014,-0.0000000000010203565144885785,0.00000000000043096511341707697
0.62,0,0.29080538716682436,0.0000000000000037538288457443825,-0.00000000000000043013625119596304,-0.0000000000007380714558366419,0.00000000000026280662288755726
0.6266666666666667,0,0.3116778747748955,0.000000000000000865698595344712,0.0000000000000070953824550031224,-0.0000000000005865363747346549,0.0000000000001728451595544357
0.6333333333333333,0,0.32518523471866456,0.000000000000006396171093428711,0.000000000000021067102450162702,-0.0000000000007332394346838306,0.0000000000002473609995286201
0.64,0,0.33360923665757974,0.00000000000000902271838709245,0.000000000000016614808233696456,-0.0000000000004986571134066584,0.00000000000021575835400271273
0.6466666666666666,0,0.3387362849441048,0.000000000000011860304481017184,0.000000000000009835014709168631,-0.0000000000004817674128399294,0.00000000000031874305432280313
0.6533333333333333,0,0.34038005455913783,0.000000000000016428424571492973,0.00000000000000755154682130472,-0.000000000001030258543298194,0.0000000000007103803154518078
0.66,0,0.33629181694812177,0.00000000000001062159966932869,0.000000000000011650482046361861,-0.000000000000972873450147394,0.0000000000003824654974472365
0.6666666666666666,0,0.3272442832394486,-0.000000000000026943412361079377,0.00000000000008726562716111091,-0.0000000000013845871939454667,-0.0000000000001854910383463504
0.6733333333333333,0,0.31151758071582125,-0.000000000000033540506961861294,0.0000000000000886986843655591,-0.0000000000013947484960140301,-0.00000000000018727836457014752
0.68,0,0.28632935216228905,0.0000000000000005427476063124701,-0.000000000000014485558323819805,-0.000000000000871376313936285,0.000000000000335043672218949
0.6866666666666666,0,0.24690442179721694,-0.000000000000007549516567451064,-0.00000000000004309455450365931,-0.0000000000009567241091080176,-0.000000000000007588250321305062
0.6933333333333334,0,0.1812167752895275,-0.000000000000007549516567451064,-0.00000000000004935485154270345,-0.0000000000007783056434952597,0.0000000000002506490025392656
0.7,0,0.06273761096072275,-0.0000000000000015076211273678303,-0.00000000000012903786915429947,-0.00000000000026439835923397896,-0.000000000000022046981353936846
0.7066666666666667,0,0.029082729311251332,0.00000000000002928268973500498,0.000000000000014509469329942544,-0.00000000000025635029778207845,0.00000000000017595964259999194
0.7133333333333334,0,0.3480616445049729,-0.000000000000007483100130506984,0.00000000000014705842097507321,-0.000000000000005118076752083983,0.00000000000015850769635748638
0.72,0,0.8821677805522662,-0.000000000000015345534457548875,0.00000000000016192484164450725,-0.00000000000006593150048644168,0.0000000000003015548980979091
0.7266666666666667,0,1.382046444188832,0.000000000000008684723239585276,0.0000000000001098114211238078,-0.00000000000021402336184538401,0.00000000000014613346982571442
0.7333333333333333,0,1.424694899555524,-0.000000000000014793332607265152,-0.000000000000007895660753290194,-0.00000000000022873610333612747,-0.000000000000011115332801990134
0.74,0,1.2424866898693212,0.00000000000001878530004731847,-0.00000000000004689694336000777,-0.0000000000000983589834877985,0.00000000000006307163656483231
0.7466666666666667,0,0.869119477482464,0.000000000000012434497875801753,-0.00000000000007667885164367664,-0.00000000000001454798558157307,-0.000000000000013043166480563215
0.7533333333333333,0,0.695328157027392,0.00000000000001216805423672186,-0.00000000000004636660780143302,-0.000000000000018116182740614364,0.00000000000001125681699106863
0.76,0,0.6357650512440207,0.000000000000009179925377391708,-0.000000000000011607021832658402,-0.000000000000013760957593419613,-0.0000000000000013326058856982432
0.7666666666666667,0,0.609659124099462,0.000000000000007915291015003831,-0.000000000000012110153772150483,-0.0000000000000031481273725457332,-0.0000000000000061685249297066315
0.7733333333333333,0,0.5975518670386912,0.000000000000009257384437737005,0.0000000000000016179315499354924,-0.000000000000007131999086782206,-0.0000000000000010327826966590018
0.78,0,0.592194873703668,0.0000000000000010837520439602379,-0.000000000000005142115955999666,-0.000000000000001971456318729003,-0.0000000000000029766664961150842
0.7866666666666666,0,0.5905806486251536,-0.0000000000000022017735379306964,-0.000000000000002707752878519286,0.0000000000000022850142216525067,-0.0000000000000014392547825922894
0.7933333333333333,0,0.5911549098363029,0.0000000000000008294505880113061,0.0000000000000008547594698103208,-0.00000000000000020309712704921314,-0.000000000000002788654566579451
0.8,0,0.5932266066456628,0.00000000000000010774245840385661,-0.0000000000000024251562690698983,-0.0000000000000010654865703820265,-0.000000000000002547774357404562
0.8066666666666666,0,0.5962204367956603,-0.0000000000000002299532107989979,0.0000000000000016515528670959731,-0.0000000000000020735296018377237,-0.0000000000000019424680937014404
0.8133333333333334,0,0.5998318548708095,-0.0000000000000019385224833031753,0.0000000000000010577142585300926,-0.0000000000000015247655071903849,-0.0000000000000017449675633836556
0.82,0,0.6038909107925968,-0.0000000000000010825727094402054,0.0000000000000009288463344532355,0.0000000000000030197617607744662,-0.0000000000000027548163726320675
0.8266666666666667,0,0.6083420097218061,0.0000000000000015388056576671328,0.0000000000000006893286426898251,-0.00000000000000020927444211244948,-0.00000000000000021969910721459886
0.8333333333333334,0,0.6130856869734235,0.000000000000002160683163297701,0.0000000000000007809044402021335,-0.000000000000002457819553871327,-0.00000000000000007186103362784288
0.84,0,0.6180786477484927,-0.000000000000017325856226999407,-0.000000000000023712344752976347,-0.000000000000027753045929603854,-0.0000000000000024421729759837587
0.8466666666666667,0,0.6233428702692924,-0.0000000000000008610285984379098,-0.000000000000001884956124449112,0.0000000000000028865177853114042,0.0000000000000014876491900265075
0.8533333333333334,0,0.6288066091974179,0.0000000000000030610704339593242,-0.0000000000000017023314898446985,0.0000000000000023309483585440275,0.0000000000000013164162845531498
0.86,0,0.6344968134031926,0.0000000000000006420266501832862,0.0000000000000016566399507245988,0.000000000000001897311422640543,0.0000000000000012161344792282573
0.8666666666666667,0,0.6404129998307162,0.0000000000000021829465140276173,0.00000000000000024701066902059677,0.0000000000000012968194542447692,0.0000000000000007702016691506057
0.8733333333333333,0,0.646567017306037,-0.0000000000000004420801149204612,-0.0000000000000016821102697170332,0.0000000000000013460571357643855,0.0000000000000002374900796943625
0.88,0,0.6529772172090605,-0.0000000000000011852326250619564,0.000000000000002003726553972038,0.0000000000000021342102620917424,0.00000000000000017492361822359039
0.8866666666666667,0,0.6596634894941205,-0.000000000000000036681010778532894,-0.0000000000000012880858176287671,-0.0000000000000007214522402049594,0.000000000000004242975077385644
0.8933333333333333,0,0.6666739528088567,0.00000000000000035378730447035575,0.0000000000000002474970577229884,0.0000000000000014980308062126581,0.0000000000000035639699644530135
0.9,0,0.6740177845271128,0.00000000000000013663005601514566,-0.000000000000003730059788226081,0.000000000000002973183397184444,-0.0000000000000014721577763990492
0.9066666666666666,0,0.681725827220952,-0.000000000000001024780471849035,0.0000000000000004653930450300476,-0.0000000000000012005784069733616,0.000000000000001117349548802505
0.9133333333333333,0,0.6898885219592141,0.00000000000000067375737249148445,-0.000000000000005186873244896772,0.0000000000000016221876677175543,0.0000000000000006403481874978576
0.92,0,0.6984888681713172,-0.000000000000000011446041941682946,-0.000000000000002327463044102954,0.00000000000000016367194320835274,0.000000000000001814127701714852
0.9266666666666666,0,0.7076715193778164,0.0000000000000009028347474239963,0.0000000000000011816252072694368,-0.00000000000000022741325453891917,-0.00000000000000007924023963647086
0.9333333333333333,0,0.7174794188404062,0.0000000000000005223140078472872,0.000000000000000044571991891497634,-0.0000000000000001396231929415857,-0.0000000000000004676381847024757
0.94,0,0.7279895876546489,-0.0000000000000007496160995049355,-0.0000000000000006629808643726807,-0.000000000000001143502687355702,-0.0000000000000005875289435113045
0.9466666666666667,0,0.7393175335037403,0.0000000000000004517256954637596,0.0000000000000011102230246251565,-0.00000000000000089422040997716,0.0000000000000007345261942287523
0.9533333333333334,0,0.7515788868714997,-0.00000000000000109746853466777,-0.0000000000000023319611759078644,0.000000000000002837938781967878,0.0000000000000007605462769230969
0.96,0,0.7649381801138008,0.0000000000000014209060812519922,-0.0000000000000007561176934884598,0.00000000000000003335153830580675,-0.0000000000000004884084357009648
0.9666666666666667,0,0.779578238601976,0.0000000000000002032836146690886,-0.00000000000000029249160178886837,-0.0000000000000004934937109077338,-0.000000000000000875965119352952
0.9733333333333334,0,0.795704060782004,-0.00000000000000017031452076088768,-0.000000000000001817437573585193,0.0000000000000005866938669125282,-0.000000000000000339752342630807
0.98,0,0.8135769088932991,-0.0000000000000006138425781802693,-0.00000000000000023531056467671057,0.00000000000000016730605610566594,-0.00000000000000033023329395705996
0.9866666666666667,0,0.7046257171702723,-0.000000000000000334782549291564,-0.0000000000000001914344673445459,-0.00000000000000015194081509261862,0.0000000000000008744436020509789
0.9933333333333333,0,0.3503432969572621,-0.0000000000000012326340991859028,0.000000000000000052663958206700196,-0.000000000000000972964864526458,0.0000000000000002723854818027865
1,0,0.000000000000008604228440844963,-0.0000000000000003191891195797133,0.000000000000000291433543964114,0.0000000000000003469446951953543,-0.0000000000000001249000902703589
1.0066666666666666,0,-0.3503432969572448,0.0000000000000012332978367084102,-0.0000000000000006520900925866362,0.0000000000000006887191160371752,-0.0000000000000003212066407010571
1.0133333333333334,0,-0.7046257171702653,0.0000000000000007245043691796803,-0.00000000000000014992955045412586,0.0000000000000006741449848689993,-0.0000000000000008051976331705714
1.02,0,-0.8135769088932873,0.0000000000000006138425781802636,0.0000000000000006536404574353794,-0.00000000000000035354529882409796,0.00000000000000025179643906486936
1.0266666666666666,0,-0.7957040607819923,0.00000000000000007459933423569297,0.0000000000000018260592542792624,-0.0000000000000006020009828498175,0.00000000000000042781397118739996
1.0333333333333334,0,-0.7795782386019638,-0.00000000000000006761419164480453,0.0000000000000008600369343164921,0.000000000000000752508996675654,0.0000000000000004133354391144759
1.04,0,-0.7649381801137893,-0.0000000000000007319399400456664,0.00000000000000022182036708977104,-0.000000000000000011416163215615956,0.00000000000000033306690738754696
1.0466666666666666,0,-0.751578886871488,0.0000000000000008583212652331899,0.000000000000003465664110021263,-0.0000000000000035642797298718784,-0.0000000000000008566400021521451
1.0533333333333332,0,-0.7393175335037293,-0.000000000000000714805728060977,-0.0000000000000005291810603331165,0.000000000000000504845103690175,-0.0000000000000006235038917663254
1.06,0,-0.7279895876546374,0.000000000000001538103518875856,0.00000000000000029061152135323894,0.0000000000000015089870259419755,0.0000000000000003055268896548729
1.0666666666666667,0,-0.7174794188403948,-0.0000000000000001320453195016002,0.0000000000000006392235540229061,0.0000000000000005130654782344092,-0.00000000000000010429973066296611
1.0733333333333333,0,-0.7076715193778049,-0.0000000000000005326171275965248,-0.000000000000002011823068359936,-0.0000000000000000924469462425722,-0.0000000000000004812399222899495
1.08,0,-0.6984888681713055,0.0000000000000004595412319596622,0.0000000000000006707130386213682,-0.00000000000000026439334596982666,-0.0000000000000019468969458200094
1.0866666666666667,0,-0.6898885219592026,-0.0000000000000012651769635725983,0.000000000000004298302441564267,-0.0000000000000015469449123960149,-0.000000000000001400143062792528
1.0933333333333333,0,-0.6817258272209404,0.00000000000000036612950746025323,-0.00000000000000042306596352697455,0.000000000000001752126657197369,-0.0000000000000008938796390419796
1.1,0,-0.6740177845271014,-0.0000000000000005662853436721681,0.0000000000000047747868145096656,-0.000000000000003469421380127422,0.0000000000000008226824213585748
1.1066666666666667,0,-0.6666739528088449,-0.0000000000000005946343221761833,0.0000000000000003988753521202436,-0.0000000000000023184198918382506,-0.0000000000000025064440196459555
1.1133333333333333,0,-0.6596634894941091,-0.0000000000000005407922708916524,0.000000000000001803133144888977,0.0000000000000008324745426675078,-0.000000000000003806928395472275
1.12,0,-0.6529772172090492,0.000000000000001018699171368183,-0.0000000000000012707223631241852,-0.0000000000000013179393443970026,-0.0000000000000001310967190963163
1.1266666666666667,0,-0.6465670173060256,0.0000000000000005691993132426593,0.0000000000000025072313639884524,-0.00000000000000134309832502859,-0.00000000000000021547556236309887
1.1333333333333333,0,-0.6404129998307048,-0.00000000000000271491801053844,-0.0000000000000008338678209716249,-0.0000000000000023263399519196353,-0.0000000000000017097885202474345
1.14,0,-0.6344968134031814,0.00000000000000012614546589980543,-0.000000000000002625674380812704,-0.0000000000000028352312810300456,-0.0000000000000019672868726268057
1.1466666666666667,0,-0.6288066091974063,-0.000000000000003849855063360126,0.000000000000001022457746489433,-0.000000000000000956909506342767,-0.0000000000000010975545261240264
1.1533333333333333,0,-0.6233428702692809,-0.0000000000000006315907838439112,0.0000000000000005563850997334081,-0.000000000000001664060949516905,-0.0000000000000008547848187617664
1.16,0,-0.6180786477484814,0.00000000000001815518200470332,0.000000000000023400115115907385,0.00000000000002863231762043255,0.0000000000000026899847329501113
1.1666666666666667,0,-0.6130856869734119,-0.0000000000000006269725459403338,-0.0000000000000020712834606536598,0.000000000000002641891676581128,0.00000000000000028607338478583463
1.1733333333333333,0,-0.6083420097217945,-0.000000000000001982503951232045,-0.000000000000001898194723249954,0.00000000000000035743448415748773,-0.00000000000000017487311652547225
1.18,0,-0.6038909107925854,0.0000000000000020610322426719554,-0.0000000000000007318119446946269,-0.000000000000003524038379645768,0.0000000000000029506290677279175
1.1866666666666668,0,-0.5998318548707978,0.0000000000000025829568897974555,-0.000000000000001276176560116738,0.000000000000001588123977425815,0.0000000000000010227426791750977
1.1933333333333334,0,-0.5962204367956486,0.0000000000000007007613615474955,-0.0000000000000013164126902738532,0.0000000000000016837038088053303,0.0000000000000019783622386515413
1.2,0,-0.5932266066456513,-0.0000000000000015903814961656431,0.0000000000000015767967932636383,0.0000000000000015082871089419944,0.000000000000001095935820244681
1.2066666666666668,0,-0.5911549098362915,0.000000000000001181860762745445,-0.000000000000002795318210680749,0.0000000000000004480039199566053,0.0000000000000022838801699872283
1.2133333333333334,0,-0.590580648625142,0.000000000000001741415689298153,0.00000000000000407748561560931,-0.0000000000000014924481468617618,0.0000000000000007830026708921834
1.22,0,-0.5921948737036564,-0.0000000000000007008896260407958,0.000000000000005998377213131533,-0.0000000000000003036904317333445,0.0000000000000024133512509866932
1.2266666666666666,0,-0.5975518670386798,-0.000000000000008534904046099957,-0.0000000000000009796772200360153,0.0000000000000033673621968012633,-0.000000000000001910258158053465
1.2333333333333334,0,-0.6096591240994513,-0.0000000000000065145079598468756,0.000000000000010848730937361564,0.000000000000001595947652996707,0.0000000000000016907566332037342
1.24,0,-0.6357650512440094,-0.000000000000011001470743061524,0.0000000000000117672503391916,0.000000000000012546156428721945,0.000000000000000891917667042539
1.2466666666666666,0,-0.6953281570273795,-0.000000000000013205441094306704,0.00000000000004480340587329602,0.000000000000023503011550536845,-0.00000000000001140958624983266
1.2533333333333334,0,-0.8691194774824557,-0.000000000000019437315741029584,0.00000000000008387063265771751,-0.000000000000006148290685885082,-0.00000000000000185401279362784
1.26,0,-1.24248668986931,-0.00000000000002077786471469241,0.00000000000003702891802991813,0.00000000000013202663898352588,-0.00000000000009297480990669251
1.2666666666666666,0,-1.4246948995555098,0.000000000000018547473546702065,-0.0000000000000011276762474179866,0.0000000000002509219240602748,-0.000000000000001764836344410812
1.2733333333333334,0,-1.3820464441888114,0.0000000000000056365506747069085,-0.00000000000009828414095502506,0.00000000000019042806841327956,-0.00000000000013766436434816914
1.28,0,-0.8821677805522297,-0.000000000000006978246859561835,-0.0000000000001504871714967242,-0.00000000000003136310042843957,-0.00000000000031342613686038895
1.2866666666666666,0,-0.34806164450496174,-0.000000000000006077452281462973,-0.0000000000001338981545021276,0.00000000000009035272846453825,-0.00000000000015981199987862119
1.2933333333333332,0,-0.029082729311240223,-0.00000000000002133007545396667,-0.000000000000023586885871739363,0.0000000000002838305276232341,-0.000000000000033568940984976
1.3,0,-0.0627376109607116,0.000000000000012280350382048071,0.00000000000009462647136539219,0.00000000000017316474858832764,-0.000000000000016235220174730322
1.3066666666666666,0,-0.18121677528951666,0.000000000000008474697988966216,0.00000000000005764014681245352,0.0000000000007379196920955409,-0.0000000000002857407723496328
1.3133333333333332,0,-0.24690442179720484,0.0000000000000018231323849819316,0.000000000000027121198747113863,0.0000000000009820712766182581,-0.000000000000049414559125720605
1.32,0,-0.28632935216227834,-0.000000000000021537174600651192,0.000000000000018535919441701587,0.0000000000009029817304971782,-0.0000000000004218104537409449
1.3266666666666667,0,-0.31151758071581076,0.000000000000024546029722527323,-0.00000000000011123475942295085,0.0000000000014746249749848346,0.0000000000002323816144702734
1.3333333333333333,0,-0.3272442832394378,0.00000000000002582507658979869,-0.00000000000011944015987759627,0.000000000001403105524733924,0.00000000000027589053123604476
1.34,0,-0.33629181694811094,-0.000000000000024783169491890362,-0.00000000000003849141629231765,0.0000000000008965998614484246,-0.0000000000003643950340874453
1.3466666666666667,0,-0.3403800545591268,-0.00000000000006748041141956658,-0.00000000000005727820274049518,0.0000000000010195679182001322,-0.000000000000774288556593137
1.3533333333333333,0,-0.33873628494409364,0.00000000000003632535568367075,0.0000000000000638438934403689,0.00000000000044760129091730906,-0.00000000000013716410017386044
1.36,0,-0.3336092366575689,-0.00000000000009286931711590508,-0.000000000000054551758982707535,0.0000000000004592014384329429,-0.0000000000002602641424310481
1.3666666666666667,0,-0.32518523471865446,-0.00000000000022454195754802348,-0.0000000000001728072194215592,0.0000000000007652133593228163,-0.0000000000005817257623631035
1.3733333333333333,0,-0.3116778747748854,0.000000000000131882441078507,0.00000000000022087509919206473,0.00000000000094218847926151,-0.00000000000003217144255347545
1.38,0,-0.290805387166814,0.0000000000002349940464493006,0.00000000000024660294178848765,0.000000000001037633075873765,-0.00000000000007925148558447199
1.3866666666666667,0,-0.2644660693334808,0.00000000000021875434232183416,0.00000000000010305558699333974,0.0000000000010928577520920344,-0.00000000000039891451007657067
1.3933333333333333,0,-0.11975159349174741,0.00000000000010353580764598876,0.000000000000052372947106604234,0.0000000000010117655282732576,-0.000000000000458382140877007
1.4,0,0.024962882349986004,-0.000000000000011682727029856607,0.000000000000001690307219868729,0.0000000000009306733044544809,-0.0000000000005178497716774433
1.4066666666666667,0,0.15817420974498553,-0.00000000000009297522567287258,0.000000000000007669265550452902,0.000000000000979684068077343,-0.0000000000005468009948590745
1.4133333333333333,0,0.2732678770074338,-0.00000000000012083362378824525,0.00000000000010289123276869455,0.0000000000012336093139926541,-0.0000000000005276883419407178
1.42,0,0.3883615442698821,-0.0000000000001486920219036179,0.0000000000001981131999869362,0.000000000001487534559907965,-0.0000000000005085756890223611
1.4266666666666667,0,0.44465029746226115,-0.00000000000022517053508376978,0.0000000000003670774101847226,0.0000000000013692472581646552,-0.0000000000005661390846878005
1.4333333333333333,0,0.48492736259036096,-0.0000000000003148875697102532,0.0000000000005561205170260996,0.0000000000011496121132867067,-0.0000000000006445802078584964
1.44,0,0.4929352485239412,-0.00000000000030173405476949497,0.0000000000005301712821685641,0.00000000000041731565021542794,-0.0000000000008922040519414638
1.4466666666666668,0,0.4713244945168995,-0.00000000000019415961422169343,0.00000000000030688883593970124,-0.0000000000007855329425992897,-0.0000000000012951142162828239
1.4533333333333334,0,0.4410146984911606,-0.00000000000008576899228325746,0.00000000000010444738720014168,-0.0000000000017618955924124139,-0.0000000000016164284554171987
1.46,0,0.3368568781046184,0.000000000000029550367680482146,0.00000000000007892961430728629,-0.0000000000008155707324735358,-0.0000000000012450574701929581
1.4666666666666666,0,0.23269905771807617,0.00000000000014486972764422178,0.0000000000000534118414144309,0.00000000000013075412746534233,-0.0000000000008736864849687175
1.4733333333333334,0,0.1285412373315305,0.00000000000026018908760796525,0.000000000000027894068521574656,0.0000000000010770789874042521,-0.0000000000005023154997444645
1.48,0,0.09476483510585461,0.00000000000013323266971365547,0.00000000000013178394285712214,0.0000000000011621332593759615,-0.000000000000324734842940932
1.4866666666666666,0,0.06634207315971219,-0.000000000000012152722716682385,0.0000000000002455173527562489,0.000000000001181674033157288,-0.00000000000016189506142987802
1.4933333333333334,0,0.05428036975707676,0.0000000000001604067769681602,0.000000000000007528868507666749,0.0000000000010085520806001333,0.00000000000004904413281912926
1.5,0,0.04774274974215639,0.0000000000004403159381722484,-0.0000000000003492136112351587,0.0000000000007703802436991295,0.0000000000002762234234016251
1.5066666666666666,0,0.04629780814398282,0.0000000000001992234379034777,0.00000000000003057477578743941,0.0000000000011377498808449045,0.00000000000015834338198208558
1.5133333333333334,0,0.046059657947514494,-0.0000000000001653287183435912,0.0000000000005848959026312417,0.0000000000016486122313441526,-0.0000000000000413039733854367
1.52,0,0.04765903413211921,-0.0000000000000722098342093762,0.00000000000008670366614782946,0.000000000001126483277108842,0.00000000000015698682029730992
1.5266666666666666,0,0.048495629533844405,0.00000000000016397744163953983,-0.00000000000042322835933160075,0.0000000000009699700515527238,0.00000000000017969973644895468
1.5333333333333334,0,0.047135377231610764,0.0000000000007969747060096019,-0.0000000000009464496668635618,0.0000000000018693393364913827,-0.0000000000003027854328828436
1.54,0,0.029625081772703003,-0.000000008343976420918444,0.000000005204336264833082,0.0000000021533051473905057,0.000000006070382888591902
1.5466666666666666,0,0.000513528308787127,-0.000000022683607649510158,0.000000014149169220741942,0.0000000058495620951342305,0.00000001650224503275472
1.5533333333333332,0,-0.035697845767110645,-0.000000009736501241968287,0.0000000060737683396515355,0.000000002511316586107977,0.000000007082688949015073
1.56,0,-0.057172782216891996,0.0000000000004870641210127755,0.00000000000039539474854046193,0.0000000000006841166044150557,-0.0000000000009617914610949787
1.5666666666666667,0,-0.04996489498426099,0.00000000000011804774447331916,0.00000000000018409234791735205,0.00000000000042373915767851596,0.00000000000038194214795609236
1.5733333333333333,0,-0.036039705507058394,0.00000000000003198864218825368,0.00000000000008190462973319171,0.00000000000032502771499725405,0.000000000000716499030851871
1.58,0,-0.01995510368632114,0.000000000000016867766843795604,0.00000000000003071546737521651,0.00000000000015627785220413895,0.0000000000006563514965903652
1.5866666666666667,0,-0.0026287556655284344,0.00000000000001716166712959596,0.00000000000002903043906996114,-0.00000000000020737476809283437,0.00000000000028015913076591
1.5933333333333333,0,0.015184404662561185,0.000000000000007896713629226632,0.000000000000007283934430342402,0.00000000000035839841230790574,0.0000000000002606457947619483
1.6,0,0.026173476359936654,0.000000000000003969376499413577,-0.000000000000007663018759889023,0.0000000000005031033010864421,0.000000000000384750676216109
1.6066666666666667,0,0.02967207422133461,0.0000000000000026195945919479003,-0.000000000000019047605480857107,0.0000000000003948568955497519,0.00000000000044265742637930765
1.6133333333333333,0,0.025031393271643408,-0.000000000000006219260960854882,-0.00000000000004049134817240658,0.0000000000007293957450639825,-0.00000000000007890707916256373
1.62,0,0.02207400375869302,-0.0000000000000031532766546347105,-0.000000000000015554468153790167,0.00000000000019243311282076796,0.000000000000017751004691005925
1.6266666666666667,0,0.020111252799814558,-0.0000000000000008652072240590798,-0.000000000000009702424042719465,0.00000000000026500114406658065,0.0000000000000007301408500773576
1.6333333333333333,0,0.019013316936317887,-0.000000000000005265077413402642,-0.000000000000017474107336919652,0.0000000000007738972049412428,-0.00000000000011794792636900899
1.64,0,0.018694969489165908,-0.00000000000002408610216597727,0.000000000000003378118709273822,0.0000000000006356026487799596,0.000000000000014814847545822863
1.6466666666666667,0,0.019301268850182678,-0.000000000000003971071695521694,-0.000000000000004034186192938379,0.0000000000001698174075872668,-0.000000000000013376554417228878
1.6533333333333333,0,0.020654293179982068,-0.000000000000002179696855436506,-0.000000000000007589239104668893,0.0000000000004621585526758922,0.0000000000002207177060883882
1.66,0,0.02291555490965589,-0.000000000000005731327563634013,-0.000000000000005157630666550056,0.0000000000006496895119504667,0.0000000000005373060906331929
1.6666666666666667,0,0.026364920393246873,-0.000000000000004356922712391273,-0.0000000000000046451543618015494,0.00000000000140644971579007,-0.0000000000002373795775646338
1.6733333333333333,0,0.03148961647338198,-0.000000000000003946236020174823,-0.000000000000029400435531515347,0.000000000006695364201862896,-0.000000000005047342116803697
1.68,0,0.04041147134904946,0.0000000000000020591713040162246,-0.0000000000000007456613475758337,0.0000000000014191276069145195,-0.000000000000529018092561898
1.6866666666666668,0,0.04914020428887096,-0.0000000000000003167573545530895,-0.000000000000003129234304530888,0.0000000000001270830625804702,0.0000000000004186380397188211
1.6933333333333334,0,0.037284156143831806,0.000000000000003213195883494205,-0.000000000000010257241407745928,0.00000000000017918215797267151,-0.0000000000002608985678366125
1.7,0,0.0070555627429438016,0.000000000000004394413529555156,-0.000000000000013763362977640271,0.00000000000035444193697755654,-0.00000000000019198029228725006
1.7066666666666668,0,-0.02947803867025718,0.000000000000004937091689540584,-0.0000000000000051521842572124985,0.00000000000014847535024318492,0.00000000000018923539661477496
1.7133333333333334,0,-0.06104742464967025,0.0000000000000039582722057261685,-0.0000000000000014596266148636468,0.000000000000006125897795783392,0.00000000000011913579515037576
1.72,0,-0.07462500004123455,0.0000000000000015039860319562756,-0.0000000000000007878200893051396,0.000000000000005310249741055034,-0.000000000000034898308442215175
1.7266666666666666,0,-0.06877342186615615,0.0000000000000008442837952527974,0.000000000000004998697739275936,0.00000000000005081722876071619,-0.00000000000007320212840986197
1.7333333333333334,0,-0.050843673453503706,0.0000000000000018538092739985065,0.000000000000008446867352841042,0.0000000000000981255259802954,-0.00000000000006802548472554863
1.74,0,-0.02651545824455299,0.000000000000002459371726020148,0.000000000000003503443799184176,0.000000000000007741571587565471,-0.000000000000005425698044658351
1.7466666666666666,0,-0.018848142777699077,-0.0000000000000003329525142224371,-0.000000000000001745646403503602,0.000000000000007382044861353979,-0.00000000000003586562753056465
1.7533333333333334,0,-0.01495869880259673,-0.0000000000000013296774965699839,-0.0000000000000013830157143410417,0.0000000000000017332806416766137,-0.00000000000000008517885272654758
1.76,0,-0.012538232123582557,-0.0000000000000006062794516878801,-0.000000000000001412860140642085,0.0000000000000028317761944434416,0.000000000000005121970379335225
1.7666666666666666,0,-0.010869968562667176,0.0000000000000001375226838883886,-0.00000000000000044115658727286493,0.00000000000000009877347006559299,0.00000000000000405528609133715
1.7733333333333334,0,-0.009619044543056591,0.00000000000000020609124925013168,0.0000000000000001941481163248938,-0.0000000000000014226998705379622,0.0000000000000010426165459614927
1.78,0,-0.008621772639874993,-0.00000000000000007518383441730976,0.0000000000000000933623854990614,-0.0000000000000013731707831049645,-0.0000000000000013158809060969283
1.7866666666666666,0,-0.007788385848635672,-0.0000000000000002426970117033783,-0.0000000000000000561348813688436,-0.0000000000000005859318646552618,0.00000000000000041896369519618116
1.7933333333333332,0,-0.00706730846465566,-0.00000000000000011192983362545728,-0.000000000000000051237694301510585,0.00000000000000017030058512603692,0.0000000000000005853434246408225
1.8,0,-0.0064296863945293384,0.0000000000000001187338092745038,0.000000000000000055229745549294494,-0.0000000000000002489447659775382,-0.000000000000001094395779839327
1.8066666666666666,0,-0.005856802702031435,0.0000000000000000810589925116519,0.00000000000000007882822030468757,0.00000000000000030807285349587445,0.0000000000000007842831730019647
1.8133333333333332,0,-0.005336790454932269,-0.00000000000000006090958766132584,-0.00000000000000021986810211997628,0.00000000000000014713533896513564,0.00000000000000038790990119690724
1.82,0,-0.004859648843363609,0.00000000000000011586971195486361,-0.00000000000000016471055736298015,-0.00000000000000014853344421175686,-0.00000000000000007701918911004454
1.8266666666666667,0,-0.004420612584942135,0.00000000000000028587433390025853,0.00000000000000023753407256554674,-0.00000000000000042075596512925436,0.00000000000000004026891679862437
1.8333333333333333,0,-0.004015206497779252,-0.000000000000000036841665258514273,-0.00000000000000005563808181573853,0.00000000000000018575073924505435,0.0000000000000006266214573846142
1.84,0,-0.0036403244136043195,0.00000000000000007771373783377292,-0.0000000000000001941319764198174,0.00000000000000031329449308297816,0.0000000000000007142261206290994
1.8466666666666667,0,-0.0032929574445893567,0.000000000000000025980678698320902,-0.0000000000000001585468035541933,-0.00000000000000003681420031938813,0.00000000000000019557865948196565
1.8533333333333333,0,-0.0029710758088213537,-0.00000000000000005963004101391762,-0.00000000000000011820273495111999,0.000000000000000009305372133493521,-0.00000000000000002118014950872167
1.86,0,-0.0026727995000958493,0.00000000000000008149341640560293,-0.00000000000000031468204788119755,0.00000000000000004175196002056084,0.000000000000000024973180969586753
1.8666666666666667,0,-0.002396964767403048,0.00000000000000010164949230964695,-0.00000000000000011120021680279154,-0.000000000000000018513380321907326,0.0000000000000000662581218309445
1.8733333333333333,0,-0.0021421388323165785,-0.0000000000000000497125766752226,0.000000000000000034747648495161445,-0.00000000000000010775928306269784,-0.000000000000000026882644647015705
1.88,0,-0.0019072275433516992,-0.000000000000000053892254999194955,-0.00000000000000001245852341594507,0.0000000000000000000023945409728465362,0.0000000000000000033842325262953852
1.8866666666666667,0,-0.0016912758581718252,-0.000000000000000041333005219565935,-0.000000000000000014798405228034807,0.0000000000000000056789986498312394,-0.00000000000000004754743489110666
1.8933333333333333,0,-0.0014932358135664745,0.00000000000000002829043329108379,0.0000000000000004477071884672709,0.0000000000000004028822822352139,0.0000000000000000034597890709031185
1.9,0,-0.0013121338336118725,0.000000000000000016687660351527096,0.00000000000000008839903053905725,0.00000000000000005006179674836686,-0.0000000000000000014404441421568371
1.9066666666666667,0,-0.0011471532668831017,0.000000000000000026246425069803695,0.000000000000000022713323231410177,0.000000000000000039098748103329313,0.000000000000000022651598615686777
1.9133333333333333,0,-0.0009981528404006527,0.00000000000000014928291433513454,0.00000000000000012690586174632784,0.00000000000000013984449519279578,0.00000000000000009706832491918435
1.92,0,-0.0008645560366177289,-0.00000000000000000022103906390363326,0.000000000000000015277184162028442,-0.0000000000000000006309345266331571,-0.000000000000000007838711388561471
1.9266666666666667,0,-0.0007449443347452962,0.000000000000000004679609174885213,-0.000000000000000019379446403398805,-0.000000000000000005733016820637183,-0.00000000000000000838281267119491
1.9333333333333333,0,-0.0006385547851138257,-0.000000000000000016243265116969156,0.000000000000000013982629292173077,0.000000000000000004792341981701043,-0.0000000000000000034738174365065786
1.94,0,-0.0005447642890687464,-0.00000000000000001297849770421288,-0.0000000000000000219010968095982,-0.00000000000000001922775237100563,0.0000000000000000028102044100572527
1.9466666666666668,0,-0.0004629904078955001,0.0000000000000000010855072771484594,-0.00000000000000001523155500837406,-0.0000000000000000062759680729788996,0.0000000000000000018895171407329473
1.9533333333333334,0,-0.0003926398692284645,0.000000000000000005152761022605119,-0.0000000000000000009396816507897824,-0.00000000000000000041455090866483095,0.0000000000000000047408212827068274
1.96,0,-0.0003331510117238888,0.000000000000000010367142030251502,-0.000000000000000003848117748127025,-0.000000000000000004806495535314507,0.0000000000000000015245898270440176
1.9666666666666666,0,-0.00028516844331110384,0.0000000000000000009311511104515122,0.000000000000000002994264987965607,-0.00000000000000000014513846655379395,0.0000000000000000024426932175776927
1.9733333333333334,0,-0.0002468865670407604,0.000000000000000001019716324976077,0.0000000000000000016079545499044534,0.00000000000000000024172313746278137,0.0000000000000000017254584902006493
1.98,0,-0.0002177376724063136,0.000000000000000007437668070266239,-0.000000000000000001783820144093158,-0.00000000000000000036476067614845297,0.0000000000000000045629029117847255
1.9866666666666666,0,-0.0001972664995946113,0.000000000000000004784359600540414,-0.0000000000000000013142088964802437,0.0000000000000000010562783360188722,0.000000000000000001834229703201183
1.9933333333333334,0,-0.0001182895179707203,0.0000000000000000020288109591341763,0.000000000000000005094141707140441,0.0000000000000000031270976961872332,0.000000000000000002202155541420556
