# n,energy,berry,bcd_x,bcd_y,qmd_x,qmd_y
0.0000012604166666666667,0,0.00000013527009586423814,-0.000000018205670497261953,0.000000010539268720383154,0.000000006307438507513264,-0.000000010967787850478129
0.006666666666666667,0,0.0007406118885511131,-0.0000000000000000029990112573252895,-0.000000000000000014742576222475773,-0.000000000000000008445883426610803,-0.000000000000000004669917767565233
0.013333333333333334,0,0.0015407261067477336,0.0000000000000000031860329581164293,0.000000000000000007504503042226224,0.0000000000000000015049241324616122,0.0000000000000000055015239968201604
0.02,0,0.002419931387399693,0.000000000000000004664183969908725,-0.00000000000000000572831225484408,-0.000000000000000010932482682774501,0.000000000000000002649609053589398
0.02666666666666667,0,0.0034008181258553343,0.0000000000000000025593461612664426,0.00000000000000000016797270746017168,-0.000000000000000013019538247499115,-0.00000000000000001535525393219597
0.03333333333333333,0,0.004511460984011768,0.00000000000000008161047801061101,0.00000000000000003965869955412669,0.000000000000000039278840603012086,0.00000000000000005273339143858485
0.04,0,0.005783583154880263,0.00000000000000001976924655191254,-0.000000000000000011948267925842856,-0.000000000000000015550949795019655,0.0000000000000000334522379537322
0.04666666666666667,0,0.00724952751671818,0.000000000000000025402752535141727,-0.000000000000000024835362663548384,-0.0000000000000000851876717789665,0.000000000000000023093099647866506
0.05333333333333334,0,0.00894964868072177,-0.000000000000000047677264814947694,0.000000000000000006565430881445613,0.000000000000000010419454310283409,-0.00000000000000004633657733486646
0.06,0,0.010547685004334922,-0.0000000000000002535070083366367,-0.0000000000000004206130318956029,-0.000000000000000369660579432331,-0.0000000000000002185049908610349
0.06666666666666667,0,0.011228141695394142,-0.00000000000000003192609201949376,0.00000000000000009546059984771784,0.00000000000000020425002484904514,-0.00000000000000006371530481194626
0.07333333333333333,0,0.011995749710033116,0.00000000000000005364587696315284,0.000000000000000020199340647630884,0.00000000000000008436459765322175,-0.0000000000000000188830017826934
0.08,0,0.012859589148195693,-0.00000000000000008018069399653793,0.00000000000000008770406907160755,0.00000000000000001344533295753707,-0.00000000000000004532439000638227
0.08666666666666667,0,0.013830106602262316,-0.00000000000000006839599846128772,0.000000000000000019477373536329914,0.00000000000000006836505775434671,-0.0000000000000001750892274105966
0.09333333333333334,0,0.014918492248437783,-0.0000000000000000016216095897855458,0.00000000000000004169587496943637,0.0000000000000001161562321451159,0.00000000000000006683150156240796
0.1,0,0.016137972601526485,-0.0000000000000001347527124874709,0.000000000000000011387464171700942,0.000000000000000008792229752318503,0.00000000000000019984997724064732
0.10666666666666667,0,0.017504684411625,-0.00000000000000002814478378602588,0.00000000000000023522060895636586,0.00000000000000023178227728945344,0.0000000000000002308422391746267
0.11333333333333333,0,0.01903687017074624,-0.00000000000000005572578265367655,0.00000000000000013335187718506969,0.0000000000000002833037041829921,0.00000000000000003987966581009017
0.12,0,0.020757070728317943,0.00000000000000012532988239863986,0.000000000000000115007679757484,0.00000000000000026448072642543436,0.0000000000000003968933660675615
0.12666666666666668,0,0.02269338204275973,0.00000000000000017502458254686676,0.00000000000000014959676313449973,0.0000000000000005505447493178112,0.0000000000000008955786345938562
0.13333333333333333,0,0.024880456351183154,-0.0000000000000000437828348975232,-0.00000000000000010273765259647513,0.000000000000000937051022815625,0.0000000000000019472807578101468
0.14,0,0.027363063630055622,0.00000000000000004877585562759584,-0.00000000000000023411558226700466,0.0000000000000006308738497321368,0.0000000000000014622065288539168
0.14666666666666667,0,0.030199981882102326,-0.00000000000000002790612263948154,0.0000000000000000575629846137932,0.0000000000000007325676382885151,0.000000000000001265022499804765
0.15333333333333332,0,0.03347029893288042,-0.0000000000000011482293632602048,-0.0000000000000022229536673726973,0.0000000000000017112127920162842,0.0000000000000020008706675400512
0.16,0,0.037283164246151475,-0.000000000000006658021625397105,-0.000000000000012587958845010887,0.0000000000000005876486100112551,-0.0000000000000017265011504358675
0.16666666666666666,0,0.04178917604124504,0.000000000000008844996292446003,0.000000000000015097982773212597,0.000000000000006772975562965622,0.000000000000007083085946592069
0.17333333333333334,0,0.04735225789177778,-0.00000000000003971373949664258,-0.00000000000006219832057789648,0.0000000000000024710942569016325,0.0000000000000053323202987753295
0.18,0,0.054389611150009134,-0.000000000000009818876957566903,-0.000000000000014045764444317372,0.000000000000007698133038183666,0.0000000000000006427511631844739
0.18666666666666668,0,0.06372301409158196,-0.0000000000000013656656054501899,-0.0000000000000016601485624595987,0.000000000000025724084772218496,0.000000000000005517512815356885
0.19333333333333333,0,0.07748416103189762,-0.0000000000000031121372612345837,-0.0000000000000047266464576912805,0.000000000000040664858953228604,0.000000000000005425876400364977
0.2,0,0.09558960845949141,-0.000000000000004206588569262762,-0.0000000000000059367902448806966,0.000000000000035678052262919725,-0.0000000000000004900695107710506
0.20666666666666667,0,0.11746595413777092,-0.0000000000000021531056792253492,-0.0000000000000023470745630520717,-0.00000000000000321915512519449,-0.000000000000006903970729023926
0.21333333333333335,0,0.128961858930265,-0.000000000000002432663083715718,-0.000000000000002077386003994431,-0.000000000000013519142134185226,-0.000000000000005946501821130627
0.22,0,0.13573418015081906,-0.0000000000000006085590927850805,-0.0000000000000014239077363741232,-0.000000000000028933610709166424,0.00000000000008596479554665846
0.22666666666666666,0,0.13837617855495854,-0.0000000000000003051600324384602,-0.0000000000000006209521086867535,0.000000000000010411796484729759,0.000000000000017373612310412335
0.23333333333333334,0,0.13715526234857123,-0.0000000000000010563702528311944,-0.0000000000000006872348356696668,0.00000000000002476934701645504,-0.00000000000028727443077627404
0.24,0,0.1319947293013187,-0.0000000000000008342563281415151,0.0000000000000003898013697234659,0.000000000000024247169157994346,-0.0000000000000049605103739649685
0.24666666666666667,0,0.12271270016136597,0.0000000000000002911071556789459,-0.00000000000000019886043931952147,0.000000000000051639708041401784,-0.000000000000028223188885807984
0.25333333333333335,0,0.10523467990616771,0.0000000000000007610702341697581,-0.0000000000000003321428153087038,0.00000000000012952117145575825,-0.000000000000014245827136601965
0.26,0,0.07713355553541286,0.000000000000004078092355333233,0.0000000000000013388283529315612,0.000000000000018182702695226597,-0.00000000000006317927014393537
0.26666666666666666,0,0.04831148151950806,0.000000000000006839168150109107,0.000000000000004225325915125777,-0.000000000000005600133343159135,0.000000000000043043170753930626
0.2733333333333333,0,0.02400087031678199,0.00000000000000311118284813865,0.0000000000000029244730378520976,-0.00000000000008705267021279764,0.00000000000006250528133340178
0.28,0,0.0029273831123324094,0.000000000000005060288186462744,0.0000000000000005432953184626375,0.00000000000000010941864744364374,-0.000000000000009333927779743708
0.2866666666666667,0,-0.01597366413418009,0.000000000000005454545753651319,-0.000000000000004010371747330881,-0.0000000000000060095180040722414,-0.0000000000000781832169275912
0.29333333333333333,0,-0.03311094925681475,0.000000000000007557682232463048,-0.0000000000000034801508705240302,0.000000000000002932861176385855,-0.00000000000007617709158506608
0.3,0,-0.048817575921435916,0.000000000000013863661079263321,0.000000000000004144802878836548,0.00000000000016227320683245135,0.00000000000004105197388528818
0.30666666666666664,0,-0.06305820061063552,-0.00000000000003165109265733838,-0.0000000000001378256671846137,0.000000000000012505754932219079,0.00000000000010383658254215411
0.31333333333333335,0,-0.07693934233584732,-0.0000000000002807310783474108,-0.00000000000028773844587254465,-0.00000000000010539747806208436,-0.00000000000005626286580617534
0.32,0,-0.09151157211689702,0.000000000002472982373539616,0.00000000000021713129394425026,-0.00000000000019468703521299973,-0.000000000011385095010472308
0.32666666666666666,0,-0.1087822210625478,0.000000000014896837259899306,0.000000000002775525779204106,-0.0000000000002429576015010497,-0.00000000005719922581408596
0.3333333333333333,0,-0.11508977612103556,0.00000000010496498528313008,0.00000000008402333388721714,0.000000000019695981025364227,-0.000000000007742138854917682
0.34,0,-0.1115253871322811,0.00000000021912478576659636,0.0000000001928431104303637,0.00000000004684686626073648,0.00000000009052066404146639
0.3466666666666667,0,-0.08836726795429616,0.000000000055141151549966206,0.00000000004848907664916872,0.000000000011589420313658672,0.000000000022583789169083948
0.35333333333333333,0,-0.07173007508398319,-0.00000000000000035383907334046465,-0.00000000000002948092681913625,-0.00000000000020812197538817682,-0.00000000000012473743543162126
0.36,0,-0.06153450453919968,-0.0000000000000039009859947254806,-0.000000000000005161310220935524,-0.00000000000012858732796323233,0.000000000000024002511219570337
0.36666666666666664,0,-0.06285730004745291,-0.000000000000000860995773092709,0.0000000000000026219271550178836,-0.00000000000007477303297603093,-0.000000000000025672222614769423
0.37333333333333335,0,-0.06586038524798583,-0.000000000000002293149636999325,0.0000000000000016007648517205367,-0.0000000000001516190172143438,-0.00000000000009923458691779872
0.38,0,-0.06846739179939823,-0.0000000000000027177630049184808,0.0000000000000008706826542970461,-0.00000000000006661065098770123,-0.00000000000004865639355755178
0.38666666666666666,0,-0.06968775868046227,-0.000000000000005400074221550197,0.0000000000000018545449403542576,-0.000000000000012536867226751342,0.000000000000036014899351908235
0.3933333333333333,0,-0.06858055108966402,-0.000000000000006809122086213394,0.0000000000000033578734050963243,-0.000000000000021349181395135026,0.000000000000039773904389837157
0.4,0,-0.0641384606789015,-0.0000000000000024177817073322887,0.000000000000003324922807167782,-0.000000000000019008333629590314,-0.000000000000019751546988251182
0.4066666666666667,0,-0.05514106389783292,-0.00000000000000026950482692161395,0.0000000000000025395838625796925,-0.000000000000030769810604986075,0.00000000000000721570036764329
0.41333333333333333,0,-0.0396141249902846,-0.000000000000007374138341475313,0.0000000000000021649111494537175,-0.000000000000015608947990798565,0.00000000000008600647784514564
0.42,0,-0.016377306169147312,-0.000000000000009455592467596338,-0.0000000000000016985561414089932,0.00000000000003355824611289357,0.000000000000021565367260198052
0.4266666666666667,0,0.012726334071038022,-0.000000000000007381672563031887,0.0000000000000002272266271151382,-0.000000000000013697500283967809,0.00000000000001504733327442407
0.43333333333333335,0,0.04420956269121465,-0.000000000000006981869287927568,0.0000000000000011286667549543842,-0.00000000000002910181869433862,0.000000000000011571390990523465
0.44,0,0.07780446886531267,-0.000000000000007592030377469865,0.0000000000000013483872748310618,-0.00000000000002630930711036363,0.000000000000011261828769808245
0.44666666666666666,0,0.11987143382860231,-0.000000000000006406441843480983,0.0000000000000016273492828284458,-0.00000000000007429077248591371,0.000000000000029394359289638213
0.4533333333333333,0,0.16846947297729487,-0.000000000000007182265652260446,0.0000000000000006735782900187996,-0.00000000000007970246547760416,0.00000000000001359341288110087
0.46,0,0.22455613137281205,-0.00000000000001020707175767992,-0.000000000000001693661270744268,-0.00000000000003630307353028125,-0.00000000000004111612363431225
0.4666666666666667,0,0.29524652232736737,-0.000000000000008238335482940753,-0.000000000000005372126939956157,-0.000000000000021268955777446728,-0.00000000000006719517969982741
0.47333333333333333,0,0.37011687146162897,-0.000000000000004840320889575076,-0.000000000000009425898735550298,-0.000000000000014353698008492018,-0.00000000000008507946703333098
0.48,0,0.4799102622515274,-0.000000000000005244370239407212,-0.000000000000002660749342008928,-0.00000000000005282127479359747,-0.00000000000005843752515737004
0.4866666666666667,0,0.5929426566316712,-0.000000000000006001049205061172,0.0000000000000051078213720384,-0.00000000000009549796845648085,-0.000000000000027665913887442323
0.49333333333333335,0,0.7545044900835165,-0.000000000000005890764386107489,0.000000000000003790555984764335,-0.00000000000009136740579897081,-0.000000000000035470089468124856
0.5,0,0.9354788210471183,-0.000000000000005433681157087441,-0.0000000000000011611789962861823,-0.00000000000006851324434796841,-0.00000000000005870515360997728
0.5066666666666667,0,1.116453152010722,-0.00000000000000497659792806739,-0.000000000000006112913977336742,-0.00000000000004565908289696584,-0.00000000000008194021775182991
0.5133333333333333,0,1.173391113823396,-0.000000000000005392710727798035,0.00000000000000010433039855131748,-0.00000000000006707399818683493,-0.00000000000008223092291351503
0.52,0,1.1969319301574497,-0.000000000000006381845597523917,0.000000000000008167650709924129,-0.00000000000009701482126054424,-0.00000000000007762943980580797
0.5266666666666666,0,1.1777953873600964,-0.000000000000013932741490559849,-0.0000000000000014425804266670554,-0.00000000000007930453816596906,-0.00000000000008895578364536187
0.5333333333333333,0,1.1476341382432962,-0.00000000000001669574614768362,-0.000000000000008395294208844919,-0.00000000000006002501862485581,-0.00000000000007247781836890308
0.54,0,1.1030864466396573,-0.000000000000013210899850520363,-0.000000000000011880140506008175,-0.000000000000038697759286216673,-0.000000000000019717245429851356
0.5466666666666666,0,1.0375352282063346,-0.00000000000001359357925353684,-0.000000000000012785886665605525,-0.00000000000005591990118490119,0.000000000000008587756571037077
0.5533333333333333,0,0.9614322913672948,-0.00000000000001042930005739342,-0.000000000000016493512421707028,-0.00000000000006027055880838393,0.000000000000002028495529252718
0.56,0,0.8652494482316853,0.000000000000005794690673800848,-0.000000000000030242657109159796,-0.000000000000003074116908580415,-0.00000000000009682785477353269
0.5666666666666667,0,0.7504396261399909,0.000000000000007530690637872577,-0.0000000000000363645105388685,0.000000000000020189203178967657,-0.00000000000008228992840870672
0.5733333333333334,0,0.6247743851631545,0.0000000000000008233886069225499,-0.000000000000038041336046606004,0.00000000000002367700023506167,-0.000000000000001668157996687388
0.58,0,0.4745427651115064,0.000000000000010897343810074235,-0.000000000000012550285672522185,-0.000000000000011256113654449149,0.00000000000002691215763614018
0.5866666666666667,0,0.3653030506178059,0.000000000000017387913999086716,0.000000000000005482099934551295,-0.000000000000027146686707213347,0.00000000000003661289115836159
0.5933333333333334,0,0.3682316820874628,0.00000000000001312534970937177,0.0000000000000016349550459526357,0.00000000000001081903421219689,-0.0000000000000012444594824965758
0.6,0,0.3612532754755128,0.000000000000009861461387361762,0.000000000000007359838504179993,0.000000000000021720397149829386,-0.000000000000014857421398623712
0.6066666666666667,0,0.35067983734854175,0.000000000000006959969126376086,0.000000000000016558186310283517,0.00000000000002280074001296235,-0.000000000000019672663874302067
0.6133333333333333,0,0.285871593350364,0.000000000000002939731889480287,0.000000000000029283576693911287,-0.00000000000006354433267529037,-0.00000000000004934339549339746
0.62,0,0.21731413911032502,-0.0000000000000011578433235424336,0.000000000000042252788806827546,-0.00000000000015593305681797248,-0.00000000000008073236787994887
0.6266666666666667,0,0.1542241958478484,-0.00000000000018651853680437734,0.0000000000003486902907474169,-0.0000000000006622181459585649,0.000000000000044525903027451425
0.6333333333333333,0,0.17202853206242336,-0.0000000000030537484406467072,0.000000000004997122889249464,-0.000000000007292285768335815,0.000000000002487450463098851
0.64,0,0.1981252127043293,-0.000000000004994490781122076,0.000000000008168452371683702,-0.000000000011787990378128529,0.000000000004143343687260949
0.6466666666666666,0,0.2730768717945383,-0.0000000000014767611131588333,0.0000000000026373164013354745,-0.00000000000370893282090341,0.000000000001162381883156013
0.6533333333333333,0,0.3754232706352419,-0.00000000000007546174513017886,0.00000000000033269537714877364,-0.0000000000004055388855671942,-0.00000000000004285756853297302
0.66,0,0.5045408560481016,-0.0000000000000026580009876716715,0.00000000000007687670549115495,-0.00000000000012703565110283272,-0.0000000000001219546416516209
0.6666666666666666,0,0.6775934737446959,-0.0000000000000014027304745785342,0.00000000000003568814178028638,-0.00000000000013205673315520529,-0.00000000000008931760831119933
0.6733333333333333,0,0.9371914801553615,0.000000000000018109351443452344,0.000000000000013859602780823677,-0.00000000000011248540399826653,-0.00000000000008351601104343346
0.68,0,1.2166360858257472,0.00000000000003881126452475616,0.0000000000000042558954020702215,-0.00000000000010062208528746694,-0.00000000000006191174252143678
0.6866666666666666,0,1.4773608314485696,0.000000000000046863403082376486,0.000000000000013067669672673598,-0.00000000000013283063951794824,0.00000000000002924454303652919
0.6933333333333334,0,1.6676729108910113,0.00000000000003609516051794309,0.00000000000000799836851496552,-0.00000000000011059387746102644,-0.0000000000000065330637075470944
0.7,0,1.826107808383641,0.000000000000021478375840778047,0.000000000000007644469058781,-0.00000000000008677526622477672,-0.000000000000049020786222919394
0.7066666666666667,0,1.9669562955985782,0.000000000000011877497210236347,0.000000000000015780604319957873,-0.00000000000008086168064278469,-0.00000000000004994427459359337
0.7133333333333334,0,2.0994990899550983,0.000000000000015998004795690706,0.000000000000021196128874418393,-0.00000000000008662642694870916,-0.000000000000007226610519844949
0.72,0,2.231782729760173,0.000000000000025792038410448837,0.000000000000020812049124820034,0.000000000000005552712954896792,0.000000000000025036088446417135
0.7266666666666667,0,2.3705722364693065,0.000000000000005415743969717539,0.000000000000017922948225460675,-0.000000000000025927854217970628,-0.00000000000004775214888282486
0.7333333333333333,0,2.521763167147877,0.000000000000005368744143458913,0.00000000000001648700310965092,-0.000000000000016812836219595876,-0.000000000000033540206981720404
0.74,0,2.6923448221683572,0.000000000000010567433043257918,0.000000000000021881202577309762,0.000000000000005152210865545386,-0.0000000000000201955537310531
0.7466666666666667,0,2.8918593083061093,0.00000000000001010193538074001,0.000000000000022278615067267278,0.0000000000000041704096533369604,-0.00000000000003408408731229627
0.7533333333333333,0,3.111721779341497,0.0000000000000003035490045382499,0.000000000000010104808744934804,-0.0000000000000305064242926253,-0.000000000000001888104848305032
0.76,0,3.1801443839645915,-0.0000000000000037199116751304506,0.000000000000002096241025463,-0.00000000000005099430935690257,-0.00000000000004550997647210096
0.7666666666666667,0,3.128869640606569,-0.0000000000000054007124080957195,0.000000000000003988768596087494,-0.00000000000003460411929990059,-0.000000000000025713376721647974
0.7733333333333333,0,3.0533758458571194,-0.0000000000000013167060864234076,-0.000000000000002989856774183278,-0.000000000000026857755183565694,-0.00000000000005512703920785909
0.78,0,2.9527347749345725,-0.0000000000000015837883430143666,-0.000000000000001037886703743779,-0.00000000000004328558539913878,-0.000000000000020149046888187773
0.7866666666666666,0,2.8215400181883115,-0.000000000000010157972220919875,0.000000000000004285233493292981,-0.000000000000018540941997682866,0.000000000000006782207133120345
0.7933333333333333,0,2.6415503957990945,-0.000000000000005101742776223794,-0.0000000000000009147913951327102,-0.000000000000009210771976643245,-0.000000000000011016862546408574
0.8,0,2.3860799538406634,-0.00000000000001968566707817218,-0.000000000000009366616686323276,-0.000000000000014250356891699225,-0.00000000000001992246075026615
0.8066666666666666,0,2.059718280666792,-0.000000000000019692095471244878,-0.000000000000017370202596766482,-0.000000000000012315280111673118,-0.00000000000003335758614197922
0.8133333333333334,0,1.8896932399696054,-0.000000000000009081955177403975,-0.000000000000013494692121558744,0.000000000000003721981335559563,-0.000000000000005883396839285386
0.82,0,1.7894630702572347,0.0000000000000017086214249709986,-0.000000000000008576105415316041,0.0000000000000039493912143096685,-0.000000000000006663400540904755
0.8266666666666667,0,1.7252257975555794,0.0000000000000033102019672692283,-0.00000000000000481987667886255,0.000000000000003508076155918603,-0.000000000000007516179389616021
0.8333333333333334,0,1.682689697886205,0.000000000000003849684034086306,-0.000000000000003645408618182011,0.0000000000000032591505920203584,-0.00000000000001124415086184125
0.84,0,1.6543281867612345,0.000000000000003290009210452269,-0.0000000000000028229639127924537,0.000000000000001528865853982038,-0.0000000000000061124750647080374
0.8466666666666667,0,1.636587857142677,0.000000000000003876939457261087,0.000000000000000003717451060676198,0.000000000000001096411371246335,-0.000000000000004052996268728187
0.8533333333333334,0,1.6262373000508004,0.0000000000000010945796279308283,-0.000000000000003906787083600047,0.00000000000000002407572268970677,-0.0000000000000019082370041218706
0.86,0,1.6211435801915839,0.0000000000000020645414936487136,0.0000000000000011763931322678288,-0.0000000000000016971009979372957,-0.000000000000003209057951079767
0.8666666666666667,0,1.6204785554118128,0.0000000000000008598670258474132,-0.000000000000002598828563916874,-0.0000000000000009001977292515218,-0.0000000000000030573860924690992
0.8733333333333333,0,1.6237983616634213,0.0000000000000008140695051579715,-0.0000000000000007536657794701065,-0.00000000000000013786840276823342,-0.000000000000001424762703377165
0.88,0,1.6300739739217815,0.000000000000010249388147426938,0.0000000000000020183933342002767,-0.000000000000003460811867674013,-0.00000000000000579169928702753
0.8866666666666667,0,1.6394607161059036,0.000000000000000027509886449203105,-0.0000000000000019148890283119694,0.0000000000000016720713540195606,-0.0000000000000009576902033224103
0.8933333333333333,0,1.6515312588795505,0.0000000000000032859622889238224,-0.000000000000003563389499175206,0.0000000000000011133834412221342,-0.0000000000000016998796851342994
0.9,0,1.6663374053518907,-0.0000000000000017160728800530152,-0.000000000000002534317518256978,0.0000000000000012235282140308468,-0.0000000000000009507452659905351
0.9066666666666666,0,1.6837928910278945,-0.0000000000000022868077431061195,-0.0000000000000015849989912963646,-0.0000000000000002220446049250313,0.0000000000000008102553097844259
0.9133333333333333,0,1.7040989815534235,0.00000000000000006300412779785222,0.000000000000000957312332467106,0.0000000000000002860688378112492,0.0000000000000007168783726346889
0.92,0,1.7272564495700309,-0.0000000000000008486540014683304,-0.0000000000000004104152529579913,0.000000000000003142910951510566,0.0000000000000009006956278577855
0.9266666666666666,0,1.753813439579007,-0.0000000000000025711655439704517,-0.000000000000002682320528814042,0.000000000000002245714576822996,0.0000000000000012729485081988842
0.9333333333333333,0,1.7836674954840224,0.0000000000000006669069876063787,-0.0000000000000011705099128385343,-0.00000000000000043067187172939927,0.0000000000000006129877487024941
0.94,0,1.817402581856654,-0.000000000000004192725800262535,-0.0000000000000008210667041204244,0.0000000000000010082074983558324,0.0000000000000018701518953345834
0.9466666666666667,0,1.8556947232537644,0.0000000000000009045749075413378,-0.0000000000000001508726257633026,-0.0000000000000013322676295501878,0.0000000000000011582715918465497
0.9533333333333334,0,1.833570882941909,-0.000000000000004047361943712958,-0.000000000000004216776743649486,0.0000000000000031921493599354125,0.000000000000005028600252479845
0.96,0,1.566303633287709,0.0000000000000007241360781668496,0.00000000000000043683892692609315,-0.000000000000000252179765922396,0.00000000000000023654517077297024
0.9666666666666667,0,1.2908220752687478,0.0000000000000002478741585842686,-0.0000000000000001568473710715595,0.00000000000000035243907263197493,0.0000000000000005615689007273876
0.9733333333333334,0,1.0234524651651482,-0.000000000000001299421288420898,-0.000000000000003323224737942255,0.0000000000000021930740983092384,0.0000000000000010719022933076519
0.98,0,0.7623264806251522,0.00000000000000029385334043178974,-0.000000000000003275756511429125,0.0000000000000016862966256243458,-0.00000000000000040623094810303794
0.9866666666666667,0,0.5057544206416331,0.0000000000000016740460990486128,-0.0000000000000010006526491811205,-0.0000000000000002215971420381538,-0.0000000000000009021406886401972
0.9933333333333333,0,0.2521465626491296,0.0000000000000004152217403667077,0.0000000000000014717449991292956,-0.000000000000000021825474987757005,-0.0000000000000005819509524744824
1,0,0.000000000000011435297153639112,-0.0000000000000004787836793695988,0.0000000000000006349087922075114,0.0000000000000004371503159461554,0.0000000000000005273559366969494
1.0066666666666666,0,-0.2521465626491025,-0.00000000000000016653345369377348,-0.0000000000000013618554760733275,0.0000000000000004579565548885322,0.0000000000000005114605623370041
1.0133333333333334,0,-0.5057544206416145,-0.0000000000000022088306331024463,0.0000000000000002688441940453889,-0.0000000000000004913362618572634,0.0000000000000009422376439128997
1.02,0,-0.7623264806251294,-0.0000000000000006226962045542332,0.000000000000003204105903561273,-0.000000000000001686296625624346,0.0000000000000001574867783786533
1.0266666666666666,0,-1.023452465165123,0.0000000000000021019794108546318,0.0000000000000027954851765707795,-0.0000000000000028263615719550894,-0.0000000000000010246027273587399
1.0333333333333334,0,-1.2908220752687338,-0.0000000000000014110029899385827,0.00000000000000031369474214307447,-0.0000000000000005092864437035567,0.00000000000000006582058355874654
1.04,0,-1.566303633287686,-0.00000000000000023654517077297024,-0.00000000000000021479432200106184,0.000000000000000015634595149425816,-0.0000000000000004803406244699099
1.0466666666666666,0,-1.83357088294189,0.000000000000004343027247285418,0.000000000000008225554574563575,-0.0000000000000025478946797615483,-0.000000000000004825256449462198
1.0533333333333332,0,-1.8556947232537415,-0.0000000000000016376163677582808,0.0000000000000012483026492287067,0.0000000000000015877660571961277,-0.0000000000000011771306700669736
1.06,0,-1.817402581856632,0.000000000000004175610883142772,0.000000000000002430665431010079,-0.0000000000000013156020300634956,-0.00000000000000286068282952903
1.0666666666666667,0,-1.783667495483999,-0.0000000000000008889515925314319,0.0000000000000012335029059613267,0.00000000000000043067187172944817,-0.000000000000000749207248414154
1.0733333333333333,0,-1.753813439578985,0.0000000000000017435165990477437,0.0000000000000025965225264641225,-0.0000000000000023087974408340777,-0.0000000000000012565505017528077
1.08,0,-1.7272564495700073,0.000000000000000002313016561176766,0.0000000000000011086583736054482,-0.0000000000000032539332539729932,-0.0000000000000004206873644912099
1.0866666666666667,0,-1.7040989815534007,-0.0000000000000004590751629832514,-0.0000000000000001869630187778908,-0.00000000000000032557393082095257,-0.0000000000000009934140237026123
1.0933333333333333,0,-1.683792891027872,0.0000000000000011878963681987157,0.0000000000000010216318936425903,-0.0000000000000006659801124107236,-0.0000000000000009878602532516152
1.1,0,-1.6663374053518678,0.0000000000000015660889790929476,0.0000000000000034758801667195767,-0.0000000000000010629090119246505,0.0000000000000011113644680967508
1.1066666666666667,0,-1.651531258879528,-0.0000000000000033632295473390177,0.0000000000000031042694817696887,-0.000000000000000978363265032853,0.000000000000002106520422000631
1.1133333333333333,0,-1.6394607161058812,0.000000000000000029931158218956996,0.00000000000000127675647831893,-0.000000000000001299423821228549,0.0000000000000013023364713312308
1.12,0,-1.6300739739217585,-0.000000000000010212574357392288,-0.000000000000002461901611690933,0.000000000000002968024892684201,0.000000000000005371958959747182
1.1266666666666667,0,-1.6237983616633984,-0.0000000000000005247685801179122,0.0000000000000011539890069726716,-0.00000000000000009088772723324215,0.0000000000000011017630836042481
1.1333333333333333,0,-1.6204785554117898,-0.0000000000000022727960622058398,0.0000000000000020146935286266253,0.0000000000000001590995406680932,0.0000000000000031068875889246902
1.14,0,-1.6211435801915606,-0.0000000000000027280481422202366,0.000000000000002410704154296076,0.0000000000000017552593542520113,0.000000000000003928095789761877
1.1466666666666667,0,-1.6262373000507777,-0.0000000000000003747374295992637,0.000000000000005699859939838182,0.000000000000000297489633424799,0.0000000000000021633259678037035
1.1533333333333333,0,-1.6365878571426542,-0.000000000000003310710399360823,0.0000000000000011922575626372794,-0.0000000000000008069792639487804,0.0000000000000043711516027601625
1.16,0,-1.6543281867612112,-0.00000000000000022829303419458155,0.0000000000000001946059902850499,-0.0000000000000009737543416694436,0.000000000000005306386157220232
1.1666666666666667,0,-1.6826896978861825,-0.0000000000000036224994143306335,0.000000000000003608812116164109,-0.0000000000000037049725481954,0.000000000000013467446005536894
1.1733333333333333,0,-1.7252257975555563,-0.0000000000000057114688321426195,0.000000000000006577183702357061,-0.0000000000000062541369899238876,0.00000000000001033246545347936
1.18,0,-1.7894630702572107,0.0000000000000006696737969807207,0.000000000000009266387565037278,-0.000000000000004154059467851669,0.000000000000006783549622135137
1.1866666666666668,0,-1.8896932399695858,0.000000000000009027215251168289,0.000000000000014016965264622995,-0.0000000000000008017779110575992,-0.0000000000000024792549795638886
1.1933333333333334,0,-2.0597182806667704,0.000000000000021519175723259197,0.000000000000012722966127108165,0.000000000000011778499871306676,0.00000000000003494519619495047
1.2,0,-2.386079953840645,0.00000000000001998941762893045,0.000000000000008053479593534262,-0.0000000000000009057575777431632,0.000000000000024491424646638824
1.2066666666666668,0,-2.641550395799076,0.000000000000004317632412801093,-0.000000000000002125494621276924,0.000000000000012445776886225744,0.000000000000012055626363560004
1.2133333333333334,0,-2.821540018188293,0.000000000000008058503900260203,-0.000000000000004181650574621208,0.0000000000000251297251522411,-0.000000000000006263724085361203
1.22,0,-2.9527347749345534,0.000000000000003122062881265431,0.0000000000000008419042957672928,0.000000000000033096455290781135,0.00000000000002473395992630817
1.2266666666666666,0,-3.0533758458570963,0.0000000000000003213470299132629,0.0000000000000042476221377380256,0.00000000000003015489066809725,0.00000000000006278020505146582
1.2333333333333334,0,-3.1288696406065495,0.000000000000007225399309949867,-0.000000000000002328908740356906,0.00000000000002966780399462313,0.00000000000004336062586122843
1.24,0,-3.180144383964569,0.0000000000000018982019491168777,-0.000000000000003632169310916973,0.00000000000004667048847427816,0.00000000000005429888510688208
1.2466666666666666,0,-3.111721779341476,0.00000000000000131645422019548,-0.000000000000013412169666291576,0.00000000000003254712662270021,-0.000000000000010286001360924592
1.2533333333333334,0,-2.8918593083060817,-0.000000000000008092623399546007,-0.000000000000024403085468015854,0.0000000000000045910013119786844,0.000000000000021668772207546576
1.26,0,-2.6923448221683324,-0.000000000000012225236754817366,-0.000000000000022111305288241216,-0.0000000000000020782660317391705,0.000000000000014313122586727157
1.2666666666666666,0,-2.521763167147856,-0.000000000000005803671829534779,-0.00000000000000945024771371146,0.00000000000003364549346516246,0.000000000000030433112064508436
1.2733333333333334,0,-2.370572236469282,0.0000000000000009454073975844055,-0.00000000000000954766629002963,0.0000000000000368490362698836,0.00000000000004692688695833644
1.28,0,-2.2317827297601487,-0.00000000000002004321973652861,-0.00000000000001543791074881385,-0.000000000000008026912693085848,-0.000000000000028090080571608986
1.2866666666666666,0,-2.099499089955074,-0.000000000000007080528187584026,-0.000000000000013805571813020828,0.000000000000045360172501085926,0.00000000000005487114534163636
1.2933333333333332,0,-1.9669562955985576,-0.000000000000013553179763191632,-0.000000000000011868136097718051,0.00000000000006001018381186684,0.00000000000004744068274681161
1.3,0,-1.8261078083836184,-0.000000000000010476399917150399,-0.0000000000000027419869232403376,0.00000000000005367741231192926,0.00000000000001604342053415813
1.3066666666666666,0,-1.6676729108909862,-0.000000000000026550841182476747,0.00000000000000029729417925912095,0.00000000000008406113510186658,-0.00000000000004353852401284201
1.3133333333333332,0,-1.4773608314485434,-0.0000000000000621171665343494,-0.000000000000020234763307910432,0.00000000000013967885897085625,-0.00000000000007538625765188389
1.32,0,-1.2166360858257184,-0.0000000000000964527007611836,-0.00000000000010364276459345016,0.00000000000014514823610433427,0.00000000000007654088494472764
1.3266666666666667,0,-0.9371914801553338,-0.000000000000043592759750269056,-0.00000000000008008066327047974,0.00000000000013168194264440254,0.000000000000038502035658757705
1.3333333333333333,0,-0.6775934737446706,-0.000000000000016140655625991058,0.00000000000002873612404768854,0.00000000000020746744364119792,-0.00000000000003705361045681167
1.34,0,-0.5045408560480718,-0.00000000000017116656399299502,0.00000000000029689328740721263,0.000000000000598484208469714,-0.000000000000020735093786600726
1.3466666666666667,0,-0.37542327063541503,-0.000000000000006916846208171769,0.00000000006312273521387729,-0.000000000007424310978822783,0.000000000023473558277615756
1.3533333333333333,0,-0.2730768717938242,0.0000000013610490923362557,-0.000000000444492200712231,-0.0000000001954023000266739,0.00000000042325575173877406
1.36,0,-0.19812521270089772,0.000000004916342483158326,-0.000000001894364255921917,-0.0000000006705262222717552,0.0000000014213501259037177
1.3666666666666667,0,-0.1720285320602911,0.0000000030092117666169227,-0.0000000011663166524445827,-0.00000000041062378898145493,0.0000000008686108328981969
1.3733333333333333,0,-0.1542241958476954,0.00000000017492268167430413,-0.00000000006860232269911468,-0.00000000002596248982216838,0.0000000000526425440742877
1.38,0,-0.21731413911029832,-0.0000000000030571914797032442,0.0000000000006363097516628333,-0.0000000000010621975726434382,0.0000000000006900117092804497
1.3866666666666667,0,-0.28587159335034074,-0.0000000000015015045280722144,0.00000000000036196549423997723,-0.0000000000004775586337589414,0.0000000000003760446726750619
1.3933333333333333,0,-0.3506798373485206,-0.00000000000004522179526294216,0.00000000000010161397902461613,0.00000000000006574728111818752,0.00000000000008007136087778237
1.4,0,-0.36125327547549146,-0.000000000000026886833528628897,0.00000000000004367673462174407,0.000000000000011143666121554239,0.0000000000000443891794554488
1.4066666666666667,0,-0.36823168208744184,-0.000000000000013741479219908825,-0.00000000000000014233346740741934,-0.000000000000017456481624055258,0.000000000000003895858683436504
1.4133333333333333,0,-0.36530305061778484,-0.000000000000014897428857797618,-0.000000000000005055119428434786,0.000000000000025602642387302246,-0.00000000000004985579947839232
1.42,0,-0.47454276511148374,-0.000000000000008611111850643879,0.000000000000012914567018491619,0.000000000000007837582821688286,-0.000000000000021096269593083983
1.4266666666666667,0,-0.6247743851631373,0.00000000000000012454663379347352,0.00000000000003864142284867902,-0.00000000000003085571084104093,0.0000000000000380828467004641
1.4333333333333333,0,-0.7504396261399675,-0.000000000000004033980625395349,0.000000000000034147530487942714,-0.0000000000000020813851282666554,0.00000000000009026565650125287
1.44,0,-0.8652494482316605,0.0000000000000003754466049974733,0.000000000000026043356817552903,0.000000000000024172817799966726,0.00000000000009346763749874442
1.4466666666666668,0,-0.9614322913672717,0.000000000000019486757720557142,0.000000000000011744246342601785,0.000000000000046102703576454256,0.00000000000001262266673652078
1.4533333333333334,0,-1.0375352282063115,0.000000000000019901346595553806,0.000000000000008845140432168784,0.00000000000005560603366723433,0.000000000000004213178953088763
1.46,0,-1.1030864466396353,0.000000000000014611198649483817,0.000000000000009791835254485502,0.00000000000006090583966281095,0.000000000000026155634001653802
1.4666666666666666,0,-1.1476341382432744,0.000000000000011544533907980106,0.000000000000011325167625237358,0.00000000000006550583677506653,0.00000000000008309802249730227
1.4733333333333334,0,-1.1777953873600753,0.0000000000000095922458464361,0.000000000000005772348864798278,0.00000000000006983333232264205,0.00000000000009081957985920245
1.48,0,-1.1969319301574286,0.000000000000008493933716539963,-0.0000000000000052107724341630734,0.00000000000007395200280975255,0.00000000000006082192981141425
1.4866666666666666,0,-1.173391113823374,0.000000000000006630214171617728,0.000000000000002661750744438676,0.00000000000005873906175240824,0.00000000000006205738009880134
1.4933333333333334,0,-1.1164531520106917,0.0000000000000047558288710282826,0.000000000000008624754870242342,0.00000000000005047471396658713,0.00000000000006121689261141269
1.5,0,-0.9354788210470932,0.0000000000000030036764931181342,0.0000000000000029112145074918588,0.00000000000007409068079928912,0.00000000000004537134067205135
1.5066666666666666,0,-0.7545044900834948,0.0000000000000012515241152079859,-0.0000000000000028023258552586263,0.00000000000009770664763199113,0.000000000000029525788732690004
1.5133333333333334,0,-0.592942656631648,0.0000000000000007927323537456211,-0.0000000000000051826115210035476,0.00000000000010108415281211795,0.000000000000028066365421343564
1.52,0,-0.4799102622515074,0.000000000000003567221894476731,0.0000000000000007699296754741089,0.00000000000005386738535531214,0.0000000000000625709262551632
1.5266666666666666,0,-0.3701168714616097,0.000000000000006055629005857339,0.000000000000006075575575074015,0.000000000000011912962250010853,0.00000000000009103009850602231
1.5333333333333334,0,-0.29524652232734494,0.000000000000005459486094740528,0.000000000000004406375423946944,0.000000000000026697306445707763,0.000000000000054307695181226754
1.54,0,-0.22455613137278962,0.0000000000000060934718993675415,0.0000000000000027867004376411663,0.00000000000004679582342937139,0.000000000000016977427862868935
1.5466666666666666,0,-0.16846947297727355,0.000000000000011025220984290492,0.0000000000000013400540393971004,0.00000000000008546073625516732,-0.000000000000022476564816514673
1.5533333333333332,0,-0.11987143382858177,0.000000000000010994433224067505,0.0000000000000046893378422136914,0.00000000000007463982369842131,-0.00000000000002431636852673597
1.56,0,-0.0778044688652919,0.0000000000000066356518491082686,0.000000000000012221312058143253,0.000000000000020660675150926126,0.000000000000006648414360974442
1.5666666666666667,0,-0.04420956269119462,0.0000000000000033297692726576276,0.0000000000000012548935033618999,0.00000000000001441964371194185,-0.000000000000010565053308456949
1.5733333333333333,0,-0.012726334071018279,0.0000000000000027832704141364753,-0.0000000000000024916295939142816,-0.0000000000000021142446847081295,-0.00000000000002383620215627237
1.58,0,0.016377306169167813,0.0000000000000062644931110840404,0.00000000000000624846143246471,-0.000000000000038407843014587,-0.000000000000026798944877078805
1.5866666666666667,0,0.039614124990304825,0.0000000000000069507027659934246,-0.000000000000003585721496085039,0.000000000000015627823171284207,-0.00000000000007468229798823039
1.5933333333333333,0,0.055141063897853074,0.000000000000000958560079392329,-0.000000000000002468586527883368,0.000000000000021912359967284552,-0.000000000000018125385997098246
1.6,0,0.06413846067892182,0.000000000000003213633083870611,-0.000000000000003685611579753635,0.000000000000007749645788884039,-0.000000000000001861560726679652
1.6066666666666667,0,0.06858055108968421,0.00000000000000752028980581446,-0.000000000000004073728503505343,0.000000000000012430818109296857,-0.00000000000005062211065045604
1.6133333333333333,0,0.06968775868048256,0.000000000000005146186366510581,-0.00000000000000229912962590124,0.000000000000019095836023552692,-0.0000000000000354414552388139
1.62,0,0.06846739179941848,0.0000000000000019459141481160595,-0.000000000000001106427691700988,0.0000000000000808400211725567,0.000000000000045910028043098455
1.6266666666666667,0,0.06586038524800607,0.0000000000000020889661819751156,-0.0000000000000012185601724505757,0.00000000000015302642796931318,0.0000000000000829052602229272
1.6333333333333333,0,0.06285730004747322,0.0000000000000008393740784558828,-0.0000000000000017802897593741395,0.00000000000006885562517295626,0.0000000000000037855435114471
1.64,0,0.061534504539219985,0.000000000000009269417884543962,0.000000000000007641523906253713,0.0000000000001176679504337834,-0.00000000000004761400746991858
1.6466666666666667,0,0.07173007508400346,0.000000000000006063868634441123,0.000000000000027030545926211572,0.0000000000001848163242621096,0.00000000000014794358665679594
1.6533333333333333,0,0.08836726795421569,0.000000000000010310861684213191,0.00000000000043519405804681194,0.0000000000002264605420152377,0.00000000000036090235735268194
1.66,0,0.11152538713190084,0.00000000000003552790288374618,0.0000000000016054610526561974,0.00000000000020789584910760607,0.0000000000004753846302830771
1.6666666666666667,0,0.11508977612088746,0.00000000000012391314144330414,0.0000000000017703050274827474,0.0000000000001006386939820678,0.000000000001345131183300896
1.6733333333333333,0,0.10878222106257049,0.00000000000014916574458782127,0.0000000000013877299127844202,0.00000000000008515631838970257,0.0000000000014078901758857534
1.68,0,0.09151157211692065,0.00000000000007488270646676647,0.00000000000038456949573096747,0.00000000000021387782849116937,0.00000000000020648941493872971
1.6866666666666668,0,0.07693934233587041,0.000000000000026271922235737203,0.00000000000008065107152037908,0.00000000000014077399923151468,-0.00000000000008808575652379905
1.6933333333333334,0,0.06305820061065844,0.00000000000000171437463393237,0.000000000000024216170566677154,-0.000000000000009931858820558051,-0.00000000000007564015990201227
1.7,0,0.04881757592145877,0.000000000000009766827697345496,0.00000000000001563233735187128,-0.00000000000018716757700816876,-0.0000000000000298597160897143
1.7066666666666668,0,0.03311094925683732,0.0000000000000013836780057131942,0.000000000000005744322828325115,-0.000000000000012973179613341003,0.00000000000003706518946270571
1.7133333333333334,0,0.015973664134202863,-0.000000000000003992191197072878,0.0000000000000019273110588168254,0.000000000000005882988434546511,0.000000000000056762985146787553
1.72,0,-0.002927383112309591,-0.00000000000000468291382609405,0.000000000000001094888255032299,0.00000000000000918524634649455,0.000000000000015146098023935876
1.7266666666666666,0,-0.024000870316759168,-0.0000000000000011015451111047334,-0.00000000000000014467535935833814,0.00000000000010626539603290024,-0.00000000000007097983100304355
1.7333333333333334,0,-0.048311481519485514,-0.0000000000000007974496333004932,-0.0000000000000014680538275804943,0.00000000000000354870130791245,-0.000000000000040705436768310314
1.74,0,-0.07713355553539077,-0.0000000000000009563129067298669,-0.0000000000000004839541022968048,-0.000000000000019047375256378924,0.00000000000005892932301397792
1.7466666666666666,0,-0.10523467990614485,-0.000000000000001004146285008447,0.00000000000000012221516822743904,-0.0000000000001427995859282332,0.0000000000000036367818175565
1.7533333333333334,0,-0.12271270016134314,-0.00000000000000018947243847661972,0.000000000000000049633460810751793,-0.000000000000054137052706620084,0.00000000000002406442592749144
1.76,0,-0.13199472930129608,0.0000000000000007473923674606834,-0.00000000000000005908680033800149,-0.000000000000011078313838805069,0.000000000000008226227163406577
1.7666666666666666,0,-0.1371552623485484,0.0000000000000013019390557934751,0.0000000000000004245867994710198,-0.000000000000023437079386904768,0.00000000000029201315723990143
1.7733333333333334,0,-0.13837617855493575,0.000000000000001837877474344172,0.00000000000000073301189229298565,-0.000000000000011488220512053675,-0.000000000000017399111458564058
1.78,0,-0.13573418015079622,0.0000000000000015726368625751852,0.000000000000001971942628151473,0.00000000000001598623216522391,-0.00000000000006835056274177585
1.7866666666666666,0,-0.12896185893024234,0.0000000000000024185016026001588,0.0000000000000022808067542748127,0.000000000000011758886260510998,0.000000000000018506895454801834
1.7933333333333332,0,-0.11746595413774807,0.0000000000000020982914901733476,0.000000000000002334171565382533,-0.0000000000000027259062073822113,0.000000000000005603650017291728
1.8,0,-0.09558960845946801,0.000000000000004394881926386532,0.000000000000005954922253106021,-0.00000000000003649199262089497,0.000000000000003741549663605363
1.8066666666666666,0,-0.07748416103187483,0.0000000000000036905808084362765,0.000000000000004769390870395168,-0.00000000000003916823865575512,-0.000000000000004450193620648329
1.8133333333333332,0,-0.06372301409155938,0.000000000000001746073480232206,0.000000000000001832194009064597,-0.000000000000024780003979167978,-0.000000000000006585083098607416
1.82,0,-0.05438961114998632,0.0000000000000002805209188693171,-0.0000000000000000692776960818526,-0.000000000000008750997099678685,-0.0000000000000004646957087521351
1.8266666666666667,0,-0.04735225789175497,-0.00000000000000008569220162214878,-0.0000000000000004731949071532071,-0.000000000000002855359042513765,-0.000000000000007944821513196117
1.8333333333333333,0,-0.04178917604122231,-0.00000000000000011070313944810171,-0.0000000000000007733261610646423,-0.000000000000006969658314883022,-0.000000000000006869351186680141
1.84,0,-0.037283164246128625,0.0000000000000003796403924284234,0.0000000000000010596837149182137,0.000000000000000010671329349344755,0.000000000000002429220741645121
1.8466666666666667,0,-0.03347029893285763,-0.00000000000000024393324051272873,-0.00000000000000003536091130230156,-0.0000000000000012287953146649907,-0.0000000000000017628902147528377
1.8533333333333333,0,-0.03019998188207955,0.00000000000000019932663685461528,-0.00000000000000012203420449445892,-0.0000000000000005484151413436589,-0.0000000000000015594724765686198
1.86,0,-0.027363063630032766,0.0000000000000001621054395611074,0.00000000000000008672204885564078,-0.00000000000000004598782829238485,-0.0000000000000026020740135697378
1.8666666666666667,0,-0.024880456351160367,0.00000000000000014353442986611862,0.000000000000000007546675637801538,-0.0000000000000005540132510970037,-0.000000000000002524764821889837
1.8733333333333333,0,-0.022693382042736937,0.000000000000000047430566578661946,-0.00000000000000014078503193370104,0.00000000000000038144647684238243,-0.000000000000001883618278220027
1.88,0,-0.020757070728295152,-0.00000000000000005371915210301221,-0.00000000000000022035295055640586,0.00000000000000007311500274473809,-0.0000000000000010958568206189606
1.8866666666666667,0,-0.019036870170723415,0.00000000000000009289113652182834,-0.00000000000000016493549312028394,-0.00000000000000030509670034949957,-0.00000000000000013203791547045717
1.8933333333333333,0,-0.01750468441160219,0.00000000000000005705962726744363,-0.00000000000000020756024622198323,-0.00000000000000021265062345173435,-0.0000000000000003113557048402601
1.9,0,-0.016137972601503667,0.0000000000000001439692873029179,0.000000000000000022082160817019307,0.00000000000000000389379201508149,-0.0000000000000002729994539471987
1.9066666666666667,0,-0.014918492248414926,-0.000000000000000005867348208693329,-0.00000000000000004548976528829757,-0.00000000000000006082367186306683,-0.00000000000000012526679953337344
1.9133333333333333,0,-0.0138301066022395,0.00000000000000006342060081327526,0.000000000000000004237892653449796,-0.00000000000000004870557134388341,0.00000000000000020591216897676204
1.92,0,-0.012859589148172881,0.00000000000000006325120186244714,-0.00000000000000006321887724482598,-0.00000000000000000997098193071629,0.00000000000000008519360550465133
1.9266666666666667,0,-0.01199574971001027,-0.00000000000000003197026420863692,-0.000000000000000044829667781394873,-0.00000000000000010403812481779057,0.000000000000000004146282932082893
1.9333333333333333,0,-0.011228141695371322,0.000000000000000036826048852010545,-0.00000000000000010997758919696027,-0.00000000000000021624098238317538,0.0000000000000000015120929001618642
1.94,0,-0.010547685004312106,0.00000000000000024398896247565603,0.0000000000000003962871118676864,0.0000000000000003577400888492012,0.00000000000000018726242651543749
1.9466666666666668,0,-0.008949648680698925,0.00000000000000004006682631198491,-0.000000000000000017946099845737425,-0.00000000000000001593176626332344,0.00000000000000003443167694784918
1.9533333333333334,0,-0.007249527516695301,-0.00000000000000002281728479673812,0.000000000000000025898792991565837,0.0000000000000000845413048443463,-0.000000000000000019198280564699717
1.96,0,-0.005783583154857471,-0.000000000000000016746342856224237,0.000000000000000016408199593328875,0.000000000000000022612966676469984,-0.00000000000000004195128280698013
1.9666666666666666,0,-0.0045114609839889755,-0.00000000000000008153200337090993,-0.00000000000000004115522328622776,-0.00000000000000004029411867193216,-0.00000000000000005462609936927632
1.9733333333333334,0,-0.003400818125832491,-0.0000000000000000029148386670016685,-0.00000000000000000014842561664537573,0.000000000000000012999991156683955,0.00000000000000001574984061955983
1.98,0,-0.00241993138737686,-0.00000000000000000493945874262235,0.000000000000000005303079845033941,0.000000000000000010469584644671841,-0.0000000000000000026372888028498707
1.9866666666666666,0,-0.001540726106724911,-0.0000000000000000029691925236192776,-0.000000000000000007617084106933696,-0.0000000000000000015070045561911484,-0.00000000000000000547337873064325
1.9933333333333334,0,-0.0007406118885282806,0.0000000000000000029691184997934125,0.000000000000000014890260169582257,0.0000000000000000085150399140006,0.000000000000000004699810525096567
