# n,energy,berry,bcd_x,bcd_y,qmd_x,qmd_y
0.000002666666666666667,-2.9999941513483908,0.00000000000000000000000000000035745259767827097,0,0,0,0
0.006666666666666667,-2.975911986277195,0.0000000001287989783797317,-0.00000000006153879147654911,0.0000000005047563412574957,0.000000000007719332278039214,0.000000000004487718522196935
0.013333333333333334,-2.951986396529512,-0.00000000000000000000007777538488552395,0.0000000008213073125314073,-0.0000000001770740954520845,-0.000000000010937934811128733,-0.000000000012037711134650407
0.02,-2.9282397204359576,-0.0000000000000000000001635745327742584,0.000000002192403008347619,-0.0000000004690917499109968,0.00000000007758726707865771,0.00000000008788520660424293
0.02666666666666667,-2.9046637233103403,-0.00000000000000000000002956620676251616,0.000000004395630466031319,-0.0000000009784639022372725,-0.00000000021257356688683933,-0.0000000004051535925783944
0.03333333333333333,-2.8812702701869783,-0.000000000000000000000707894499317133,0.000000007805126575615252,-0.0000000015919090327504673,0.00000000018095005867167691,0.0000000003173538776527345
0.04,-2.8580384122668523,-0.000000000000000000002921179916580204,0.000000012352216755737058,-0.000000002642941891896886,0.00000000004305650842458088,0.0000000000174060023011198
0.04666666666666667,-2.8349669668721424,-0.000000000000000000005241142182869428,0.000000017901513876922084,-0.00000000406533059533888,-0.00000000023071864241957737,-0.0000000004341351728230759
0.05333333333333334,-2.81204576195282,0.00000007773139932993774,-0.000000008600281680307994,0.00000007912496740795751,0.00000000026851883931594337,0.0000000005757702573950745
0.06,-2.7893394207446707,-0.000000000000000000008837462395027292,0.00000003412600255393317,-0.000000007573380643611316,0.0000000005696576770628221,0.0000000009302668792470813
0.06666666666666667,-2.766770903142709,-0.0000002602399863759301,-0.000000012434976185652775,0.0000001449416087575037,0.0000000006057113422970766,-0.00000000006300236542908632
0.07333333333333333,-2.7443618527868825,-0.00000000000000000002157083321579099,0.000000057566811316212796,-0.000000012884854703740164,-0.00000000025027588745210383,-0.0000000012409150585923433
0.08,-2.722154879055324,-0.000000000000000000031243731791995406,0.00000007233400613588738,-0.000000016235108366379205,0.0000000003370980611720632,0.0000000003578564099792118
0.08666666666666667,-2.7000803781795897,0.000000451070153077106,-0.000000032385410132238155,0.00000027010090710682554,-0.0000000021510426465186202,-0.000000002311795691463823
0.09333333333333334,-2.678163971916447,-0.0000004134965476780434,-0.0000000394514005012021,0.0000003351278545585134,-0.0000000002888027217865424,-0.0000000014227609199474518
0.1,-2.656373725823676,-0.00000000000000000007126612358299232,-0.00000026684573945793877,0.000002522106737838287,0.00004734475228625575,-0.00017076964839217722
0.10666666666666667,-2.634774759027412,-0.00000000000000000009046521602363232,-0.0000010087075847106263,0.000006324571905562327,-0.00001847444783264387,-0.0000905308381120494
0.11333333333333333,-2.6133626823512857,-0.00000000000000000009801188228515311,-0.0000016819749830293325,0.00000980814452549848,-0.000014204789421244404,-0.00007079187031232874
0.12,-2.592140009488352,-0.0000013229497388348034,-0.00000009059044112026602,0.0000006342556598338788,0.000000008225034674875819,0.000000006400111578111772
0.12666666666666668,-2.5708990162468446,-0.0000003237577878807012,-0.00000009306752960422719,0.0000007451460002715538,0.0000000003879761340858835,0.0000000010269925229553778
0.13333333333333333,-2.5500206290956497,-0.000001657684930304355,-0.00000009670646928307474,0.0000008673381532513446,-0.000000005902982087241116,-0.0000000027905769995894665
0.14,-2.529177651855396,-0.0000029062411017916795,-0.00000011244638609119519,0.0000009911049880589717,-0.000000004667453763668587,-0.000000004648912448734343
0.14666666666666667,-2.5084826299114753,-0.0000021535107916192544,-0.00000013499531227631858,0.0000011026022535170845,-0.00000000828201956551459,-0.000000008965322312009688
0.15333333333333332,-2.4879178745854045,0.0000023326379626865733,-0.00000015652129633285818,0.0000012443287967824934,-0.000000014605408325407241,-0.00000000984783158561073
0.16,-2.467650141224225,-0.000002312909224053503,-0.00000017932543121626662,0.0000014016625310364446,-0.000000004705864606916566,-0.000000005942349255824766
0.16666666666666666,-2.4475061173154744,-0.000003666437850214344,-0.00000019487205263620338,0.0000015884092693378342,0.0000000023123436093162013,0.000000004902642121193953
0.17333333333333334,-2.427506183601103,-0.000007190095366779616,-0.00000020433455360142002,0.0000017528133444997356,0.000000003806059803067155,0.000000000005662011583936535
0.18,-2.4075831290383016,-0.000007532909888703233,-0.0000002453757863745298,0.0000019241780405285982,0.000000010750175315600762,-0.0000000018555502212426987
0.18666666666666668,-2.38784081655871,-0.000008894782138462137,-0.00000029276002893017736,0.000002104185916802597,0.000000014193850130981985,0.0000000062483069044842645
0.19333333333333333,-2.3681843481129796,-0.000002601355878863466,-0.0000003226329748087735,0.000002310421161591181,0.000000004403454803859111,0.0000000010359272426981542
0.2,-2.3488354331629,-0.0000000000000000017545768807032157,-0.000015395328516471907,0.00008358547905764659,-0.000014197343699290286,-0.0000737210203959669
0.20666666666666667,-2.329535640094687,-0.0000000000000000018499234861073388,-0.000016741644389051038,0.00009074205729571031,-0.000015284734833124777,-0.00007944974771071346
0.21333333333333335,-2.3104379625936353,-0.0000000000000000019195282104700454,-0.000018075827277830125,0.00009793308142263624,-0.000016491892874330148,-0.00008581947931407141
0.22,-2.2914572802605755,-0.000000000000000002036360605950226,-0.000019380432964072357,0.00010517184763392904,-0.000017834280775713703,-0.00009292340632756536
0.22666666666666666,-2.2726139867016535,-0.000006649804184347692,-0.00029199276866694176,-0.00026096773989750066,-0.00009691710229593986,-0.0001071143531568109
0.23333333333333334,-2.2539548182084332,-0.000029564156560008213,-0.0012801109664572763,-0.0011541699945906833,-0.0004264370358990121,-0.00047286298317441905
0.24,-2.2355176327069524,-0.00001414477773915457,-0.0009814915603478117,-0.0008649015929976726,-0.00033309835421445214,-0.00037728708829044117
0.24666666666666667,-2.21704315593752,-0.0000000000000000027392417449429263,-0.00002460564130792808,0.00013391830051470358,-0.00002454806542163418,-0.0001283344712226779
0.25333333333333335,-2.1988784977374807,-0.0000000000000000029191293108834512,-0.000025937995379427617,0.00014085702734408366,-0.000026568047781145638,-0.0001390181463549748
0.26,-2.180797016732955,-0.0000000000000000031663599238950296,-0.000027093580796666216,0.0001475636240495341,-0.000028791232434160365,-0.00015064778536270695
0.26666666666666666,-2.162815354201639,-0.000007529243967020719,-0.0007821302011260593,-0.000676692272200036,-0.000289371676949943,-0.0003321207252146339
0.2733333333333333,-2.1452203491556117,-0.00004127272347966137,-0.0007763223944996479,-0.0006712382152739149,-0.00029166995292326204,-0.00033467032790012575
0.28,-2.12756511950495,-0.0000000000000000038017651173989865,-0.00003042132234464982,0.00016619809382019692,-0.00003636414368211489,-0.00019061671864287137
0.2866666666666667,-2.110127297853457,-0.000000000000000004004913758440855,0.001154963352340019,0.0003851190207703602,-0.00013082634845901624,-0.000355814151122523
0.29333333333333333,-2.092843024268323,-0.000000000000000004196251513279047,0.0018031999084345677,0.0008347923276997369,-0.0001286349119931405,-0.0005975172531760934
0.3,-2.0757080806980936,-0.00002503379612270121,-0.0007958531074320694,-0.0006841331064241058,-0.0003097456030372263,-0.0003561816312133048
0.30666666666666664,-2.0587719482856195,-0.00004880814756588651,-0.0008073687427155524,-0.0006920039752449358,-0.00031510774886551584,-0.00036312363654819645
0.31333333333333335,-2.0419315030145495,0.000028483910635427557,-0.0008186958152869335,-0.0007023029638573666,-0.00032107103553213727,-0.00036933978538193006
0.32,-2.0252605115875664,-0.00000000000000000450092955288813,0.001544977435329203,-0.0004977059408504461,-0.00028037935200296983,0.000290325408247745
0.32666666666666666,-2.0088450048550524,-0.0000000000000000044189590452877944,0.0016158487672317612,-0.0011210413835995446,0.00029527844563104026,-0.00003626812069731759
0.3333333333333333,-1.992556456916665,0.000026000899173276576,-0.0008615860024996098,-0.0007362391076228522,-0.0003378956186055507,-0.00038927040522945166
0.34,-1.9764193021711765,0.000034382998670643846,-0.0008774097554623953,-0.0007487846833230733,-0.00034341160720960807,-0.00039582852340604006
0.3466666666666667,-1.9603873076303928,-0.00000000000000000520339383255603,0.0007617487348404373,-0.000020518469871378075,0.0005005291163759331,0.004346345136946376
0.35333333333333333,-1.94457317510975,-0.00000000000000000564037310096084,0.0004600816794745047,-0.0008502911629323907,0.0010104942432324479,0.003125150263791303
0.36,-1.9289718253632113,0.00001907110178832568,-0.0009275086024367172,-0.0007898187064432549,-0.000359469029645347,-0.0004143447374613128
0.36666666666666664,-1.9135568502829579,0.0000030725362146151705,-0.0009448626176600615,-0.0008041394710598365,-0.0003644663646182738,-0.0004200617159293553
0.37333333333333335,-1.8982300015583649,-0.000000000000000007817091335868665,0.001787766320409065,0.00004658073938681664,-0.0003651425796801843,0.0016797562034085208
0.38,-1.8831014655666642,-0.000000000000000008784282460864546,0.0016048589147173694,-0.0003090207999214938,-0.00040890458413714065,0.0015240120362080254
0.38666666666666666,-1.8682396169074096,-0.000017869403258888743,-0.0009985500077909128,-0.0008490060631180504,-0.00037858253194458986,-0.000435926420866189
0.3933333333333333,-1.8534799885649313,-0.00005837871546073459,-0.0010171482724735375,-0.0008641867051532943,-0.0003830520379449733,-0.0004409538034936433
0.4,-1.838954853832147,-0.00000000000000001149866654318094,0.0008881936808933489,0.0004770950641614156,0.00026740617343359825,0.0011880049250006463
0.4066666666666667,-1.8246066174738718,-0.000000000000000012448927595187508,0.0008760042888364644,0.0006730565456823484,0.0006266255858508181,0.0003811486432606277
0.41333333333333333,-1.8104762706959212,0.00001897046410253367,-0.0010747102353683509,-0.0009109147707349291,-0.0003949356255396064,-0.00045529339731536903
0.42,-1.796604819453247,-0.00009534228831997016,-0.0010935679668811627,-0.0009271892315024522,-0.00039866788771456696,-0.000459363556701079
0.4266666666666667,-1.782901629087266,-0.00017351287327962587,-0.0011126310423028877,-0.0009436397286115808,-0.0004021205031322259,-0.0004632076107383074
0.43333333333333335,-1.7693204882722509,-0.000000000000000015649615764138668,0.00043094755454156316,0.0011715224650646011,-0.0002967863986070183,0.001143002554286914
0.44,-1.7560901232366926,-0.00000000000000001677416179255876,0.0008740600380139717,0.0016805443548008666,0.00002882104346691789,0.0009744205643852922
0.44666666666666666,-1.7429989018636816,-0.00008208369511629092,0.04939365964358615,0.039104430860065466,-0.016252833170146055,-0.02112886841664516
0.4533333333333333,-1.730124956906562,-0.00023573025774175347,0.0433886697303245,0.03933304074945643,-0.018872849785148582,-0.02117934431891604
0.46,-1.7177405950613178,-0.00000000000000002152976131870417,0.0007909567961363922,0.0010715563121318369,0.00010986632264918349,0.00017141253215221587
0.4666666666666667,-1.7054424833151238,-0.00000000000000002338325527521675,0.0006720506731312005,0.0011776436137829415,0.00008516209290345726,-0.0002586416287072334
0.47333333333333333,-1.6934183900174562,-0.000000000000000025246790293908378,0.0013916516951280058,0.00009977358017609233,0.0006100509675058126,-0.0003986005838601791
0.48,-1.6817509715351664,0.0002193658317206763,0.0342693390908166,0.030853221863466677,-0.015879531124901057,-0.017659202143950403
0.4866666666666667,-1.6703004249719053,0.00035854090475570646,0.031952645985785386,0.028789121879530314,-0.014741062113837088,-0.016371088027250805
0.49333333333333335,-1.659302149316642,0.00022852010291120653,0.029247830739309345,0.026362105498612814,-0.013415381515245113,-0.014892656957188968
0.5,-1.6484033477958295,-0.00000000000000003118599821547116,0.0010117790720987065,0.00026707643925200813,0.0002679349122162588,0.00002288532688536045
0.5066666666666667,-1.6380234512306475,-0.00000000000000003274095132713661,0.0005908497916831336,0.0007909793211692103,-0.0000007592661539670541,-0.0002095196009180365
0.5133333333333333,-1.627980994150342,-0.000000000000000034315169615369304,0.0007051470674681177,0.000807281395211456,-0.00001289761657766758,-0.0007157507959809027
0.52,-1.6184199929537328,-0.00000000000000003591687529919283,0.0015831011947549441,0.0000993428084141326,0.0003410157797484252,-0.0016126750586641313
0.5266666666666666,-1.6092322887131782,-0.00000000000000003787446691744857,0.002129449361170407,-0.00011267260550105348,0.000333169505456246,-0.002174300049185394
0.5333333333333333,-1.6006858652192002,-0.000000000000000040443429172477714,0.0021061370610119764,0.0005272503031232723,-0.0002961378011120516,-0.0021599198939615026
0.54,-1.59227197459966,-0.0004640562680284021,0.008422726391906648,0.007512235742318645,-0.004181850346349575,-0.004670326064156732
0.5466666666666666,-1.5852870848309695,-0.00000000000000004375431851653596,0.0017823170858204968,0.0017600722762302933,-0.0004992331403949205,-0.0018676482772117297
0.5533333333333333,-1.5783369044824385,0.00010524854341975945,0.003838259737636989,0.0033188447176917962,-0.0023983525869391694,-0.0026978573405684763
0.56,-1.5720143398879498,-0.000000000000000045060865177484814,0.0014038443467315647,0.0026018816180703574,0.000016262272780207305,-0.001416658701364656
0.5666666666666667,-1.5674775325170869,-0.00000000000000004433266563862035,0.001768200843608763,0.0019487370710121756,-0.0002721412145264341,-0.001390779281405497
0.5733333333333334,-1.5629407251462235,-0.000000000000000043604466099755875,0.0021325573404859677,0.001295592523953983,-0.0005605447018330803,-0.0013648998614463378
0.58,-1.5584039177753606,-0.00000000000000004287626656089141,0.0024969138373631657,0.0006424479768958008,-0.0008489481891397218,-0.0013390204414871789
0.5866666666666667,-1.5538876489605096,-0.0006859782438512626,-0.0014201661407485066,-0.001373214350113702,-0.0004470011359248218,-0.0005167090930723003
0.5933333333333334,-1.5446844014654615,-0.0002150744632930671,-0.001468758097923987,-0.001391340227458258,-0.0004377339967191082,-0.0005054741254923135
0.6,-1.535476811898349,-0.0000000000000000415813635109024,-0.001578529246397193,0.0017486823587391214,-0.0008529283863545464,-0.002716889911945119
0.6066666666666667,-1.5246192648383485,0.00036127667498037455,-0.00151298769348493,-0.0013913209675152846,-0.0004380762926282125,-0.0005056739896735878
0.6133333333333333,-1.513656899850347,-0.000000000000000039974795973484283,0.0014075375348720867,0.0008743287453508973,-0.000618130541147992,-0.0032671565653973507
0.62,-1.5014968181452464,-0.00010657620628106866,-0.001558381963267263,-0.0014129085657119272,-0.00043816541680868036,-0.000506020946812976
0.6266666666666667,-1.4888933429526388,-0.00029897490961308237,-0.0015827817673288284,-0.001427986272981548,-0.00043842380793206263,-0.000505769949329883
0.6333333333333333,-1.4757563288776214,-0.00020160207849825523,-0.001608106739063836,-0.001444532920135555,-0.00043866271822836343,-0.0005054597108643117
0.64,-1.461988625518734,0.000377647972005616,-0.0016349263710713749,-0.0014625906507106715,-0.00043819933658755835,-0.0005052566465921905
0.6466666666666666,-1.4477572227363507,-0.00000000000000004322990388172966,0.00390200752098767,-0.002111072604955453,0.00022868526376665116,-0.006777064166439316
0.6533333333333333,-1.4330598182584473,-0.00000000000000004513649332023523,0.0008462808069932867,-0.0012666536274899686,-0.0009081752099022015,-0.006758194659085298
0.66,-1.4178583964959148,-0.00000000000000004651492579409535,0.00224549134602756,-0.001206294092559479,-0.0020289915134579437,-0.010233634430891404
0.6666666666666666,-1.4021159235636385,-0.00000000000000004713161090607461,0.003187462175812387,-0.0016347840003245744,-0.00406236909385836,-0.011637955033611928
0.6733333333333333,-1.38595885853353,-0.00000000000000004741151141282778,0.0042894744197974595,-0.0020114802113503634,-0.0063554299372149195,-0.013353027144917618
0.68,-1.3693121555788366,-0.00044583949917938366,-0.0018207911011197126,-0.001611086340265037,-0.0004295537747277746,-0.0004960568469201146
0.6866666666666666,-1.3522499107428472,-0.00023765374668541724,-0.0018563934321848934,-0.0016404448626634255,-0.0004262036762022652,-0.0004926373531151209
0.6933333333333334,-1.3347965258894767,-0.00000000000000004539750840448882,0.004428649589975605,-0.0007349996750317465,0.007868180188642446,-0.09471942518627217
0.7,-1.3169657817493627,0.0000071532797032427016,-0.0019312668019334529,-0.0017032724327230087,-0.00042016520315987685,-0.00048601002283833923
0.7066666666666667,-1.2984947254263421,-0.00007984669434964941,-0.0019704201921971276,-0.001737732260099767,-0.0004152547376337033,-0.0004803514834224562
0.7133333333333334,-1.279804235063505,-0.000012814923672074709,-0.0020128947493454827,-0.0017729463725964123,-0.0004103865051850119,-0.00047572358069511715
0.72,-1.2606585298916764,-0.000059675396070330816,-0.0020557322534315967,-0.0018079073609682716,-0.00040597152593425706,-0.0004704466181585039
0.7266666666666667,-1.2408687845250246,-0.00003200710143040934,-0.002099743973391371,-0.0018469466567361166,-0.0004007890493828379,-0.0004634937000142873
0.7333333333333333,-1.2208154151806185,-0.0000000000000000513767250251312,-0.00040069857730203664,0.002041954809141702,0.0004110729286056712,0.0021307155988208024
0.74,-1.2003162437634718,-0.00000000000000005226357633108603,-0.00042141271393453613,0.002150706365863639,0.00043129930545324175,0.0022344246254996742
0.7466666666666667,-1.1793678487625645,-0.00000000000000005252603764496382,-0.00044282864874090944,0.002263121145980689,0.00045409283161276673,0.0023493697494203643
0.7533333333333333,-1.1580436650937789,-0.0000000000000000520004479299261,-0.00046450549475908807,0.0023776059332571,0.0004783179967069575,0.0024760822203685356
0.76,-1.1362610956328227,-0.000000000000000051991229587248384,-0.00048688069311208945,0.0024943007994787814,0.0005056790975646337,0.002616680996173576
0.7666666666666667,-1.1140790509763063,-0.00000000000000005058730759485349,-0.000509663910087447,0.002612446933008857,0.0005361629604871245,0.0027725269586209664
0.7733333333333333,-1.0914620130965067,-0.00000000000000004944377943963798,-0.0005323395684399015,0.002731468470489185,0.0005698860677683036,0.002945175905950457
0.78,-1.0683533480531102,-0.00013808567962559991,-0.002511980680014897,-0.002199274449999869,-0.00032751923300842085,-0.0003809685710727056
0.7866666666666666,-1.0448862110404136,0.0002679895122685147,-0.0025713929450433257,-0.002249694944625833,-0.0003144512645560825,-0.0003665450617085341
0.7933333333333333,-1.0210075167200738,-0.000019104045068314652,-0.002632032662111801,-0.0023010926054104213,-0.0003000435835955592,-0.00035068456338021393
0.8,-0.9965572281615966,0.0001769042524676032,-0.0026939206012640796,-0.002354357520837742,-0.0002841136691762262,-0.0003334016206915306
0.8066666666666666,-0.9719115352807889,-0.000008919952861588054,-0.002756405214777582,-0.0024088412920302968,-0.00026843957350628286,-0.00031466484096286644
0.8133333333333334,-0.9466490311041212,-0.00006360506503664963,-0.002822588126623123,-0.0024638428923103553,-0.0002511630042224101,-0.0002951004551513217
0.82,-0.9210089509001564,0.00011719444345584499,-0.0028876399784983383,-0.002520350394735758,-0.00023311200087944498,-0.00027348878778062004
0.8266666666666667,-0.8946816504043027,-0.00019775339821955504,-0.0029558267011447078,-0.0025778092580219193,-0.00021210486758751812,-0.0002511413683082335
0.8333333333333334,-0.8680156621563981,0.0001622397058478537,-0.0030233856736712624,-0.002636118505099069,-0.00019138156182320421,-0.0002265416277273177
0.84,-0.8408356064596086,0.00009579928211142226,-0.0030933722220054067,-0.002696148878669761,-0.00016820895470015242,-0.00020082006716677246
0.8466666666666667,-0.8133402578211092,-0.00008085971632045528,-0.0031629629158434805,-0.0027549258717311327,-0.00014424672825923807,-0.00017418987199783442
0.8533333333333334,-0.7851339265565123,0.000012574174154903323,-0.003232029999433523,-0.002814803673510589,-0.00011835214860915712,-0.00014425143456750297
0.86,-0.7565390755352565,-0.000000000000000021479104658546408,-0.0006423446482112606,0.0033419262451170402,0.0016823130067160205,0.008626663295369746
0.8666666666666667,-0.7274004523227022,-0.0000000000000000189559980115459,-0.0006012799391975954,0.0031392537048942834,0.001892185944308046,0.009706503923998052
0.8733333333333333,-0.6977102782212191,-0.000000000000000017958660946764775,-0.0005441225068134202,0.0028538611976180917,0.0021560481461506712,0.011042990977751115
0.88,-0.6675586560054391,-0.00000816968722653157,-0.0035034813917713646,-0.003044523571443402,-0.0000017261473115121929,-0.000012000058017075682
0.8866666666666667,-0.6367496729194038,0.00016729868683532825,-0.0035662238167313196,-0.0030974632185177035,0.00003161325291206236,0.000024138595646968667
0.8933333333333333,-0.605320432076552,-0.00023754772193448188,-0.0036232631545701755,-0.003145167917462844,0.00006589980695585807,0.00006308345517576845
0.9,-0.5734055934886384,-0.000000000000000016607207162372645,-0.00012911725341753218,0.0007478484423922954,0.0052949030032436945,0.02632621554021068
0.9066666666666666,-0.5408195235469299,-0.000000000000000014281763600448746,-0.000007589018762455217,0.00013969354149642624,0.013596186173366874,0.05931803759550726
0.9133333333333333,-0.5076477178531711,-0.0000753372947221361,-0.0037544249388122347,-0.0032513420036619804,0.00017421507799278733,0.00018487465764619775
0.92,-0.4737644994623444,-0.00000000000000000943269946193275,0.0000005372832135814754,0.00000006475381554108072,0.000000047505580552593284,-0.000000024204880667086137
0.9266666666666666,-0.439245111658436,0.0004512193495897018,-0.0037841164314822285,-0.0032671074281336913,0.00024717352270503285,0.0002677786580903825
0.9333333333333333,-0.40390971819400706,-0.000000000000000010309493005126515,0.0000006116700711374893,0.000000016584038454677896,-0.00000006353914513263789,-0.00000014621391546115316
0.94,-0.3679677841458011,-0.00009360047015153505,-0.003726586863830038,-0.003208296326443553,0.00031778870046620815,0.00034522145241310936
0.9466666666666667,-0.33103548618799233,-0.000000000000000010204478985017734,0.0000016990213949320213,-0.0000005204216809314791,0.000000037404425973077705,-0.00000008919843221827743
0.9533333333333334,-0.2932946267492064,0.0002206566801396377,-0.0035397637100646737,-0.003028699278968446,0.00037421685486770865,0.0004062832507809752
0.96,-0.254732748766224,0.00042517991236690113,-0.0033675050545708433,-0.002870924230146029,0.000394105440667298,0.00042686910917569563
0.9666666666666667,-0.21514649206834655,-0.00011155073003603323,-0.003120265727861912,-0.0026459688531935877,0.00040463445043016047,0.00043808261159812713
0.9733333333333334,-0.1746037730787561,0.00007355623375689211,-0.002791804362020627,-0.002347024292217841,0.0004009130335273777,0.0004302893075801155
0.98,-0.13292647901257318,-0.000000000000000002838212761634627,0.000007926845358156196,-0.0000027705711330298715,0.00000004782681808135968,-0.000000007801228202467197
0.9866666666666667,-0.08999197918338203,-0.0000000000000000017950226848577594,0.00000954984730002168,-0.0000032535439592359065,0.0000002719377157212419,0.0000005679007066065991
0.9933333333333333,-0.04568163305326141,-0.00004541234740494286,-0.0009205081080678008,-0.0006852876763383313,0.0002440330288323371,0.00024022437166770956
1,0,-0.0000000000000000011104601938503877,0.00000000000000000004743384504624082,0.000000000000000004228388472693467,-0.00000000000000000010842021724855044,-0.00000000000000000015924219408380846
1.0066666666666666,0.04568163305326153,0.00004541234740495981,0.0009205081080678058,0.0006852876763376773,-0.00024403302883179703,-0.00024022437166792542
1.0133333333333334,0.08999197918338299,-0.000000000000000000442483988300246,-0.000009549847299858901,0.000003253543961464666,-0.0000002719377150679139,-0.0000005679007067330112
1.02,0.1329264790125737,0.000000000000000000684639897795205,-0.000007926845358187841,0.0000027705711326196187,-0.000000047826819264727006,0.00000000780122826638335
1.0266666666666666,0.17460377307875552,-0.00007355623375686273,0.0027918043620201853,0.002347024292216285,-0.0004009130335268605,-0.0004302893075802491
1.0333333333333334,0.21514649206834777,0.00011155073003598379,0.00312026572786119,0.0026459688531951264,-0.0004046344504307341,-0.00043808261159831345
1.04,0.2547327487662241,-0.00042517991236688026,0.0033675050545706043,0.002870924230146353,-0.000394105440666553,-0.0004268691091757948
1.0466666666666666,0.2932946267492067,-0.0002206566801396254,0.003539763710064697,0.0030286992789681907,-0.00037421685486781464,-0.00040628325078088853
1.0533333333333332,0.3310354861879918,0.000000000000000008014277615731785,-0.0000016990213950546872,0.0000005204216856523076,-0.000000037404425534293635,0.00000008919843218688716
1.06,0.36796778414580117,0.00009360047015155446,0.0037265868638295214,0.0032082963264438292,-0.0003177887004670776,-0.0003452214524146925
1.0666666666666667,0.4039097181940072,0.000000000000000008078976199739363,-0.0000006116700710399027,-0.00000001658403698068707,0.00000006353914677170723,0.00000014621391611194774
1.0733333333333333,0.4392451116584348,-0.00045121934958963864,0.0037841164314819193,0.003267107428134576,-0.0002471735227054077,-0.00026777865809031763
1.08,0.47376449946234395,0.000000000000000007260524230488103,-0.0000005372832131390429,-0.0000000647538151389841,-0.00000004750558290209469,0.000000024204881399647425
1.0866666666666667,0.5076477178531709,0.00007533729472214816,0.0037544249388130123,0.0032513420036621417,-0.00017421507799292267,-0.0001848746576457779
1.0933333333333333,0.5408195235469285,0.00000000000000001219050842439789,0.000007589018761999322,-0.0001396935414884662,-0.013596186173368108,-0.05931803759551056
1.1,0.5734055934886394,0.000000000000000014583039867208833,0.00012911725341745636,-0.0007478484423917486,-0.005294903003243618,-0.026326215540209995
1.1066666666666667,0.6053204320765517,0.00023754772193449312,0.003623263154571793,0.00314516791746261,-0.00006589980695635372,-0.00006308345517589065
1.1133333333333333,0.6367496729194037,-0.00016729868683532318,0.0035662238167319203,0.0030974632185139807,-0.00003161325291368187,-0.000024138595647354023
1.12,0.6675586560054395,0.000008169687226539655,0.003503481391770972,0.0030445235714439012,0.0000017261473114612269,0.000012000058016880637
1.1266666666666667,0.6977102782212196,0.00000000000000001620028624110273,0.0005441225068133775,-0.0028538611976185193,-0.0021560481461507476,-0.011042990977750983
1.1333333333333333,0.7274004523227025,0.00000000000000001732239342962922,0.0006012799391974513,-0.003139253704894433,-0.001892185944306746,-0.009706503923999472
1.14,0.7565390755352562,0.000000000000000019798598598929025,0.0006423446482123213,-0.003341926245114493,-0.0016823130067162742,-0.008626663295371682
1.1466666666666667,0.7851339265565128,-0.000012574174154888155,0.0032320299994328524,0.0028148036735103892,0.00011835214860969326,0.000144251434567954
1.1533333333333333,0.8133402578211092,0.00008085971632046999,0.0031629629158433682,0.0027549258717316466,0.00014424672825922455,0.00017418987199767396
1.16,0.8408356064596079,-0.00009579928211142893,0.003093372222005567,0.002696148878669631,0.00016820895470109505,0.00020082006716605052
1.1666666666666667,0.8680156621563986,-0.00016223970584785288,0.0030233856736718388,0.0026361185051012575,0.00019138156182467033,0.00022654162772882974
1.1733333333333333,0.8946816504043027,0.00019775339821956683,0.002955826701144626,0.0025778092580216213,0.00021210486758763795,0.00025114136830851853
1.18,0.9210089509001562,-0.00011719444345582712,0.0028876399784985365,0.0025203503947393373,0.00023311200087736394,0.00027348878778121435
1.1866666666666668,0.9466490311041217,0.00006360506503666773,0.002822588126623794,0.0024638428923097985,0.00025116300422217013,0.00029510045515137266
1.1933333333333334,0.9719115352807889,0.000008919952861590385,0.0027564052147788305,0.0024088412920289337,0.00026843957350827053,0.00031466484096271335
1.2,0.9965572281615963,-0.00017690425246759395,0.0026939206012640536,0.002354357520839415,0.00028411366917734186,0.00033340162069105486
1.2066666666666668,1.0210075167200738,0.000019104045068328273,0.002632032662105649,0.002301092605404905,0.0003000435835934919,0.0003506845633788024
1.2133333333333334,1.044886211040414,-0.0002679895122685032,0.0025713929450435044,0.0022496949446259066,0.0003144512645554438,0.00036654506170812583
1.22,1.06835334805311,0.00013808567962561938,0.0025119806800125008,0.002199274450000059,0.0003275192330077044,0.00038096857107230303
1.2266666666666666,1.0914620130965067,0.000000000000000048025364177040234,0.0005323395684390885,-0.002731468470487947,-0.00056988606776819,-0.0029451759059499166
1.2333333333333334,1.1140790509763072,0.00000000000000004918945434467845,0.0005096639100874088,-0.0026124469330081994,-0.0005361629604877089,-0.0027725269586189095
1.24,1.1362610956328232,0.000000000000000050604051521114603,0.0004868806931111443,-0.0024943007994790364,-0.0005056790975639427,-0.0026166809961725187
1.2466666666666666,1.1580436650937787,0.00000000000000005061691898237916,0.00046450549475725685,-0.002377605933255765,-0.00047831799670672005,-0.002476082220365836
1.2533333333333334,1.1793678487625656,0.00000000000000005113528119447911,0.0004428286487406175,-0.0022631211459820237,-0.0004540928316139106,-0.0023493697494127233
1.26,1.2003162437634725,0.00000000000000005080487650833757,0.00042141271393340867,-0.002150706365864467,-0.00043129930545363255,-0.0022344246254935233
1.2666666666666666,1.2208154151806179,0.000000000000000049913423870262233,0.00040069857730562253,-0.0020419548091416832,-0.0004110729286024128,-0.0021307155988178196
1.2733333333333334,1.2408687845250252,0.00003200710143043959,0.0020997439733914615,0.0018469466567366127,0.00040078904938251053,0.00046349370001428714
1.28,1.2606585298916766,0.00005967539607034849,0.002055732253432004,0.0018079073609670042,0.00040597152593914465,0.0004704466181568729
1.2866666666666666,1.2798042350635062,0.000012814923672093126,0.002012894749346874,0.0017729463725913196,0.00041038650518637407,0.0004757235806948933
1.2933333333333332,1.2984947254263424,0.00007984669434966649,0.001970420192195798,0.001737732260103359,0.0004152547376355918,0.000480351483421868
1.3,1.3169657817493627,-0.000007153279703224196,0.0019312668019329585,0.0017032724327235558,0.00042016520316051067,0.0004860100228383744
1.3066666666666666,1.3347965258894763,0.0000000000000000440071738522607,-0.004428649589973214,0.0007349996750311709,-0.00786818018863853,0.0947194251862682
1.3133333333333332,1.3522499107428465,0.00023765374668543304,0.0018563934321837185,0.0016404448626631638,0.0004262036762021587,0.0004926373531157744
1.32,1.3693121555788366,0.0004458394991794036,0.0018207911011185848,0.001611086340264639,0.0004295537747260745,0.000496056846921446
1.3266666666666667,1.38595885853353,0.000000000000000045950698465689104,-0.0042894744197973095,0.0020114802113500975,0.0063554299372150964,0.013353027144917885
1.3333333333333333,1.4021159235636382,0.00000000000000004565538980759652,-0.0031874621758121308,0.0016347840003243142,0.004062369093858351,0.011637955033612155
1.34,1.417858396495915,0.000000000000000045028930567374164,-0.002245491346027196,0.0012062940925591339,0.0020289915134578443,0.010233634430891661
1.3466666666666667,1.4330598182584469,0.00000000000000004364555688498073,-0.0008462808069935773,0.0012666536274899645,0.0009081752099024446,0.006758194659085756
1.3533333333333333,1.4477572227363502,0.00000000000000004176497839370078,-0.0039020075209874315,0.002111072604955286,-0.00022868526376655077,0.006777064166439693
1.36,1.4619886255187342,-0.00037764797200559087,0.001634926371071085,0.0014625906507109774,0.00043819933658760133,0.0005052566465920081
1.3666666666666667,1.4757563288776216,0.00020160207849827526,0.0016081067390636584,0.0014445329201355716,0.0004386627182280591,0.0005054597108640963
1.3733333333333333,1.4888933429526392,0.0002989749096131001,0.0015827817673280096,0.0014279862729831615,0.0004384238079302887,0.000505769949330052
1.38,1.5014968181452466,0.00010657620628109254,0.0015583819632670193,0.0014129085657130832,0.00043816541680704354,0.0005060209468136913
1.3866666666666667,1.5136568998503477,0.00000000000000003861753322912563,-0.0014075375348718817,-0.0008743287453493449,0.0006181305411502881,0.0032671565653977232
1.3933333333333333,1.5246192648383485,-0.0003612766749803572,0.0015129876934858505,0.001391320967514741,0.0004380762926281477,0.0005056739896743771
1.4,1.5354768118983482,0.00000000000000004033448212416611,0.0015785292463982481,-0.0017486823587396217,0.0008529283863570542,0.002716889911947034
1.4066666666666667,1.5446844014654615,0.00021507446329309247,0.001468758097924588,0.0013913402274571447,0.000437733996720116,0.0005054741254926646
1.4133333333333333,1.5538876489605093,0.0006859782438512851,0.0014201661407494033,0.0013732143501114635,0.0004470011359268541,0.000516709093072823
1.42,1.5584039177753608,0.00000000000000004144697200003376,-0.0024969138373608815,-0.0006424479768964631,0.0008489481891393086,0.001339020441487412
1.4266666666666667,1.5629407251462242,0.000000000000000042169469422892565,-0.002132557340483064,-0.0012955925239543408,0.0005605447018331163,0.001364899861446194
1.4333333333333333,1.5674775325170873,0.00000000000000004289196684575135,-0.0017682008436052585,-0.0019487370710121962,0.0002721412145269338,0.0013907792814049755
1.44,1.5720143398879505,0.00000000000000004361446426861013,-0.001403844346727453,-0.002601881618070052,-0.00001626227277924902,0.0014166587013637567
1.4466666666666668,1.5783369044824382,-0.0001052485434197372,-0.003838259737632812,-0.003318844717690444,0.00239835258693867,0.0026978573405677772
1.4533333333333334,1.5852870848309695,0.000000000000000042240535598101895,-0.0017823170858199634,-0.0017600722762309829,0.0004992331404167218,0.0018676482772235392
1.46,1.59227197459966,0.00046405626802841366,-0.008422726391906178,-0.00751223574231905,0.004181850346349941,0.004670326064156981
1.4666666666666666,1.6006858652191995,0.000000000000000038916057677281704,-0.002106137061012777,-0.0005272503031243889,0.0002961378011329354,0.0021599198939742264
1.4733333333333334,1.6092322887131778,0.000000000000000036377329401752097,-0.0021294493611701015,0.00011267260550025201,-0.00033316950545055285,0.0021743000491903446
1.48,1.6184199929537326,0.00000000000000003444012697892904,-0.0015831011947545965,-0.00009934280841516802,-0.000341015779750448,0.001612675058942864
1.4866666666666666,1.6279809941503423,0.000000000000000032853079727616055,-0.0007051470674683613,-0.0008072813952130266,0.000012897616572268172,0.0007157507966973292
1.4933333333333334,1.6380234512306482,0.00000000000000003128053761019285,-0.0005908497916821161,-0.0007909793211704945,0.0000007592661491267149,0.00020951960153431148
1.5,1.64840334779583,0.00000000000000002971816175114062,-0.0010117790720951829,-0.0002670764392523901,-0.0002679349122178013,-0.00002288532674613367
1.5066666666666666,1.659302149316642,-0.00022852010291118453,-0.02924783073930997,-0.026362105498612044,0.013415381515244055,0.014892656957188785
1.5133333333333334,1.6703004249719058,-0.00035854090475568895,-0.0319526459857864,-0.028789121879530085,0.014741062113837609,0.016371088027250486
1.52,1.6817509715351662,-0.0002193658317206558,-0.034269339090817134,-0.030853221863468033,0.01587953112490158,0.017659202143950208
1.5266666666666666,1.693418390017456,0.00000000000000002381414485867093,-0.001391651695128493,-0.00009977358017597862,-0.000610050968894075,0.0003986005846012559
1.5333333333333334,1.7054424833151245,0.00000000000000002203525971962097,-0.0006720506731318008,-0.0011776436137794822,-0.0000851621001165978,0.0002586416325594937
1.54,1.7177405950613183,0.000000000000000020343319680498087,-0.0007909567961363925,-0.0010715563121287287,-0.0001098663284141079,-0.00017141252907377445
1.5466666666666666,1.730124956906562,0.00023573025774177792,-0.043388669730323765,-0.039333040749456864,0.018872849785148683,0.021179344318916254
1.5533333333333332,1.7429989018636813,0.00008208369511631582,-0.04939365964358594,-0.039104430860066215,0.016252833170146443,0.02112886841664533
1.56,1.7560901232366923,0.000000000000000016041294274512216,-0.0008740600380127522,-0.0016805443548007326,-0.00002882104346907426,-0.0009744205644315873
1.5666666666666667,1.7693204882722506,0.000000000000000014962896323126826,-0.0004309475545415402,-0.0011715224650638125,0.0002967863985860865,-0.001143002554422617
1.5733333333333333,1.7829016290872661,0.00017351287327964528,0.0011126310423038952,0.0009436397286127958,0.00040212050313176786,0.00046320761073805164
1.58,1.7966048194532476,0.00009534228831998533,0.0010935679668815155,0.0009271892315026416,0.00039866788771404394,0.00045936355670081247
1.5866666666666667,1.8104762706959214,-0.000018970464102513435,0.0010747102353681562,0.0009109147707348011,0.000394935625539559,0.000455293397315392
1.5933333333333333,1.8246066174738715,0.000000000000000011728068610200819,-0.0008760042888364497,-0.0006730565456821787,-0.0006266255858508534,-0.000381148643260691
1.6,1.8389548538321465,0.000000000000000010772323382266708,-0.0008881936808929427,-0.0004770950641616352,-0.00026740617794608325,-0.0011880049269630652
1.6066666666666667,1.8534799885649318,0.00005837871546075395,0.0010171482724730993,0.000864186705153892,0.00038305203794411323,0.000440953803493672
1.6133333333333333,1.8682396169074096,0.00001786940325890876,0.0009985500077903313,0.0008490060631166288,0.00037858253194358583,0.00043592642086620235
1.62,1.883101465566665,0.000000000000000008121117133971317,-0.00160485891471853,0.00030902079992138463,0.00040890458406066135,-0.0015240120361486933
1.6266666666666667,1.8982300015583653,0.000000000000000007172715916153457,-0.0017877663204093283,-0.000046580739386306634,0.00036514257964673355,-0.0016797562033824466
1.6333333333333333,1.9135568502829574,-0.000003072536214594967,0.0009448626176599823,0.0008041394710602628,0.0003644663646186378,0.00042006171592943385
1.64,1.9289718253632104,-0.000019071101788306358,0.0009275086024370144,0.0007898187064435823,0.00035946902964623914,0.00041434473746153187
1.6466666666666667,1.9445731751097506,0.000000000000000004951167290193784,-0.00046008167947468137,0.0008502911629324596,-0.0010104942432273144,-0.003125150263795508
1.6533333333333333,1.960387307630393,0.000000000000000004542793581807482,-0.0007617487348397457,0.00002051846987222931,-0.0005005291163754534,-0.0043463451369464765
1.66,1.9764193021711765,-0.0000343829986706247,0.0008774097554621028,0.0007487846833237004,0.00034341160720956486,0.0003958285234062246
1.6666666666666667,1.9925564569166654,-0.00002600089917325679,0.0008615860024993418,0.0007362391076232189,0.0003378956186054461,0.0003892704052297742
1.6733333333333333,2.0088450048550524,0.000000000000000003787604321371287,-0.0016158487672323606,0.0011210413835989808,-0.00029527844563147383,0.00003626812069711559
1.68,2.0252605115875664,0.000000000000000003874408381379391,-0.0015449774353297199,0.0004977059408493114,0.00028037935200564743,-0.0002903254082637095
1.6866666666666668,2.04193150301455,-0.000028483910635408844,0.0008186958152869738,0.0007023029638571929,0.0003210710355321248,0.0003693397853819296
1.6933333333333334,2.0587719482856195,0.000048808147565906215,0.0008073687427156283,0.0006920039752448583,0.0003151077488658125,0.00036312363654837144
1.7,2.0757080806980936,0.000025033796122720342,0.0007958531074320501,0.0006841331064240189,0.0003097456030373305,0.00035618163121332934
1.7066666666666668,2.092843024268323,0.000000000000000003610808895302856,-0.0018031999084372689,-0.0008347923277003265,0.00012863491204313077,0.0005975172531725024
1.7133333333333334,2.1101272978534564,0.0000000000000000034414882323539936,-0.001154963352342109,-0.000385119020770754,0.00013082634850225815,0.0003558141511246061
1.72,2.12756511950495,0.0000000000000000032636703054916632,0.000030421322344672505,-0.00016619809382033767,0.00003636414368205871,0.00019061671864285928
1.7266666666666666,2.1452203491556117,0.00004127272347968139,0.0007763223944995635,0.0006712382152737457,0.00029166995292336943,0.0003346703279001063
1.7333333333333334,2.162815354201639,0.000007529243967039793,0.0007821302011260365,0.0006766922722000354,0.0002893716769499415,0.00033212072521458764
1.74,2.180797016732955,0.000000000000000002656245986015578,0.000027093580796683333,-0.00014756362404951025,0.000028791232434157356,0.00015064778536268513
1.7466666666666666,2.198878497737481,0.000000000000000002400242746187461,0.000025937995379423487,-0.0001408570273440561,0.000026568047781165337,0.00013901814635494783
1.7533333333333334,2.2170431559375205,0.0000000000000000022230367645860414,0.000024605641307952048,-0.00013391830051468571,0.000024548065421637606,0.0001283344712226791
1.76,2.235517632706953,0.000014144777739173152,0.0009814915603477633,0.0008649015929975768,0.0003330983542144203,0.0003772870882904307
1.7666666666666666,2.253954818208433,0.000029564156560026984,0.0012801109664574732,0.0011541699945905467,0.0004264370358989805,0.0004728629831744376
1.7733333333333334,2.2726139867016535,0.000006649804184365926,0.00029199276866712326,0.00026096773989711696,0.00009691710229594946,0.00010711435315692157
1.78,2.2914572802605755,0.0000000000000000022429625398976893,0.000019380432964111612,-0.0001051718476338398,0.000017834280775750353,0.00009292340632756149
1.7866666666666666,2.3104379625936353,0.0000000000000000020954441313860962,0.000018075827277814634,-0.00009793308142255045,0.000016491892874322724,0.00008581947931408331
1.7933333333333332,2.3295356400946865,0.000000000000000002010707809896077,0.00001674164438906007,-0.0000907420572956852,0.00001528473483309755,0.00007944974771072778
1.8,2.3488354331629,0.000000000000000001856433686258476,0.000015395328516485683,-0.000083585479057701,0.000014197343699257334,0.00007372102039597666
1.8066666666666666,2.3681843481129796,0.000002601355878882581,0.00000032263297481573594,-0.000002310421161563239,-0.000000004403454811073056,-0.0000000010359272406531032
1.8133333333333332,2.38784081655871,0.000008894782138481226,0.00000029276002893306966,-0.0000021041859167851244,-0.000000014193850130305747,-0.000000006248306905120395
1.82,2.4075831290383016,0.00000753290988872224,0.00000024537578640193794,-0.000001924178040601135,-0.00000001075017532933135,0.0000000018555502074764628
1.8266666666666667,2.427506183601103,0.000007190095366798701,0.0000002043345536078016,-0.0000017528133445361268,-0.000000003806059798818192,-0.000000000005662015929626663
1.8333333333333333,2.447506117315474,0.0000036664378502335236,0.0000001948720526361462,-0.000001588409269339955,-0.0000000023123436000836633,-0.000000004902642119606418
1.84,2.4676501412242247,0.0000023129092240725644,0.00000017932543117777022,-0.0000014016625310352503,0.000000004705864585831268,0.000000005942349245703102
1.8466666666666667,2.4879178745854045,-0.000002332637962667551,0.0000001565212963218312,-0.0000012443287967693496,0.000000014605408324227766,0.000000009847831582188966
1.8533333333333333,2.508482629911475,0.0000021535107916382297,0.00000013499531227319234,-0.0000011026022535114532,0.000000008282019569269721,0.00000000896532231180803
1.86,2.5291776518553974,0.0000029062411018107487,0.0000001124463860949387,-0.000000991104988031504,0.000000004667453750258201,0.000000004648912419984094
1.8666666666666667,2.5500206290956497,0.0000016576849303234222,0.00000009670646924790711,-0.0000008673381532289426,0.000000005902982107364732,0.0000000027905769832792524
1.8733333333333333,2.5708990162468446,0.0000003237577878997805,0.00000009306752960346272,-0.0000007451460002707761,-0.00000000038797613154892554,-0.0000000010269925218415421
1.88,2.5921400094883515,0.0000013229497388538688,0.00000009059044111125187,-0.0000006342556598335202,-0.000000008225034673256326,-0.000000006400111580266159
1.8866666666666667,2.613362682351286,0.0000000000000000007297646678643475,0.0000016819749830278032,-0.000009808144525502212,0.000014204789421245783,0.0000707918703123299
1.8933333333333333,2.6347747590274118,0.0000000000000000007052955553657265,0.0000010087075847111597,-0.000006324571905561303,0.000018474447832641806,0.0000905308381120504
1.9,2.656373725823676,0.0000000000000000006822293940119426,0.000000266845739458299,-0.0000025221067378381003,-0.00004734475228625494,0.00017076964839217549
1.9066666666666667,2.6781639719164474,0.00000041349654769714587,0.00000003945140050106051,-0.0000003351278545658728,0.00000000028880271716615097,0.0000000014227609219994239
1.9133333333333333,2.7000803781795897,-0.0000004510701530580104,0.0000000323854101328091,-0.00000027010090711209176,0.0000000021510426436775766,0.000000002311795692484996
1.92,2.7221548790553243,0.0000000000000000006377354438380223,-0.00000007233400613546282,0.000000016235108373948864,-0.00000000033709805874604656,-0.00000000035785640977348587
1.9266666666666667,2.7443618527868825,0.0000000000000000006335071485140315,-0.00000005756681131604434,0.000000012884854704815214,0.0000000002502758840105557,0.0000000012409150589690031
1.9333333333333333,2.766770903142708,0.0000002602399863950295,0.00000001243497618285543,-0.0000001449416087530636,-0.0000000006057113456221219,0.00000000006300236565239901
1.94,2.789339420744671,0.000000000000000000619162069088157,-0.000000034126002554087196,0.000000007573380645454834,-0.0000000005696576776247859,-0.000000000930266879314941
1.9466666666666668,2.81204576195282,-0.00000007773139931084755,0.000000008600281680115046,-0.00000007912496740731502,-0.0000000002685188394673965,-0.0000000005757702578567919
1.9533333333333334,2.834966966872143,0.000000000000000000610140402069244,-0.000000017901513877001374,0.0000000040653305972809314,0.00000000023071864171012152,0.0000000004341351727307533
1.96,2.8580384122668523,0.0000000000000000006073727382691124,-0.000000012352216755788612,0.0000000026429418921231426,-0.000000000043056508177364304,-0.000000000017406002297036836
1.9666666666666666,2.8812702701869775,0.0000000000000000006048907010218254,-0.000000007805126575634475,0.0000000015919090325594308,-0.00000000018095005898651687,-0.00000000031735387768946743
1.9733333333333334,2.9046637233103403,0.0000000000000000006040623843325054,-0.000000004395630466070505,0.0000000009784639018284833,0.00000000021257356690086165,0.00000000040515359257718683
1.98,2.928239720435958,0.0000000000000000006039125093192186,-0.0000000021924030083428863,0.0000000004690917499041207,-0.00000000007758726708882877,-0.00000000008788520660696344
1.9866666666666666,2.9519863965295117,0.0000000000000000006033316843341764,-0.0000000008213073125298524,0.00000000017707409545574207,0.000000000010937934810235455,0.00000000001203771113496436
1.9933333333333334,2.9759119862771954,-0.00000000012879895928624646,0.00000000006153879147781554,-0.0000000005047563412595907,-0.000000000007719332277494114,-0.000000000004487718524459291
0,0,0,0,0,0,0
0,0,0,0,0,0,0
0,0,0,0,0,0,0
0,0,0,0,0,0,0
0,0,0,0,0,0,0
0,0,0,0,0,0,0
0,0,0,0,0,0,0
