# n,energy,berry,bcd_x,bcd_y,qmd_x,qmd_y
0.0000012708333333333336,0,0.00000007859258467944573,0.0000000000000000004988680190535671,0.000000000000000003630905502562307,0.000000000000000002335195959664382,0.00000000000000000031628849546360643
0.006666666666666667,0,0.00043020219749881946,-0.000000000000000005740882923545726,0.000000000000000019953383389752838,0.000000000000000014480694612839863,-0.0000000000000000008413474458026439
0.013333333333333334,0,0.0009065706057242132,0.0000000000000000050227817737264385,0.00000000000000003023484291455789,0.00000000000000001683283595149299,0.000000000000000003036539424940585
0.02,0,0.0014438515364409224,0.000000000000000004016323480065392,0.000000000000000009515952265114413,0.0000000000000000024888895548476352,0.00000000000000000269971646995411
0.02666666666666667,0,0.0015498200802105523,0.000000000000000007199237788597515,0.000000000000000019425659874967785,0.0000000000000000045540537985509345,-0.0000000000000000047217182664420176
0.03333333333333333,0,0.0016238149104500382,0.00000000000000000735566780147486,0.000000000000000009434247488252813,0.000000000000000007218291187439506,0.000000000000000016888191675705904
0.04,0,0.001717212166062923,0.000000000000000054758061322698715,-0.000000000000000012072631257397397,0.000000000000000012465450425688772,0.00000000000000006314350427365697
0.04666666666666667,0,0.0018315337026746023,0.000000000000000007221421963864195,-0.00000000000000005446086192869774,0.000000000000000004732864684859572,0.000000000000000043440218564086544
0.05333333333333334,0,0.001968131375472949,-0.000000000000000014204204111432188,0.000000000000000007073938164583576,-0.00000000000000002552407964989174,-0.000000000000000011017857010891129
0.06,0,0.0021287296999320665,-0.000000000000000002720342098201256,0.00000000000000003002729378623042,-0.000000000000000013180715983125958,0.000000000000000005401337528452532
0.06666666666666667,0,0.0023172572967080592,-0.000000000000000013427206283785696,0.000000000000000003753920789656787,-0.000000000000000010650532272909782,0.000000000000000017561207113313013
0.07333333333333333,0,0.002533313037562225,-0.000000000000000008811126948026115,0.000000000000000052028147908688706,-0.000000000000000018851892573780218,-0.00000000000000002347166783555713
0.08,0,0.0027788062466958057,-0.0000000000000000047348165693640765,0.000000000000000020819520849991597,-0.000000000000000037379927910823097,-0.000000000000000039721500814486573
0.08666666666666667,0,0.0030556396037948485,0.00000000000000001965917320048876,-0.000000000000000037920772466959145,-0.00000000000000004517808419839495,-0.00000000000000013990715890575325
0.09333333333333334,0,0.0033658244488827703,0.000000000000000009662301461901805,-0.0000000000000000904671616365222,-0.00000000000000012483333926966926,-0.00000000000000003350869590708244
0.1,0,0.0037114022049941297,0.00000000000000001478381574467434,-0.000000000000000048739923876722905,-0.0000000000000000671471080388749,0.000000000000000026793576236760286
0.10666666666666667,0,0.004095303285787058,0.000000000000000044621183319965994,-0.000000000000000008430909309988314,-0.00000000000000008592698036446103,0.00000000000000011302638232024672
0.11333333333333333,0,0.004519937971776713,0.000000000000000018643448390706193,-0.00000000000000007614842010565525,-0.00000000000000004807676313872453,0.00000000000000006644541731674363
0.12,0,0.004988347673558492,0.00000000000000001515617141866465,0.00000000000000005286743462458588,-0.00000000000000011492173943667066,-0.00000000000000012560409487443936
0.12666666666666668,0,0.005504331500466106,0.00000000000000008114112564604828,0.000000000000000048600930930395773,-0.000000000000000006062223010759346,-0.00000000000000004451204647095997
0.13333333333333333,0,0.006072116647505842,-0.00000000000000003461472773545232,0.00000000000000007002384657153152,0.00000000000000015726237005949582,-0.00000000000000005507890430134088
0.14,0,0.006695526489789241,0.00000000000000016076901520725647,0.00000000000000016288113646173896,0.00000000000000013113372868493622,-0.00000000000000008344304071921202
0.14666666666666667,0,0.007381860034883009,0.0000000000000001223005076359446,0.00000000000000008505744451306928,0.00000000000000004086148893873531,0.00000000000000026449582670506967
0.15333333333333332,0,0.008137177580807597,0.0000000000000001439578886629304,0.00000000000000012588117391986076,-0.000000000000000004409873805496277,0.00000000000000016782978647642475
0.16,0,0.008971608569346725,0.00000000000000030237915381301337,0.0000000000000002785198001433953,0.0000000000000006312637502600864,0.0000000000000004940272311596831
0.16666666666666666,0,0.009896157670645198,0.0000000000000002521157036582508,0.00000000000000007053319186122082,0.0000000000000002040288404365791,0.00000000000000024451795103787397
0.17333333333333334,0,0.010926849929323948,0.0000000000000003304202564344508,-0.000000000000000021499296594859513,0.00000000000000010476602344174625,0.00000000000000022095973739019497
0.18,0,0.012083673333654893,0.00000000000000015408726235791183,0.00000000000000021113032298982605,0.00000000000000013794549253292816,0.000000000000000043080504869961516
0.18666666666666668,0,0.013397740661597171,0.00000000000000008673617379884035,0.00000000000000003114782377254882,0.00000000000000024393779846943095,0.0000000000000008877278132965355
0.19333333333333333,0,0.014909782250361641,0.00000000000000009807875670981282,-0.00000000000000015799442990198124,0.0000000000000004705130098001447,0.0000000000000003917683229484303
0.2,0,0.016680069460397382,-0.00000000000000028407899682243613,-0.00000000000000013176728225038586,0.0000000000000013984310716188352,0.0000000000000008540289937621496
0.20666666666666667,0,0.018801536269354737,-0.00000000000000011101819491914245,0.00000000000000027200792706786193,0.000000000000003327628447489605,0.0000000000000014490626316958966
0.21333333333333335,0,0.021417438054890364,0.00000000000000034153876236709567,0.0000000000000003704566626754189,0.0000000000000027896886102321614,0.0000000000000033054114535218355
0.22,0,0.024758042771011353,0.00000000000000034420765735340855,0.000000000000000019614829681391,0.0000000000000010620822249359367,0.0000000000000059647820871098845
0.22666666666666666,0,0.029208422502117016,0.00000000000000023390211005240736,-0.0000000000000002334796874793669,0.000000000000003088184294719375,0.000000000000006148850361249801
0.23333333333333334,0,0.03539015310565255,-0.00000000000000023276771636455345,-0.0000000000000005862756692591186,0.000000000000006447588209668774,0.000000000000007114114363286464
0.24,0,0.04545055675923438,-0.000000000000005745259875739631,0.000000000000007369898581385324,0.00000000000003595362871634445,0.000000000000017934511344162905
0.24666666666666667,0,0.06554017213239231,0.0000000000000014286336827508225,-0.000000000000007702157066355891,-0.0000000000000341331206767619,-0.000000000000015290205766940497
0.25333333333333335,0,0.08275572644634863,0.00000000000000526902424202218,-0.000000000000012306494765110953,-0.00000000000005446469444168635,-0.00000000000004193707387901913
0.26,0,0.0922711786591805,-0.0000000000000294957428096564,0.000000000000053580432309770785,-0.000000000000014192132430664888,-0.00000000000004091748023741814
0.26666666666666666,0,0.09472996937110979,0.00000000000005537131305186434,-0.00000000000010428326416725972,-0.000000000000011689850512425011,-0.000000000000009888546506087402
0.2733333333333333,0,0.09091835365111914,0.0000000000008517361340523635,-0.0000000000015305889120190022,0.000000000000031780761311683443,0.000000000000024759634715648618
0.28,0,0.08001506120553899,-0.0000000000000013597553432260375,0.000000000000004833076986552687,-0.000000000000012894901887058491,0.000000000000027599232009791483
0.2866666666666667,0,0.05968860594838264,-0.000000000000005107204605662897,0.0000000000000009127170488965434,-0.000000000000056341861575877563,0.00000000000005977959393105345
0.29333333333333333,0,0.027290260160920836,0.000000000000007528989703693779,-0.000000000000009013069274417907,0.00000000000015514421908845825,-0.000000000000017844510582448077
0.3,0,-0.0014203439774293349,0.0000000000000025239975825816653,0.0000000000000062805898254199854,-0.00000000000016310751616169893,-0.00000000000016303153401895405
0.30666666666666664,0,-0.042447916234886425,0.000000000000006209443523081159,0.000000000000009678609306088497,-0.0000000000002231988080303631,0.000000000000006205165529528789
0.31333333333333335,0,-0.07585545543723546,-0.0000000000000051714597133288375,0.000000000000021497306923818815,-0.000000000000025955971187984516,-0.000000000000036734923809616216
0.32,0,-0.10336925181526545,-0.000000000000009166881308420418,0.00000000000002178545466072075,-0.0000000000002264020628603127,0.00000000000007368490316742782
0.32666666666666666,0,-0.12608419913546143,0.0000000000000041204211792815865,0.000000000000009993528037085228,-0.00000000000013966767394736266,-0.00000000000006288756941355302
0.3333333333333333,0,-0.14400363858714887,0.000000000000002408362453549291,0.000000000000027739681625163723,0.00000000000000405519410351292,0.00000000000012273068340746487
0.34,0,-0.14581136544551027,-0.00000000000017576820107304461,0.00000000000029602911172590606,0.000000000000012960227521283905,-0.00000000000000032068745627967335
0.3466666666666667,0,-0.14378244156334152,-0.00000000000004055711313769777,0.000000000000070168513407721,-0.0000000000000054987605394577695,-0.000000000000044316332533474304
0.35333333333333333,0,-0.1333763922624355,-0.000000000000010670158534006036,-0.000000000000005303851184892426,-0.00000000000008339406891912578,-0.00000000000011871231423174548
0.36,0,-0.11456820848339984,-0.0000000000000031869569664960193,-0.0000000000000024804968971765794,-0.000000000000141439599795172,-0.00000000000010178833809671397
0.36666666666666664,0,-0.09039256506286814,0.000000000000027384226461802877,-0.0000000000000014557582305317385,-0.00000000000011012616824514426,-0.000000000000012970354682497331
0.37333333333333335,0,-0.06685483879492839,0.00000000000001598595316634274,-0.000000000000014003713270490734,0.00000000000003983612863729763,-0.00000000000009986439586671599
0.38,0,-0.04389876239315984,-0.0000000000000040422405954145644,-0.00000000000001173916844545674,0.00000000000006690529257389386,-0.000000000000011357574149267651
0.38666666666666666,0,-0.021391121985439014,-0.000000000000006971528289497551,-0.000000000000010066957929317295,-0.00000000000002996760296691687,-0.00000000000007461578003142625
0.3933333333333333,0,0.0006007890685421017,-0.000000000000005613623457633616,-0.00000000000000916684456207354,-0.00000000000012193377627063727,-0.00000000000016372420294527463
0.4,0,0.021932383671720953,-0.000000000000015149055282024725,-0.00000000000000864899343427371,-0.00000000000006202238425441072,-0.00000000000012420817842393372
0.4066666666666667,0,0.04170103674425868,-0.000000000000027884964511792205,-0.00000000000002970231979729857,-0.0000000000001176059219673944,0.00000000000004124107653834667
0.41333333333333333,0,0.05969479975015216,-0.0000000000000337237165473112,-0.00000000000006339367752748694,-0.00000000000009062763472612869,0.00000000000004879218075664338
0.42,0,0.07586386765058731,-0.00000000000003148760379105283,-0.00000000000010896955246002265,0.000000000000041200954655277556,-0.0000000000001341051414481905
0.4266666666666667,0,0.08325056752738515,-0.0000000000003205992461393377,-0.00000000000027973702253485786,0.00000000000006436873388421492,-0.00000000000017847545927163685
0.43333333333333335,0,0.07365001964798265,-0.0000000000177885967605941,-0.0000000000014245461204946364,0.0000000000017594106304785291,0.00000000000009344115673493823
0.44,0,0.040187952976735684,-0.00000000005969218173809558,-0.000000000003950994323301124,0.000000000005837422326427055,0.0000000000008105243508568549
0.44666666666666666,0,-0.00006202521878873046,-0.00000000020261006263658714,-0.00000000031917566996559464,0.000000000025581645271284564,-0.00000000016640728080633267
0.4533333333333333,0,-0.0423556110495182,-0.00000000033144519023413467,-0.0000000006377868781786864,0.00000000004400968613790719,-0.00000000033618685685772245
0.46,0,-0.08258322141631311,-0.00000000012650870873819086,-0.0000000002431387495444342,0.00000000001658414491330637,-0.00000000012797014485727944
0.4666666666666667,0,-0.11705181399906543,0.0000000000000032893899534824316,0.00000000000039263466754184065,-0.00000000000033180842517754366,0.0000000000004781262268485974
0.47333333333333333,0,-0.14223251157565198,0.0000000000000356698563447002,0.00000000000020946398496716597,-0.0000000000002983525927438131,0.00000000000027930299409957013
0.48,0,-0.1640925905003246,0.0000000000000430004577246977,0.00000000000009705914618385694,-0.0000000000002509007502819951,0.00000000000011870426313396356
0.4866666666666667,0,-0.182940969001479,0.00000000000002761159114655167,0.000000000000048836781830200866,-0.00000000000019075495113687468,-0.000000000000007226003826132202
0.49333333333333335,0,-0.20650212313712868,0.000000000000022608304728090334,0.00000000000003467442721703486,-0.00000000000030617127183770975,-0.00000000000012672832913544292
0.5,0,-0.2327815025870033,0.000000000000023595192483492214,0.00000000000004015713696926754,-0.000000000000522847961245945,-0.000000000000242523159102597
0.5066666666666667,0,-0.27547089991851603,0.000000000000021997175284948602,0.000000000000037822133760806245,-0.0000000000005435840896758859,-0.00000000000024061580275237264
0.5133333333333333,0,-0.32868499548844554,0.00000000000001874130830150572,0.00000000000003047317685532088,-0.00000000000043865214803806954,-0.00000000000016321919331738757
0.52,0,-0.3908317538275611,0.00000000000001502578591124398,0.000000000000023177311131228356,-0.0000000000003626246256154703,-0.00000000000008798403380292811
0.5266666666666666,0,-0.48422679087359266,0.000000000000009702295031343942,0.000000000000016067169202594743,-0.0000000000003877106648303417,-0.000000000000020310067548856397
0.5333333333333333,0,-0.5776218279196258,0.000000000000004378804151443814,0.000000000000008957027273961013,-0.0000000000004127967040452135,0.00000000000004736389870521646
0.54,0,-0.6571805927786649,-0.0000000000000016454740984828796,0.0000000000000019680117415929877,-0.00000000000040485965492182204,0.00000000000010751635331744056
0.5466666666666666,0,-0.6726055826328206,-0.000000000000010918036200312442,-0.00000000000000445955971535705,-0.0000000000002438542584264178,0.000000000000132805159049703
0.5533333333333333,0,-0.6858193503614737,-0.000000000000019087129161945845,-0.000000000000010023019313656132,-0.0000000000001025991058220756,0.00000000000015352318753120745
0.56,0,-0.6697328247330704,-0.00000000000001263445746895116,-0.000000000000004136371453380279,-0.00000000000022304897742464306,0.00000000000011367510970780167
0.5666666666666667,0,-0.6505192353696612,-0.000000000000006345072995781957,0.0000000000000015108256344067483,-0.00000000000032239031993281474,0.00000000000007775909832382943
0.5733333333333334,0,-0.6056727288482168,-0.0000000000000013941734827669017,0.000000000000005195215969673766,-0.00000000000024870251322747443,0.00000000000007407470798856242
0.58,0,-0.5546903951077535,0.000000000000000643215487506192,0.0000000000000053858027019943015,-0.00000000000022500099202857693,0.000000000000050355959114885576
0.5866666666666667,0,-0.4757952691957384,-0.00000000000001057338907337724,-0.000000000000010317443683242502,-0.00000000000042869453085422003,-0.00000000000006450207158856076
0.5933333333333334,0,-0.3863438329219247,-0.000000000000017001143292289654,-0.000000000000018337055126719117,-0.0000000000005623509842605075,-0.00000000000012456447854028358
0.6,0,-0.2548254361328558,-0.0000000000000043452999904062324,0.00000000000000426266505521557,-0.0000000000004169092294896567,0.00000000000003373400593406781
0.6066666666666667,0,-0.12330703934378479,0.000000000000008310543311477404,0.000000000000026862385237150633,-0.0000000000002714674747188035,0.00000000000019203249040842188
0.6133333333333333,0,0.059805523194560145,0.000000000000007624667196285913,0.0000000000000161948694032591,-0.00000000000022968006116192027,0.00000000000013963785018117287
0.62,0,0.24344170662052636,0.000000000000006803388117172643,0.000000000000005189729743141294,-0.00000000000018894461883790217,0.00000000000008510491932805181
0.6266666666666667,0,0.40006613297931254,0.000000000000007310894794094066,-0.000000000000000545596412726072,-0.0000000000001828386785260795,0.000000000000053020564425613945
0.6333333333333333,0,0.48935766888132093,0.000000000000011130699354084947,0.000000000000006855274922256261,-0.00000000000026305457428588806,0.00000000000007689434292555695
0.64,0,0.538357904903231,0.000000000000011133078294816985,0.000000000000008655032480780214,-0.0000000000002354125573267166,0.00000000000008595740304325653
0.6466666666666666,0,0.5331032559058906,0.000000000000005995042588745207,0.0000000000000029125219857588147,-0.00000000000006253276768712499,0.00000000000007507685684216335
0.6533333333333333,0,0.510738460442801,0.000000000000009149286851203822,-0.000000000000010839973233511658,-0.0000000000001342525890917238,0.00000000000003286577918673696
0.66,0,0.4759275857972451,0.00000000000000892543253575056,-0.000000000000016490343640824393,-0.0000000000001299823058144912,0.00000000000009045002874384352
0.6666666666666666,0,0.425527224397099,0.00000000000000692647594386423,-0.000000000000021466726007610266,-0.000000000000096365829600057,0.00000000000019360535243067067
0.6733333333333333,0,0.3547493534697175,0.000000000000007978270935016075,-0.00000000000004320382249141505,-0.0000000000001685890856591503,0.0000000000002076292856460286
0.68,0,0.24627601558753398,-0.000000000000010987955709941412,-0.000000000000039939315869599994,-0.00000000000010302754162258972,0.00000000000014265178434797756
0.6866666666666666,0,0.1612693184712677,-0.000000000000006541016305535233,-0.0000000000000045843853081254,-0.00000000000004861232657664408,0.0000000000001796604871540507
0.6933333333333334,0,0.2895023305976583,0.000000000000012413914881787442,0.000000000000013696687844320417,-0.00000000000006842720001549876,0.00000000000010413530873683948
0.7,0,0.56560490713538,0.000000000000011958406241751842,0.0000000000000302970653373886,-0.00000000000010266385157338314,0.00000000000004210923083773727
0.7066666666666667,0,0.9021475559797263,0.000000000000009308742546490378,0.000000000000013681965524652172,-0.00000000000018680206717907583,0.00000000000009524854018945053
0.7133333333333334,0,1.3203375719962556,-0.00000000000000028208697097294117,0.00000000000005292171982106574,-0.00000000000008794579799241871,0.000000000000028773591057547924
0.72,0,1.751897655052612,-0.000000000000018742930977377148,0.00000000000004131221100219494,-0.0000000000000513795385066748,-0.000000000000006320331012191197
0.7266666666666667,0,2.135151602015624,0.000000000000003415255041254502,0.00000000000003564568881592233,-0.00000000000006140093940786642,-0.00000000000003120094955870263
0.7333333333333333,0,2.283118681070876,0.000000000000004274900353982197,0.0000000000000263694219623735,-0.000000000000007242215528193035,-0.0000000000000014967523326860928
0.74,0,2.296907701262827,-0.0000000000000022466941973274172,0.000000000000010975021448786943,0.000000000000000010347048394026319,0.000000000000009484123349498016
0.7466666666666667,0,2.2430634959879434,0.000000000000006364480101711823,-0.0000000000000017647145288117814,-0.000000000000009662449821490285,-0.00000000000001507301651381032
0.7533333333333333,0,2.131401891512784,0.000000000000012425286051865573,-0.000000000000003908889478964823,-0.000000000000016489639370974528,-0.000000000000040346506997252294
0.76,0,1.9365131375337044,0.0000000000000019321980453419606,-0.000000000000024939593102082154,-0.0000000000000029671660511398405,-0.000000000000006953188952594705
0.7666666666666667,0,1.6746970699035,-0.000000000000023568598638842025,-0.000000000000029951847512001515,0.00000000000002673865523219658,0.00000000000002553684367459345
0.7733333333333333,0,1.4657157268573902,-0.00000000000000017598726503883052,-0.000000000000010031427614821203,-0.00000000000001843282003864648,-0.000000000000004785272697382902
0.78,0,1.3705174503277082,0.000000000000009548376019456042,0.00000000000002157748633434207,-0.00000000000003618792877798961,-0.000000000000008666953213031438
0.7866666666666666,0,1.3159381911917483,0.000000000000006710535962958914,0.000000000000051385711663121524,-0.00000000000004451256266588635,-0.00000000000001192562245642766
0.7933333333333333,0,1.2829946414960878,0.0000000000000063202340366728054,-0.000000000000005488532475646243,0.0000000000000019984014443252818,0.00000000000000006626349495861614
0.8,0,1.2629976104060405,0.0000000000000031427160838203633,-0.000000000000007539079610678738,-0.00000000000000008106430901515468,-0.000000000000004424625632716391
0.8066666666666666,0,1.251339098945057,-0.000000000000001513716299438097,-0.00000000000000874668279228425,0.0000000000000014804733111232622,0.0000000000000033238439620223436
0.8133333333333334,0,1.2455231550919528,0.0000000000000002237565225798862,0.0000000000000017441940505829174,-0.0000000000000014418329329071783,-0.0000000000000005983839997297376
0.82,0,1.2437510914560315,0.0000000000000011631854297174234,-0.000000000000006718944716645326,-0.000000000000002524897332517562,-0.0000000000000006357980936454575
0.8266666666666667,0,1.2446530986419413,0.00000000000000084053138423018695,-0.0000000000000018404511802626015,-0.000000000000002175158575310152,-0.0000000000000005347729438249783
0.8333333333333334,0,1.2476184859193493,0.0000000000000002844410734058797,0.0000000000000022377177563957746,-0.000000000000002229513862840844,0.0000000000000002902221209673965
0.84,0,1.252391801057233,0.0000000000000006573134918105941,-0.00000000000000018623045440027992,-0.0000000000000017827897261257905,-0.0000000000000017390838448928214
0.8466666666666667,0,1.2584874973977267,0.000000000000004282406774051045,0.00000000000000618275425266088,-0.000000000000003011167931822178,-0.0000000000000001494706629219174
0.8533333333333334,0,1.2656384280571364,0.000000000000009011338819110057,-0.0000000000000014275921269737556,-0.0000000000000017251620542153984,-0.000000000000003989974025255038
0.86,0,1.273881349996133,0.000000000000002000833852663391,0.0000000000000008786818875544087,0.0000000000000025776011834790585,0.0000000000000022411375010583346
0.8666666666666667,0,1.2829417683415139,-0.0000000000000004522655333985451,0.0000000000000012073354425519576,0.0000000000000021541232315419215,-0.000000000000001170876474802116
0.8733333333333333,0,1.2928507781599894,0.0000000000000050818516889688665,0.000000000000004052252912667812,0.0000000000000010371454402649481,0.0000000000000003824373205771134
0.88,0,1.3035361017317098,-0.0000000000000004413900285213779,0.0000000000000013349668108788726,0.000000000000001172482129178127,0.0000000000000002446089562613591
0.8866666666666667,0,1.3150226407584917,-0.0000000000000021331341019996193,-0.0000000000000011156012200512947,-0.00000000000000006790414837978257,0.0000000000000011943080546201674
0.8933333333333333,0,1.3272961186521892,-0.0000000000000014185263641985868,-0.0000000000000021794874776512427,0.0000000000000012233588133771244,0.000000000000001286967466500859
0.9,0,1.3403891238838828,-0.0000000000000005338123358152375,-0.000000000000004255344303290477,0.0000000000000020592438771787928,-0.0000000000000001779403286041538
0.9066666666666666,0,1.3543733466932146,-0.0000000000000010001929158297101,-0.000000000000003077955957249542,0.0000000000000010972483553946613,0.0000000000000016543442550413785
0.9133333333333333,0,1.3693237971530778,-0.0000000000000013260405923687,-0.000000000000004518605118029067,0.000000000000003828371150363671,0.000000000000000965083443392916
0.92,0,1.3853019986975779,-0.000000000000004336255279211362,0.0000000000000016508369597561236,0.0000000000000009227360277308546,0.000000000000003776585584340162
0.9266666666666666,0,1.4023866791494732,-0.000000000000004837999256903434,-0.000000000000002292503922872694,-0.0000000000000004486563185053172,0.000000000000002096932655875045
0.9333333333333333,0,1.4208171756743495,-0.0000000000000026596898294778333,-0.000000000000003377274436251219,0.0000000000000008784200568124996,0.0000000000000020147778885422256
0.94,0,1.4406412855676423,-0.000000000000007627360903652865,-0.0000000000000029806045785437268,-0.000000000000001002169855091286,0.0000000000000062431539246310085
0.9466666666666667,0,1.4620690134390546,0.0000000000000006171581407824379,0.0000000000000014136728493713108,0.0000000000000004247306184987992,0.0000000000000001935859135126338
0.9533333333333334,0,1.4853350185737262,-0.0000000000000002078466489041599,-0.00000000000000013468556249730137,0.000000000000002723498389486363,-0.0000000000000014125276939674822
0.96,0,1.5107254788188322,0.00000000000000024136300092216833,-0.000000000000000004888073520306698,-0.0000000000000007819272417158714,-0.0000000000000014190834624952599
0.9666666666666667,0,1.538590220939997,0.0000000000000012004882997979272,-0.000000000000002191119799819143,0.000000000000002856587586530419,-0.00000000000000037029635089632465
0.9733333333333334,0,1.3213337632323277,-0.0000000000000006099273028832827,-0.0000000000000006245955849598363,-0.00000000000000023810360832269165,0.0000000000000006902223198715845
0.98,0,0.9786230605362131,0.0000000000000001045183546975863,-0.0000000000000013932312508564142,0.0000000000000008620650878278257,-0.0000000000000005768888790082583
0.9866666666666667,0,0.6465681095327288,-0.0000000000000007771561172376096,0.0000000000000012789168398248688,-0.0000000000000007162910799503013,0.0000000000000013952930283434348
0.9933333333333333,0,0.32155159300413017,-0.0000000000000006005972970018785,-0.0000000000000017904076756177107,0.000000000000000936997480426345,-0.00000000000000008827941011786552
1,0,0.000000000000009728329253277934,-0.000000000000000638378239159465,0.00000000000000003469446951953614,0.00000000000000006245004513516506,0.00000000000000027755575615628914
1.0066666666666666,0,-0.3215515930041061,0.0000000000000015155440787220191,0.0000000000000019937348578735036,-0.0000000000000007845148629500205,-0.0000000000000003410923083073548
1.0133333333333334,0,-0.6465681095327148,0.0000000000000005956882038374374,-0.0000000000000020496859079622026,0.000000000000000366129351350467,-0.000000000000001045131299743531
1.02,0,-0.9786230605361927,0.000000000000000036985758418052666,0.0000000000000011711866459313781,-0.0000000000000007826085873125733,0.0000000000000005377026243977089
1.0266666666666666,0,-1.3213337632323086,0.0000000000000008815396393224018,0.0000000000000003236466843676101,0.00000000000000023007410662386146,-0.0000000000000007705173368598861
1.0333333333333334,0,-1.538590220939977,-0.0000000000000012004882997978982,0.0000000000000022075922160380996,-0.0000000000000028730600027492783,0.0000000000000003702963508963572
1.04,0,-1.510725478818813,-0.0000000000000004440892098500626,-0.00000000000000015443021893505167,0.0000000000000006612457412547873,0.0000000000000014287426604938284
1.0466666666666666,0,-1.4853350185737066,-0.0000000000000010960250686043056,-0.000000000000001074728134573029,-0.000000000000002728231041493388,0.000000000000001523549996430042
1.0533333333333332,0,-1.462069013439036,-0.0000000000000005784409580798025,-0.0000000000000012639333642061667,-0.00000000000000033306690738754696,-0.0000000000000001742273221614315
1.06,0,-1.4406412855676234,0.000000000000007528344508915858,0.000000000000002910591679477398,0.0000000000000008621440569585065,-0.00000000000000669223481469897
1.0666666666666667,0,-1.4208171756743302,0.0000000000000032115260529470777,0.000000000000003662984662694794,-0.0000000000000006351535780480341,-0.0000000000000021470220648442883
1.0733333333333333,0,-1.402386679149454,0.000000000000005231238064527221,0.0000000000000031978341824903662,-0.00000000000000014551326299692446,-0.0000000000000024424906541753444
1.08,0,-1.3853019986975579,0.000000000000003751114134492974,-0.0000000000000019474988205429584,-0.0000000000000011666276882076692,-0.000000000000003807528867053534
1.0866666666666667,0,-1.3693237971530583,0.0000000000000008903460362384604,0.0000000000000042302177596694025,-0.0000000000000034855564490419174,-0.0000000000000005594467453892487
1.0933333333333333,0,-1.3543733466931953,0.00000000000000034691926502161204,0.0000000000000026220496374472214,-0.0000000000000009745743085909696,-0.0000000000000014610982797466878
1.1,0,-1.3403891238838637,-0.0000000000000006570117748456943,0.000000000000003609743728353781,-0.000000000000001992325851037193,0.00000000000000026462565792525117
1.1066666666666667,0,-1.32729611865217,0.0000000000000018437214029662034,0.0000000000000021204559470461096,-0.0000000000000010703211961708124,-0.0000000000000011102230246251565
1.1133333333333333,0,-1.315022640758472,0.000000000000001941814654008802,0.00000000000000033332424332462005,-0.00000000000000042145449372347066,-0.0000000000000014637733699688513
1.12,0,-1.30353610173169,-0.00000000000000019721314241556697,-0.0000000000000012686233475343224,-0.0000000000000015813752213595037,-0.00000000000000012185461457589049
1.1266666666666667,0,-1.2928507781599698,-0.0000000000000041877770400830845,-0.0000000000000015639206684288138,-0.0000000000000005065968801191359,-0.0000000000000010976970396857383
1.1333333333333333,0,-1.2829417683414945,0.000000000000001085765007905174,-0.000000000000000037612775339834797,-0.0000000000000023910676647183278,0.0000000000000017540070970231882
1.14,0,-1.2738813499961137,-0.0000000000000015777575501861628,-0.000000000000000541819049166501,-0.000000000000002379644805395288,-0.000000000000002130115198595702
1.1466666666666667,0,-1.2656384280571167,-0.000000000000008928308301813764,0.0000000000000016623173234196614,0.000000000000002106438830337461,0.000000000000003634058432174787
1.1533333333333333,0,-1.2584874973977074,-0.0000000000000032973254727670755,-0.0000000000000062201219183912225,0.0000000000000020674783608906466,0.0000000000000005054871008676577
1.16,0,-1.2523918010572135,0.0000000000000005209553760353426,0.0000000000000005083210989132401,0.00000000000000029247788438483183,0.0000000000000011605609628485831
1.1666666666666667,0,-1.2476184859193298,-0.0000000000000016330450545268476,-0.0000000000000009916918345298969,0.0000000000000030585825800891023,0.0000000000000001333800512472524
1.1733333333333333,0,-1.2446530986419218,-0.000000000000000885290159966053,0.00000000000000197697828290567,0.000000000000002143430147028412,0.000000000000000565389582651059
1.18,0,-1.243751091456012,-0.00000000000000011543195218292882,0.000000000000006942208991041271,0.0000000000000024234135714284865,0.0000000000000004174124971333376
1.1866666666666668,0,-1.2455231550919335,-0.0000000000000012109371629623585,0.0000000000000001293437606174051,0.000000000000000079259979306598,0.0000000000000009754518940873007
1.1933333333333334,0,-1.2513390989450377,0.000000000000003151481814162511,0.000000000000011613442456970494,-0.000000000000003142822993624068,-0.000000000000002707360778974685
1.2,0,-1.2629976104060214,-0.0000000000000020027376778449285,0.000000000000007440663978915687,0.0000000000000009466043254373177,0.000000000000005459613857338251
1.2066666666666668,0,-1.2829946414960693,-0.000000000000006454003827634667,0.0000000000000049537910661631645,-0.00000000000000001601374661775133,-0.0000000000000009500855584476433
1.2133333333333334,0,-1.3159381911917303,-0.000000000000007389608362968403,-0.000000000000051188110009210545,0.000000000000045681812064621797,0.000000000000010881931773972761
1.22,0,-1.3705174503276905,-0.000000000000005591366778344243,-0.000000000000018987042278160577,0.00000000000003621579885552359,0.000000000000009628764827973016
1.2266666666666666,0,-1.4657157268573695,0.0000000000000012374364068624822,0.00000000000001173598190147704,0.00000000000001652958938487321,0.0000000000000038775847245621855
1.2333333333333334,0,-1.6746970699034847,0.00000000000003227857548032185,0.00000000000003189787763318374,-0.000000000000027237870775083365,-0.00000000000003598259570828983
1.24,0,-1.9365131375336848,0.0000000000000005054006362867976,0.000000000000024297479954299423,-0.000000000000012475948282543494,-0.000000000000007726507964698941
1.2466666666666666,0,-2.1314018915127657,-0.000000000000012310385086692978,0.000000000000002725782862654962,0.000000000000003401128501366311,0.00000000000005747884954086979
1.2533333333333334,0,-2.2430634959879256,-0.000000000000006328271240363392,0.0000000000000019400217506342016,0.00000000000001271509031516697,0.00000000000003957496407434559
1.26,0,-2.2969077012628074,0.000000000000003941053907986756,-0.00000000000001248699417195592,-0.000000000000005503031296984458,-0.00000000000001276134480948908
1.2666666666666666,0,-2.2831186810708566,-0.0000000000000017785236761016242,-0.00000000000002678148096627693,0.000000000000024445255318129505,-0.00000000000000078342045505474215
1.2733333333333334,0,-2.135151602015597,-0.000000000000009157814972645516,-0.000000000000034609801256165497,0.000000000000051219891852173716,0.000000000000046533239590719344
1.28,0,-1.751897655052584,0.000000000000019285157230403078,-0.000000000000042049715705142116,0.00000000000005323119905340425,-0.00000000000000019826535921709422
1.2866666666666666,0,-1.3203375719962263,0.000000000000001997252619270835,-0.000000000000053895417852182796,0.000000000000050777501942536034,-0.000000000000029120979167173624
1.2933333333333332,0,-0.902147555979715,-0.000000000000009125078232435645,-0.00000000000001748433388884324,0.0000000000001594207441723209,-0.00000000000006978062090498289
1.3,0,-0.5656049071353513,-0.000000000000012494496719510582,-0.00000000000003381625266702697,0.00000000000008852592103659579,-0.000000000000019965727343710235
1.3066666666666666,0,-0.28950233059763103,-0.000000000000013223663632356767,-0.000000000000020606955436900975,0.00000000000005772586615796836,-0.00000000000007819073275615727
1.3133333333333332,0,-0.16126931847124978,0.000000000000008004982855691898,0.000000000000009766478482233236,0.00000000000003902073257226895,-0.000000000000169842693467473
1.32,0,-0.24627601558751946,0.000000000000013380294839749814,0.000000000000051328098753595594,0.000000000000119458842387045,-0.00000000000012391389848356138
1.3266666666666667,0,-0.3547493534696984,-0.000000000000004864534851970619,0.00000000000005216228089984157,0.00000000000018470857796380658,-0.00000000000019991170702985843
1.3333333333333333,0,-0.4255272243970786,-0.0000000000000034621415304348497,0.000000000000035684159371796274,0.00000000000009109882375129396,-0.00000000000020482008365523362
1.34,0,-0.47592758579722644,-0.000000000000004869586770727959,0.000000000000025241182821577583,0.00000000000013592752362342176,-0.00000000000007121799426289313
1.3466666666666667,0,-0.5107384604427816,-0.000000000000008686283059133445,0.000000000000013021001289405176,0.00000000000013616977130596122,0.000000000000010576127391855586
1.3533333333333333,0,-0.533103255905871,-0.000000000000014341374045022186,-0.000000000000003879012003350956,0.000000000000026953423167189095,-0.000000000000039287387440672027
1.36,0,-0.5383579049032116,-0.000000000000017363747989770426,-0.000000000000011434946865221555,0.0000000000001986242632288891,-0.00000000000008522747140084527
1.3666666666666667,0,-0.4893576688812999,-0.0000000000000165967684311242,-0.000000000000014106949689697817,0.0000000000002580827405443821,-0.00000000000009658513999430105
1.3733333333333333,0,-0.4000661329792916,-0.000000000000013015701656132745,-0.000000000000013151998549700097,0.0000000000002342089620444391,-0.00000000000008226087289433523
1.38,0,-0.24344170662051207,-0.000000000000011052585979116882,-0.000000000000016278194325427998,0.00000000000022502911872614505,-0.0000000000000969161546703072
1.3866666666666667,0,-0.0598055231945499,-0.000000000000009738539452535654,-0.000000000000021041612984284948,0.00000000000022174400240969197,-0.00000000000012319708520193176
1.3933333333333333,0,0.12330703934378963,-0.000000000000008211647563731873,-0.000000000000025479660593445096,0.00000000000022030027063358536,-0.00000000000014756705756756602
1.4,0,0.2548254361328604,0.000000000000014287629417394556,0.0000000000000021422196289199394,0.0000000000004002944864825968,0.000000000000016356246152069385
1.4066666666666667,0,0.3863438329219356,0.000000000000036786906398521733,0.00000000000002976409985128589,0.0000000000005802887023316141,0.00000000000018027954987171022
1.4133333333333333,0,0.4757952691957469,0.000000000000025339862151210542,0.0000000000000023979044757866116,0.00000000000043132651692896183,0.00000000000007113288795322709
1.42,0,0.55469039510776,0.0000000000000053743060328385324,-0.000000000000038767034262654545,0.00000000000019981579879233362,-0.00000000000010653812829116202
1.4266666666666667,0,0.6056727288482262,-0.00000000000003333619320652161,-0.000000000000032498934392528367,0.0000000000002404025964486757,-0.00000000000014761713671087678
1.4333333333333333,0,0.6505192353696707,-0.00000000000007616723085400034,-0.00000000000001580404068584983,0.00000000000034080223308470114,-0.00000000000015867030771667776
1.44,0,0.6697328247330802,-0.00000000000003259592541412297,0.000000000000011941474136788355,0.00000000000023710074406636164,-0.0000000000001566434420210961
1.4466666666666668,0,0.6858193503614838,0.000000000000021515952993798274,0.000000000000041035099138536805,0.00000000000010850012927264082,-0.00000000000015302088949169554
1.4533333333333334,0,0.6726055826328304,-0.000000000000008684591112209375,-0.000000000000007478968702209861,0.00000000000021156054043658813,-0.00000000000015903715293975995
1.46,0,0.6571805927786747,-0.00000000000004524798940010549,-0.00000000000006184990102657411,0.0000000000003321038477603724,-0.00000000000016578083446836327
1.4666666666666666,0,0.5776218279196371,-0.000000000000040219538193050166,-0.00000000000007035867403411445,0.0000000000003510956663001327,-0.0000000000001180309101970745
1.4733333333333334,0,0.48422679087360243,-0.000000000000026218027933586585,-0.00000000000006897310791468837,0.0000000000003481786849960778,-0.00000000000005852449159435427
1.48,0,0.39083175382757085,-0.000000000000012216517674123472,-0.00000000000006758754179526233,0.00000000000034526170369202303,0.0000000000000009819270083639446
1.4866666666666666,0,0.3286849954884564,-0.000000000000010116649658717635,-0.00000000000006503684053796077,0.0000000000004146425546560792,0.00000000000006398376539180558
1.4933333333333334,0,0.27547089991852536,-0.000000000000011418996452094832,-0.00000000000006215307263833984,0.0000000000005046905329410167,0.0000000000001279848078091992
1.5,0,0.23278150258701363,-0.000000000000008613288019039147,-0.00000000000006551637358240126,0.00000000000044129411756498717,0.00000000000014709643960775885
1.5066666666666666,0,0.20650212313713906,0.0000000000000005976643647117032,-0.00000000000007862004989023729,0.00000000000013864853924174493,0.00000000000009621689310703986
1.5133333333333334,0,0.18294096900148857,-0.000000000000008020381836141606,-0.00000000000011569941577382212,-0.0000000000000044758724018972754,0.000000000000031634801983688155
1.52,0,0.16409259050033392,-0.00000000000004754979865710401,-0.00000000000019434709649190334,0.00000000000012897261945133688,-0.00000000000005670434051070628
1.5266666666666666,0,0.14223251157566083,0.0000000000003897269897801911,-0.00000000000017893175542068692,0.0000000000004362659218907869,-0.0000000000002103200637104986
1.5333333333333334,0,0.11705181399907313,0.0000000000013527172808503942,-0.00000000000005980509493343678,0.0000000000009352357656167212,-0.0000000000004359079624065149
1.54,0,0.08258322141719926,-0.0000000005833051336214016,-0.00000000032876860815460886,0.00000000022765845074160137,0.000000000006387217504468025
1.5466666666666666,0,0.04235561105182853,-0.0000000015310808747343964,-0.0000000008613692396523625,0.0000000005946534334360201,0.00000000001758094207910435
1.5533333333333332,0,0.00006202521993687454,-0.0000000007679377601789663,-0.0000000004328092705753264,0.00000000028681995584476094,0.000000000006454275946298043
1.56,0,-0.04018795297673289,-0.000000000011999397823740076,-0.000000000008012237688105963,-0.000000000013155165752785675,-0.0000000000036077748859280382
1.5666666666666667,0,-0.07365001964797294,-0.0000000000034837689131292223,-0.000000000002279628336432798,-0.000000000003819253247711934,-0.000000000001111814687990374
1.5733333333333333,0,-0.08325056752737339,0.00000000000002593666874819206,0.00000000000007714907786447185,0.00000000000001506138628861181,0.000000000000017074380447551214
1.58,0,-0.07586386765057532,0.000000000000017977799246204383,0.00000000000006156070609407716,-0.000000000000013097151798088932,0.00000000000017552388049605944
1.5866666666666667,0,-0.05969479975014033,0.000000000000015945812965621083,0.000000000000043263551092660386,0.00000000000010566734314011326,-0.00000000000005725452958281684
1.5933333333333333,0,-0.041701036744247084,0.000000000000013383088705308,0.000000000000027537623060933308,0.0000000000001258365808640074,-0.0000000000000562862418374305
1.6,0,-0.02193238367170892,0.00000000000001040425241498267,0.000000000000014656073985758294,0.00000000000006868704859979065,0.00000000000013511331054747443
1.6066666666666667,0,-0.0006007890685305502,0.000000000000008029108299977732,0.000000000000007605331707253068,0.00000000000012349959874229455,0.00000000000013638802101590476
1.6133333333333333,0,0.02139112198545033,0.0000000000000046417882438354145,0.000000000000004271459535236194,0.000000000000040000747271075924,0.00000000000005833853025588499
1.62,0,0.04389876239317203,0.0000000000000025681910947622024,0.000000000000003003683647662598,-0.000000000000054366907959506243,0.000000000000022754646537281816
1.6266666666666667,0,0.06685483879494124,0.000000000000003769740538811706,0.000000000000002534374040396929,-0.000000000000046201517900245685,0.00000000000012716328887764994
1.6333333333333333,0,0.09039256506287995,0.0000000000000024886665949416015,0.000000000000002008805242911758,0.0000000000001240827724849497,0.000000000000009435878240971668
1.64,0,0.11456820848341176,0.000000000000003980965001981983,0.0000000000000022867025802315806,0.00000000000015120205963301237,0.00000000000010113064490815576
1.6466666666666667,0,0.1333763922624513,0.00000000000001042783307680525,0.0000000000000019297401922817818,0.00000000000008744572530252875,0.00000000000015595871338780053
1.6533333333333333,0,0.1437824415633613,0.00000000000001397172335529602,0.0000000000000015065843156895784,0.000000000000020930607804522994,0.00000000000010044564027073983
1.66,0,0.14581136544552992,0.0000000000000032427787894834906,0.000000000000002055895208670841,0.000000000000037201706818585485,-0.000000000000011982010865260008
1.6666666666666667,0,0.14400363858716608,-0.000000000000004372036718326484,-0.000000000000010511080218254758,-0.000000000000008942557255319481,-0.000000000000131795187758908
1.6733333333333333,0,0.12608419913547797,0.0000000000000018461788809249084,-0.000000000000008176898919304445,0.00000000000011341512803047193,0.00000000000006304141702076825
1.68,0,0.10336925181528338,-0.0000000000000041819196718375655,-0.000000000000004772385288423724,0.00000000000019992124950444587,-0.00000000000006487691217107591
1.6866666666666668,0,0.07585545543725218,0.0000000000000002866159933297273,-0.000000000000004961134586864429,0.00000000000003191015220836888,0.000000000000055301802657807594
1.6933333333333334,0,0.042447916234903196,0.00000000000000010838689124834813,-0.00000000000000984149601661299,0.0000000000002095674044194549,-0.000000000000010414008666125774
1.7,0,0.0014203439774461146,0.0000000000000012261564572577259,-0.00000000000000607301576549566,0.00000000000015233760263977478,0.0000000000001637281024634724
1.7066666666666668,0,-0.027290260160904863,0.000000000000000462226462982103,-0.0000000000000041496392290642984,-0.00000000000014649555163676318,0.0000000000000065765784919838585
1.7133333333333334,0,-0.059688605948366016,0.0000000000000011305462403623673,-0.000000000000003976371138632378,0.00000000000004518846154963557,-0.000000000000033819639163001
1.72,0,-0.08001506120552136,0.0000000000000003969284974250087,-0.000000000000002734949050494524,0.000000000000008359454154005628,-0.000000000000015378593726120753
1.7266666666666666,0,-0.09091835365109933,-0.000000000000000392698645249871,-0.00000000000000017521978366534532,-0.0000000000000314667283307451,0.0000000000000034218974550200776
1.7333333333333334,0,-0.09472996937109023,0.0000000000000005704016603849484,-0.0000000000000008387545038923729,0.000000000000010544342948962668,0.00000000000001520206746816915
1.74,0,-0.09227117865916083,-0.0000000000000008020151103834691,0.0000000000000011713721365408697,0.0000000000000041229132280029576,0.00000000000002678105426853785
1.7466666666666666,0,-0.08275572644632925,0.0000000000000010424538717731525,0.000000000000002604390941891736,0.00000000000004863439046649081,0.000000000000043394868355943203
1.7533333333333334,0,-0.0655401721323726,0.0000000000000016954018250851924,0.000000000000002448657677883339,0.00000000000003422564134111031,0.000000000000025405564802525724
1.76,0,-0.04545055675921461,0.00000000000000025859871474008654,0.0000000000000014879832080861725,-0.000000000000034148630288977015,-0.000000000000015476484199682278
1.7666666666666666,0,-0.035390153105632954,-0.0000000000000002983334828050141,0.0000000000000014197874287949357,-0.000000000000007961451041142083,-0.000000000000010157213414965806
1.7733333333333334,0,-0.02920842250209719,-0.00000000000000022135799139673326,0.0000000000000003207869796871003,-0.000000000000002977003760638981,-0.000000000000007189143350549432
1.78,0,-0.024758042770991636,-0.00000000000000043114105579450575,0.00000000000000007445931335006609,-0.0000000000000021838830601378634,-0.0000000000000049776183894273376
1.7866666666666666,0,-0.021417438054870706,-0.0000000000000004490027991048199,-0.00000000000000036585777944849275,-0.000000000000003828786889424995,-0.000000000000003420534780826508
1.7933333333333332,0,-0.018801536269335145,0.000000000000000045015403244805123,-0.00000000000000030786859080813467,-0.0000000000000032798932935776676,-0.0000000000000017607129471813566
1.8,0,-0.016680069460377735,0.0000000000000002415997686181287,0.00000000000000012567425312734716,-0.0000000000000010565184349940963,-0.0000000000000005438430207712248
1.8066666666666666,0,-0.014909782250341992,-0.00000000000000009994724082003647,0.0000000000000001425148462985916,-0.0000000000000003341386583692129,-0.0000000000000007488571695465329
1.8133333333333332,0,-0.013397740661577538,-0.00000000000000006693341337688774,0.0000000000000000028498347061781724,-0.00000000000000016042070945090018,-0.0000000000000008940617032068228
1.82,0,-0.01208367333363522,-0.0000000000000001358765521037991,-0.0000000000000001555725368348697,-0.00000000000000044159205321441257,0.00000000000000019004087481723229
1.8266666666666667,0,-0.010926849929304287,-0.0000000000000003073591764213313,0.00000000000000002408957501169094,-0.0000000000000002874399539401917,-0.0000000000000004285841207399935
1.8333333333333333,0,-0.00989615767062556,-0.0000000000000002355544327280166,-0.00000000000000013619647815884797,-0.00000000000000013528908910174444,-0.0000000000000003629415151633802
1.84,0,-0.00897160856932707,-0.00000000000000033945354129971414,-0.000000000000000294395913923612,-0.0000000000000006684636227444743,-0.0000000000000004277411380764951
1.8466666666666667,0,-0.008137177580787958,-0.00000000000000013585995814494106,-0.0000000000000001186423566634375,-0.00000000000000011674617717575595,-0.00000000000000038874068580276133
1.8533333333333333,0,-0.007381860034863358,-0.0000000000000000874340673165561,-0.00000000000000007530949822646684,0.00000000000000007600187812006743,-0.00000000000000023402469184541293
1.86,0,-0.006695526489769564,-0.00000000000000017977447372517454,-0.0000000000000001496178968017663,-0.00000000000000012114795888378707,-0.00000000000000010136584596932749
1.8666666666666667,0,-0.006072116647486165,0.00000000000000008388147980123783,0.0000000000000002229322801032103,-0.000000000000000001273638902453069,0.00000000000000007552101437035464
1.8733333333333333,0,-0.005504331500446409,-0.0000000000000000022501850973920804,0.000000000000001210216926943027,0.0000000000000001804682570909831,0.00000000000000028979406754824814
1.88,0,-0.004988347673538797,-0.00000000000000043700698027578383,0.0000000000000007098844628289065,0.000000000000000011202981444503,0.00000000000000013741623168188854
1.8866666666666667,0,-0.004519937971757017,-0.0000000000000001086259486118835,0.00000000000000028021796272857626,-0.000000000000000011323992354296331,-0.00000000000000015169461473391965
1.8933333333333333,0,-0.004095303285767358,-0.00000000000000003651646629771909,0.000000000000000011150975871261658,0.00000000000000007166345787408939,-0.0000000000000001335715424591512
1.9,0,-0.003711402204974432,-0.000000000000000001678752033968125,0.00000000000000003187979519681754,0.00000000000000005201084956546539,-0.00000000000000003319787244875045
1.9066666666666667,0,-0.0033658244488630725,-0.000000000000000012622245639736037,0.00000000000000008703487124839032,0.00000000000000011360919046422486,0.000000000000000023816072978959638
1.9133333333333333,0,-0.0030556396037751516,-0.000000000000000012552452485709043,0.000000000000000044831438687241634,0.00000000000000003776393754549308,0.0000000000000001226163795132332
1.92,0,-0.0027788062466761088,0.000000000000000004806162548508409,-0.000000000000000017884760136658442,0.000000000000000037947280339473116,0.000000000000000036982737241323276
1.9266666666666667,0,-0.0025333130375425218,0.000000000000000013058028689329358,-0.000000000000000053524216499304424,0.000000000000000020997820181591306,0.000000000000000026713698270730602
1.9333333333333333,0,-0.002317257296688359,0.00000000000000001794424758333923,-0.0000000000000000013264397641359155,0.000000000000000014418485636648943,-0.00000000000000002021960732201519
1.94,0,-0.0021287296999123683,-0.0000000000000000007207232015358331,-0.00000000000000002896910812827692,0.000000000000000016178639863129724,-0.000000000000000007560281322684869
1.9466666666666668,0,-0.001968131375453248,0.000000000000000013687656453110934,-0.000000000000000007468711065758414,0.00000000000000002497346075434156,0.000000000000000010418442563242225
1.9533333333333334,0,-0.0018315337026549034,-0.000000000000000005834320252639668,0.00000000000000005796995308498649,-0.0000000000000000050489789583765456,-0.00000000000000004040614515501985
1.96,0,-0.0017172121660432229,-0.000000000000000054501398710561625,0.000000000000000011090235373066792,-0.000000000000000011319333444224988,-0.0000000000000000626700012270223
1.9666666666666666,0,-0.0016238149104303395,-0.000000000000000007476557393580868,-0.000000000000000009567606455215577,-0.000000000000000007687478102771714,-0.000000000000000016127348076732214
1.9733333333333334,0,-0.0015498200801908526,-0.000000000000000006950783221447011,-0.000000000000000019130527191182942,-0.000000000000000004646666949472489,0.0000000000000000048286523189984465
1.98,0,-0.0014438515364212244,-0.000000000000000005715673312568011,-0.000000000000000009507108854245868,-0.000000000000000003555404905595926,-0.0000000000000000024917194463253394
1.9866666666666666,0,-0.0009065706057045284,-0.000000000000000005078562838083399,-0.000000000000000030537992773846565,-0.000000000000000016638106309456594,-0.00000000000000000279865507050898
1.9933333333333334,0,-0.0004302021974791065,0.0000000000000000057747334042590484,-0.00000000000000002016703613410625,-0.000000000000000014423296814072858,0.0000000000000000009325957252813279
