# n,energy,berry,bcd_x,bcd_y,qmd_x,qmd_y
0.00000125,0,-0.00000023215585035503054,-0.0000000000000000004393809705953047,-0.000000000000000004118454514923945,0.0000000000000000025023586649545925,0.00000000000000000026929774740337624
0.006666666666666667,0,-0.0012645918370647615,0.000000000000000024575812018265524,-0.0000000000000000014278643097578318,0.000000000000000002992554657506586,-0.000000000000000017420077679861195
0.013333333333333334,0,-0.0025605702908448164,-0.000000000000000001458946979806607,0.000000000000000014560306158727413,-0.000000000000000014532150678696896,0.0000000000000000068925229765496756
0.02,0,-0.0038599686298545583,-0.000000000000000007769227812084398,0.0000000000000000007406238013024936,-0.0000000000000000012764130300220887,0.000000000000000005945804473301545
0.02666666666666667,0,-0.005135511058882992,0.000000000000000003308150139818456,-0.000000000000000013144824899419458,0.000000000000000011279288991521479,0.0000000000000000078241876302568
0.03333333333333333,0,-0.006361203079659076,0.0000000000000000011991343069858626,0.00000000000000012028069918875283,-0.0000000000000000766270525808967,0.000000000000000009520597457873092
0.04,0,-0.007513147797737405,0.000000000000000007510147903773736,-0.00000000000000003858129718689226,0.000000000000000009932406150507083,-0.00000000000000000906504441251868
0.04666666666666667,0,-0.00857064945767399,-0.00000000000000002025616560414541,0.000000000000000040514497531880656,0.000000000000000010363027839067465,0.000000000000000030404939380501155
0.05333333333333334,0,-0.00951871415838477,0.0000000000000000396645209235618,0.000000000000000016230789124576735,0.0000000000000000021987564630083383,0.000000000000000007295679187468341
0.06,0,-0.010349957038970644,-0.0000000000000002720144306229495,-0.00000000000000002554241224228373,-0.00000000000000032324097959872896,-0.0000000000000010036243478996365
0.06666666666666667,0,-0.011070548955156967,-0.00000000000000012224066778095705,-0.0000000000000000516390543540322,0.00000000000000009514758548165315,0.00000000000000010843310208724297
0.07333333333333333,0,-0.01170735376109314,-0.00000000000000012448464168677262,-0.00000000000000018156202371421507,-0.0000000000000001194308574277937,0.0000000000000002815150901286997
0.08,0,-0.011801966482360548,0.0000000000000004744185871447232,0.0000000000000003893181444495894,0.0000000000000009392207724117485,0.0000000000000007150549023666363
0.08666666666666667,0,-0.011465712684137772,0.0000000000000003222683817327285,0.00000000000000030408404155391455,0.00000000000000041570139888393584,-0.00000000000000004639439004804
0.09333333333333334,0,-0.011137469116707524,-0.00000000000000007908024249014698,-0.00000000000000006145052421090692,0.00000000000000014689013795445336,0.00000000000000003359352919468693
0.1,0,-0.010874541044991722,0.0000000000000000415699238478075,-0.0000000000000003548486319238426,0.0000000000000006893948233360684,-0.00000000000000023674301536348455
0.10666666666666667,0,-0.010735443079751397,0.00000000000000015095035381057915,-0.000000000000000046376865073870265,-0.00000000000000013352479848106782,0.0000000000000003719659441261875
0.11333333333333333,0,-0.010797204939574357,0.0000000000000002168635819332551,-0.0000000000000002321806169185402,-0.00000000000000035854038161674576,-0.00000000000000025804487737661136
0.12,0,-0.011168313391720376,0.0000000000000002550338224350702,0.0000000000000004483956464500365,-0.0000000000000004997418241204224,0.0000000000000002401580978132687
0.12666666666666668,0,-0.012004696880626041,0.00000000000000033015269861054345,0.00000000000000003863847780747318,-0.00000000000000021835646323185822,0.0000000000000008874952482277931
0.13333333333333333,0,-0.013540884839962347,0.0000000000000005372412881868511,0.0000000000000006688214304795229,0.0000000000000009135158326985467,0.000000000000004199199673921123
0.14,0,-0.016113570147671133,0.0000000000000000612685015485152,0.00000000000000029415071316484007,0.0000000000000024158723618929356,0.00000000000000539804792481718
0.14666666666666667,0,-0.020234430741919916,-0.00000000000000042076591603571114,-0.0000000000000010325504643875113,0.0000000000000031265349552302987,0.0000000000000037289845931147534
0.15333333333333332,0,-0.02668835666648877,-0.0000000000000003364792750899127,-0.0000000000000010488004059825725,-0.0000000000000022274079574033216,0.000000000000006003428178256238
0.16,0,-0.03667467415372895,-0.0000000000000002972741659794398,0.0000000000000002323125065341253,-0.00000000000001304287351139732,0.000000000000016298780351152855
0.16666666666666666,0,-0.05233050026876185,0.0000000000000004344426244023328,-0.0000000000000007280657808419512,0.0000000000000023231790866199047,0.000000000000023501617506473427
0.17333333333333334,0,-0.0854075718791664,0.000000000000000879027774167691,0.000000000000003333453102039719,0.000000000000012027870888137096,0.000000000000011227732713550213
0.18,0,-0.12205026518970105,0.0000000000000000939005697780391,0.000000000000002815860496960978,-0.000000000000004177667187432305,0.000000000000010503307684313508
0.18666666666666668,0,-0.15570194496873296,-0.00000000000000034630002668475655,-0.00000000000000013287044216193124,-0.000000000000023946310345577442,0.000000000000006735602967807914
0.19333333333333333,0,-0.1744500327991657,0.000000000000002041528110983603,-0.0000000000000004759841547127878,0.0000000000000009272493515203436,-0.000000000000022576894127207144
0.2,0,-0.18520321880043533,0.0000000000000011575259598164311,-0.0000000000000010142811952108865,0.00000000000003635550547340504,-0.000000000000008472495954911779
0.20666666666666667,0,-0.18948354700989864,0.000000000000001091751757998406,-0.0000000000000008383238992881812,-0.00000000000003581021156625931,-0.000000000000029528556855720126
0.21333333333333335,0,-0.18805642176038248,0.0000000000000012975873129472275,-0.0000000000000005281833483602485,-0.000000000000010859210748910634,-0.000000000000017382532305562087
0.22,0,-0.18137086336248082,0.00000000000000084763403302712395,-0.0000000000000007291995963691442,0.000000000000018729123953993202,0.00000000000000007306576095037879
0.22666666666666666,0,-0.16972891482763253,0.0000000000000016642949838799328,-0.00000000000000024778849832951417,0.000000000000046870229508358435,0.0000000000000244494870692138
0.23333333333333334,0,-0.11703277362985963,0.0000000000000013086026550257357,-0.000000000000003683126701253186,0.00000000000004502481544068575,-0.000000000000011635598156472235
0.24,0,-0.044049696449951464,-0.00000000000000028462228432229794,-0.0000000000000007247015627641614,0.00000000000006025390980855575,-0.000000000000016536963275974647
0.24666666666666667,0,0.026696203558927045,-0.0000000000000021752168136770953,0.000000000000011855768279684217,0.00000000000007404764302391667,0.000000000000017895273143583076
0.25333333333333335,0,0.09126591954683017,-0.000000000000003196578075458166,0.000000000000027103780825613563,-0.0000000000000020854008005452577,0.00000000000009337273020221553
0.26,0,0.15055488504417253,0.0000000000000014274336534044568,0.0000000000000045863777383797,0.00000000000005156190115327323,0.000000000000014129003133176453
0.26666666666666666,0,0.20669337668853918,0.000000000000002408432315542056,0.0000000000000016412733050710402,0.00000000000020666024276083947,0.00000000000015884402574685365
0.2733333333333333,0,0.2607543923295273,-0.00000000000000013032897316644791,-0.00000000000000024501754921305507,0.00000000000019136127526156866,0.0000000000000017125282981097526
0.28,0,0.31324375858739056,0.000000000000000011225333982492533,-0.0000000000000025661865541759336,0.00000000000002649304154767259,-0.00000000000029646074782394606
0.2866666666666667,0,0.36443041228114964,0.000000000000019697475541993168,0.0000000000000057532590002212196,-0.000000000000029797734342775803,0.00000000000010618386089832011
0.29333333333333333,0,0.4148024200784692,0.0000000000000234615451600008,-0.0000000000000017641036007950611,0.00000000000003335721153568979,0.00000000000003761787962892157
0.3,0,0.4648270864344082,0.0000000000001936435733425842,0.0000000000001176588819319574,0.0000000000007947958343791994,0.0000000000002198105183036671
0.30666666666666664,0,0.5135507126884552,0.0000000000005522403262843819,0.00000000000027376710896764657,0.000000000001931811529856489,0.0000000000006515072969802306
0.31333333333333335,0,0.5507661961534802,0.0000000000010768779066685384,-0.0000000000005969132723436365,-0.00000000000036804449762288516,0.00000000000020950751134005525
0.32,0,0.5845936057164723,0.0000000000007849348807525149,-0.0000000000005975219141909867,-0.0000000000007503893291325577,0.000000000000027580102781325313
0.32666666666666666,0,0.6164644693280351,0.0000000000000027692941287048227,-0.00000000000007358038014157122,0.00000000000002489919102671974,0.000000000000003649185197422672
0.3333333333333333,0,0.6635958309660214,0.000000000000006121712204463159,-0.000000000000043328978568806235,-0.00000000000003966140322860823,0.000000000000018697143256935205
0.34,0,0.7144179519146402,0.000000000000008618597378015586,-0.00000000000001778193082593724,-0.00000000000009424024012816877,0.00000000000003599906531057014
0.3466666666666667,0,0.7824373865503768,0.000000000000007129075839403867,-0.000000000000014155101037911309,-0.00000000000010230848179564892,0.00000000000006380346736465558
0.35333333333333333,0,0.8552304993141971,0.000000000000005650375026587304,-0.000000000000010551725171115317,-0.00000000000009028667675228804,0.00000000000006885185918576875
0.36,0,0.9355583334631566,0.000000000000004188753529104518,-0.000000000000006985368717257316,-0.000000000000046554961547603055,0.000000000000037982413158932287
0.36666666666666664,0,1.0217192308056966,0.000000000000004758556731548544,-0.000000000000003996170607034769,-0.00000000000001632675295518812,0.0000000000000321373877432342
0.37333333333333335,0,1.113978517006828,0.00000000000000745218704608929,-0.000000000000001610383757012966,-0.00000000000000021627831203014058,0.000000000000052455056401484395
0.38,0,1.211712724132279,0.000000000000008738261437854235,0.0000000000000004997120723365984,0.000000000000012545942198561985,0.00000000000006394834972394112
0.38666666666666666,0,1.3208174349440691,0.000000000000007101075378941904,0.0000000000000020372433276629607,0.00000000000001835439360757269,0.00000000000005711487747804617
0.3933333333333333,0,1.440063104984243,0.000000000000005634486549759011,0.0000000000000031813198947901518,-0.00000000000004333944306432564,0.00000000000010338940433619296
0.4,0,1.5761823461631352,0.0000000000000044517549403005376,0.000000000000003670726078014348,-0.00000000000021735053043292875,0.0000000000002380304831876496
0.4066666666666667,0,1.7306357802085635,0.0000000000000044489652542957494,0.000000000000003019339063298614,-0.0000000000003000291162284963,0.00000000000029176716809639444
0.41333333333333333,0,1.9216922761575652,0.000000000000006801855340026395,0.00000000000000009043024288702199,-0.00000000000020036811209929123,0.00000000000018398332350524787
0.42,0,2.112748772106567,0.00000000000000915474542575704,-0.00000000000000283847857752457,-0.00000000000010070710797008611,0.0000000000000761994789141013
0.4266666666666667,0,2.2872560335907237,0.0000000000000070406670273647074,-0.000000000000002537405288341824,-0.000000000000040109274639748975,-0.000000000000007737229599769849
0.43333333333333335,0,2.44459384760418,0.00000000000000029221228338794346,0.0000000000000011146996319279546,-0.000000000000020038576295309846,-0.00000000000006693308674222956
0.44,0,2.599691378692562,0.0000000000000004334343196783913,-0.0000000000000017284085886208979,-0.000000000000014530516360434127,-0.00000000000002418016078540437
0.44666666666666666,0,2.756103596853157,0.000000000000005033068362775911,-0.000000000000005665756854139306,0.0000000000000011231661500346487,0.00000000000003210806684011082
0.4533333333333333,0,2.917852424966811,0.000000000000012833369142824078,-0.00000000000000710637709105745,0.000000000000042809144632315433,0.000000000000039937883591287145
0.46,0,3.0906527095202345,0.0000000000000020911704012698715,-0.000000000000008797278744820613,-0.00000000000001488044120195715,0.00000000000003277641776358434
0.4666666666666667,0,3.279103496508349,0.0000000000000006138852048973426,-0.000000000000007627881490897417,-0.00000000000003134751437679405,0.000000000000012147085237042568
0.47333333333333333,0,3.4893796801143453,0.000000000000001296835760656075,-0.000000000000014881332686225127,-0.0000000000000026085799888025382,0.000000000000006039238054211592
0.48,0,3.7379934703124174,0.0000000000000051996361797747906,-0.000000000000005387094084566392,0.00000000000004903467923373916,0.000000000000020182622181945637
0.4866666666666667,0,4.051756156255762,0.000000000000015507806131652336,-0.000000000000007292155749426178,-0.000000000000026782113801822747,0.000000000000056329684162950206
0.49333333333333335,0,4.313948442045231,0.0000000000000056148318193334175,0.000000000000028230559341781103,0.00000000000001327588596855715,0.0000000000000537439804503403
0.5,0,4.518159570401733,0.0000000000000009424234971985118,0.000000000000008391403012289297,0.00000000000003205952950327749,0.00000000000006113965741931294
0.5066666666666667,0,4.748892348376628,-0.000000000000007197656641593773,0.0000000000000024771605330764977,0.0000000000000350188689571984,0.000000000000022962707870713652
0.5133333333333333,0,5.018329339580524,-0.00000000000002327679404461628,0.0000000000000003731895739684162,-0.00000000000006176597048305307,-0.00000000000002685317218950633
0.52,0,5.334547391249244,-0.000000000000020791728196122156,0.0000000000000007261911011137052,-0.00000000000009300648021277718,-0.000000000000019325352788520656
0.5266666666666666,0,5.5823781796411325,-0.000000000000007177520904122431,0.0000000000000009671221725264539,-0.00000000000004320120969020841,0.000000000000018271814703124942
0.5333333333333333,0,5.592560558841753,-0.0000000000000057140370070387635,-0.0000000000000005608632681136094,-0.000000000000016454174008415254,0.000000000000019955121885006476
0.54,0,5.473969336894579,-0.000000000000003450888239303217,0.0000000000000007207827601033612,-0.000000000000019727524173680368,0.000000000000022614061466233574
0.5466666666666666,0,5.352471389158625,-0.000000000000005860493407330833,-0.000000000000004190171791828362,-0.0000000000000070535668086975896,0.00000000000005282485730783387
0.5533333333333333,0,5.2259421975416505,-0.000000000000008392828062959186,-0.000000000000006054183655124858,0.000000000000005431412185095287,0.000000000000044285059636625947
0.56,0,5.092309112786374,-0.0000000000000063698314330995246,0.0000000000000011078815626312127,-0.000000000000021690128635084944,0.000000000000005771988997053842
0.5666666666666667,0,4.949540089641408,-0.00000000000000733350273059629,0.0000000000000058313406679340605,-0.000000000000004574890491049205,0.000000000000009688402963823867
0.5733333333333334,0,4.795818331049652,-0.000000000000008803252812071925,0.0000000000000032693360911862605,0.00000000000009022227043176843,0.000000000000007105160466436393
0.58,0,4.62313804641387,0.000000000000026224872530567733,0.00000000000003628237955976953,0.000000000000020337516076196047,-0.0000000000001467270472806763
0.5866666666666667,0,4.427092058597695,0.000000000000017573000572002267,0.00000000000003275974728067524,0.00000000000001901713848010059,-0.0000000000001037178833834594
0.5933333333333334,0,4.201348844828888,-0.000000000000003371447846503634,0.00000000000002546473992791903,0.00000000000002992655376891253,-0.000000000000018472516375817807
0.6,0,3.9350847128608986,-0.00000000000001968041974872869,0.000000000000034153362513383904,0.00000000000002041892167744072,0.000000000000021409685655824253
0.6066666666666667,0,3.6036637894233845,-0.000000000000023937654653732455,0.000000000000027333287306667695,0.000000000000030447703866081776,0.00000000000004552760423516592
0.6133333333333333,0,3.255003700671434,-0.000000000000025006244419288627,0.000000000000016409925258760164,0.000000000000045645424976214,0.00000000000006547461319221447
0.62,0,3.0014064006852355,-0.000000000000024595355555743904,0.00000000000005742848801105383,0.00000000000004102711522996215,-0.00000000000002142226625269784
0.6266666666666667,0,2.766164911445796,0.000000000004026604931398835,-0.0000000000013591217054822453,-0.000000000001598886660127207,-0.00000000000578625282921504
0.6333333333333333,0,2.5582580723235964,0.000000000018973545730570254,-0.000000000006708380150356853,-0.000000000007632932969189791,-0.000000000026799196704444482
0.64,0,2.3821572668289064,0.00000000000907779503176682,-0.000000000003330361862694225,-0.000000000003904286716838155,-0.000000000012967571026736007
0.6466666666666666,0,2.2179066750024026,-0.00000000000014876159898185843,-0.00000000000010183729170683019,-0.0000000000002652352130378167,0.000000000000027411591590732116
0.6533333333333333,0,2.060199710874145,0.000000000000009976107490343897,-0.00000000000004536254994472971,-0.00000000000006117730633939837,0.000000000000007442622127889955
0.66,0,1.9006361922748827,0.0000000000000059849968933427506,-0.000000000000014874213553216272,0.000000000000004636109783576313,-0.00000000000002887594210244772
0.6666666666666666,0,1.735790685146549,0.0000000000000023484338239219595,0.000000000000004420521606221458,0.000000000000022834811437137313,-0.000000000000038108756239923434
0.6733333333333333,0,1.5658673708504058,0.0000000000000014645084945037667,0.000000000000013555757209010577,0.0000000000000008208256147215359,-0.000000000000023519206677067654
0.68,0,1.37803986302022,-0.000000000000003008903210178199,-0.0000000000000024856175757474094,-0.0000000000000025342331637899382,-0.00000000000004476791227430699
0.6866666666666666,0,1.1777819683996336,-0.000000000000006215674682289148,-0.00000000000000912357725128617,0.00000000000000513984154610456,-0.00000000000004931174385695654
0.6933333333333334,0,0.9611608380763657,-0.000000000000007755053737290976,-0.0000000000000033829761920085167,0.00000000000002733255625571425,-0.00000000000003186544790026915
0.7,0,0.7097019172453266,-0.000000000000005967447265993629,-0.00000000000000036472116391065165,0.000000000000007291670215431342,-0.000000000000021294257570549472
0.7066666666666667,0,0.44336866283681503,-0.0000000000000027593519575945333,0.0000000000000014912017417747757,-0.000000000000030781262535486856,-0.000000000000013658460472872285
0.7133333333333334,0,0.1432073385258558,-0.0000000000000032821412626096835,0.0000000000000012947427500375718,-0.00000000000003495946783549041,-0.000000000000007173140380541771
0.72,0,-0.17884925161196247,-0.000000000000006219750881513062,-0.00000000000000023012331168326556,-0.00000000000001719926311662418,-0.0000000000000014324681481809709
0.7266666666666667,0,-0.4927886875234597,-0.000000000000007805303269022723,-0.0000000000000013751549637609073,-0.0000000000000005819750346381713,0.0000000000000014028264302287584
0.7333333333333333,0,-0.7531662390645404,-0.0000000000000004691657303739079,-0.000000000000000013809853496178628,0.000000000000008493659033793352,-0.000000000000014933314892947983
0.74,0,-1.0051896686592272,0.000000000000001128308196666774,-0.000000000000003996386674751977,0.000000000000004585573474833566,-0.0000000000000017060972207267164
0.7466666666666667,0,-1.2667222885892404,0.0000000000000024319142714370416,-0.000000000000008730678170229554,0.000000000000012345574774620867,0.000000000000004869889170890064
0.7533333333333333,0,-1.5581622723321655,0.0000000000000026720198156138214,-0.000000000000013878029638448416,0.000000000000032326147085868266,-0.000000000000005805996169976943
0.76,0,-1.8651736643623615,-0.000000000000004915069385453353,-0.00000000000001995581850793222,0.0000000000000219723343041252,0.000000000000011452642472557323
0.7666666666666667,0,-2.0018920578269466,0.000000000000002215849098494324,0.0000000000000010593404370734685,0.0000000000000047833425849416366,0.000000000000024064068252288478
0.7733333333333333,0,-1.8687831507803776,0.0000000000000014426099859109288,0.00000000000000014963616188078728,0.0000000000000035831085319176,0.000000000000006393701263150257
0.78,0,-1.7269649151303879,0.0000000000000016100745483390164,-0.000000000000006850587086690035,-0.0000000000000035497867220874295,0.000000000000011238436162846097
0.7866666666666666,0,-1.5754105178042193,-0.0000000000000005608751524754267,0.0000000000000014227389066006352,0.000000000000012691124321703875,-0.000000000000003291547814793194
0.7933333333333333,0,-1.413138618104261,-0.0000000000003686752020064627,-0.0000000000002134208427436688,-0.000000000002279390679335181,-0.0000000000008797417297945372
0.8,0,-1.2370708080788275,-0.000000000000005761993513623461,-0.0000000000000056491101754230535,-0.000000000000015654435323272638,0.000000000000014829182952907762
0.8066666666666666,0,-1.0388181224693365,-0.0000000000000048236254189138165,-0.0000000000000036662098214055514,-0.000000000000002317984759460512,-0.000000000000019953213970002758
0.8133333333333334,0,-0.8028784498284842,-0.000000000000005443103657469932,-0.00000000000000009944470927883612,0.0000000000000011733303739608114,-0.000000000000034701729181487445
0.82,0,-0.5025074796726434,0.000000000000005360183890345306,0.0000000000000035476306670702853,0.000000000000011941558930264833,-0.000000000000012178228561517712
0.8266666666666667,0,-0.2708066646160202,0.000000000000007424089173567242,-0.00000000000001151887790044985,-0.000000000000013392878421284435,-0.000000000000009907932749973583
0.8333333333333334,0,-0.11179203569922114,0.000000000000002402379391421318,0.000000000000001076737211276332,0.000000000000009087473806930464,0.0000000000000010604718578612144
0.84,0,0.003077484576462624,0.000000000000008737118878486314,0.0000000000000126099229226955,0.000000000000014554014876894796,-0.0000000000000013400775530106578
0.8466666666666667,0,0.09041737467271849,0.000000000000006832486606267801,0.0000000000000067838459838565594,0.000000000000005643220874191567,-0.000000000000002904596919475864
0.8533333333333334,0,0.16062957992521043,0.000000000000008347496385981219,0.0000000000000031780173389547723,0.000000000000004166808456737004,0.000000000000001077263769952255
0.86,0,0.21959328808412323,0.0000000000000010025704475719815,0.000000000000002003590009473588,0.000000000000002476187908268751,0.00000000000000015473941476108108
0.8666666666666667,0,0.2713784387154132,0.000000000000003696291998552396,0.000000000000003980916275049555,0.0000000000000037951576451061794,-0.0000000000000010301911592772934
0.8733333333333333,0,0.3188665589669783,0.0000000000000040207482172676935,0.000000000000006767646997693177,0.000000000000002494372199512459,0.0000000000000030560203591959
0.88,0,0.36425850693283246,0.0000000000000032726036564257968,0.0000000000000015538554411779429,-0.0000000000000015019370238858241,-0.0000000000000009453302505552453
0.8866666666666667,0,0.409867669525051,0.0000000000000054187950543526794,0.0000000000000010732565219760913,-0.0000000000000024846422974481427,-0.0000000000000009852603660320743
0.8933333333333333,0,0.4572059472835808,-0.000000000000003312890165332445,-0.000000000000010541168462108465,-0.0000000000000044905963416759846,-0.000000000000003442838286534965
0.9,0,0.5079360000275476,0.00000000000000021109784017700965,-0.0000000000000011963677749301668,0.000000000000001887379141862766,0.000000000000000277343757749612
0.9066666666666666,0,0.5641614001384916,-0.000000000000002215690896441996,0.000000000000001691085025777529,0.0000000000000034437730801118563,-0.00000000000000028357631416472177
0.9133333333333333,0,0.6268756781970872,0.00000000000000023414608363912894,-0.0000000000000008746239950626167,0.0000000000000018026074035863352,-0.0000000000000010486611340368499
0.92,0,0.6977261184927717,-0.0000000000000035708706175826914,-0.000000000000000024944075582117494,0.0000000000000020778163362539715,0.0000000000000031650521532181636
0.9266666666666666,0,0.779759732204007,-0.00000000000000200911448763217,-0.00000000000000356157992003428,0.000000000000000674950489697019,0.000000000000002110754080793578
0.9333333333333333,0,0.8719785235173766,-0.0000000000000002506019470874356,-0.000000000000004633860317581641,0.0000000000000016795992874043229,0.00000000000000222680449916606
0.94,0,0.9714128700226272,-0.0000000000000004592834090605339,-0.0000000000000027634065625372673,0.0000000000000035565122286031185,0.000000000000001634902535089261
0.9466666666666667,0,1.0438710820110653,0.0000000000000010919607769120103,-0.0000000000000015543122344752192,0.0000000000000025543878044665187,0.0000000000000002237943005823486
0.9533333333333334,0,1.0563659914544943,-0.0000000000000012436732669954057,-0.00000000000000006435656626089708,-0.00000000000000068389475096356765,0.00000000000000021257253572360964
0.96,0,0.8916707179117845,-0.0000000000000003826613166959671,0.0000000000000008307597911877743,-0.000000000000000044066287544699346,0.0000000000000005818161942478814
0.9666666666666667,0,0.7083672115692896,0.000000000000002269241533726218,-0.000000000000000016575365889189233,0.000000000000000531053323872138,-0.0000000000000010352439807228643
0.9733333333333334,0,0.5059028492049407,0.0000000000000005116814619113581,0.00000000000000025164533855685235,-0.00000000000000029839667338721843,0.00000000000000041522653942471843
0.98,0,0.2867440290943066,0.0000000000000010933318671102177,0.0000000000000008256904860170449,-0.0000000000000009497483556921763,-0.0000000000000002320230706812368
0.9866666666666667,0,0.10020243019300197,0.0000000000000010722874376682747,0.0000000000000004972946550812783,-0.000000000000000424360212164565,0.00000000000000027825195012709454
0.9933333333333333,0,0.039653199983930694,0.0000000000000009680309460398815,0.0000000000000004542757401182542,-0.0000000000000002810082676489416,-0.0000000000000003911296501706056
1,0,0.00000000000003013561622466909,0,0,0,0
1.0066666666666666,0,-0.03965319998387018,-0.000000000000000968030946039876,-0.0000000000000004931632352772846,0.0000000000000002737634219449869,0.0000000000000003907410967453825
1.0133333333333334,0,-0.10020243019294509,-0.00000000000000087564915055122385,-0.0000000000000007338261381698234,0.000000000000000398410052343462,-0.0000000000000004453944941766181
1.02,0,-0.28674402909425006,-0.0000000000000015650250983843014,-0.00000000000000038065123312938474,0.0000000000000007882085172775225,0.0000000000000012193218682071431
1.0266666666666666,0,-0.5059028492048804,-0.0000000000000005832361195314456,-0.00000000000000020378690891677098,0.00000000000000043334819066977467,-0.0000000000000005368538163043179
1.0333333333333334,0,-0.7083672115692344,-0.0000000000000010479962066385388,-0.0000000000000010144178728617389,-0.0000000000000003880247038221722,0.0000000000000007082136324956318
1.04,0,-0.8916707179117215,0.0000000000000005894461033722153,-0.0000000000000005896404134518357,0.00000000000000020869226395739472,-0.00000000000000016061671177088016
1.0466666666666666,0,-1.05636599145443,0.0000000000000011346010331780324,0.00000000000000036259836157221666,0.0000000000000009742661655680215,-0.0000000000000005955786624306291
1.0533333333333332,0,-1.0438710820110075,-0.0000000000000007634594314529154,0.0000000000000018532126472690664,-0.0000000000000024504803875497494,-0.00000000000000012216966462958822
1.06,0,-0.9714128700225688,0.00000000000000037716060749722695,0.0000000000000027991478134238363,-0.0000000000000033800938247370436,-0.000000000000001768737938081304
1.0666666666666667,0,-0.8719785235173164,0.0000000000000004181920489639194,0.0000000000000047591566509204875,-0.00000000000000162355981208171,-0.0000000000000023933379528598333
1.0733333333333333,0,-0.7797597322039481,0.0000000000000021428436444023756,0.0000000000000034688561344185453,-0.0000000000000007531684952359627,-0.0000000000000021599605261789834
1.08,0,-0.69772611849271,0.0000000000000038996274235338416,-0.00000000000000006047770198304896,-0.0000000000000021888386387165128,-0.0000000000000033813499562280032
1.0866666666666667,0,-0.626875678197027,-0.00000000000000021497006218903775,0.0000000000000011483114432708848,-0.0000000000000020552674355155084,0.00000000000000086867136167001
1.0933333333333333,0,-0.5641614001384329,0.0000000000000017326622508728048,-0.0000000000000020004831480992838,-0.000000000000003646347967177398,0.0000000000000008318509698952662
1.1,0,-0.5079360000274866,-0.00000000000000017769221684848104,0.0000000000000021542001316777677,-0.00000000000000209833564976866,0.0000000000000004998123594880304
1.1066666666666667,0,-0.45720594728352204,0.0000000000000034040785284416524,0.000000000000010998651550761983,0.0000000000000042031236158432865,0.000000000000003374447014203518
1.1133333333333333,0,-0.40986766952499143,-0.000000000000005527881196241219,-0.0000000000000015158936113955845,0.0000000000000018204446432465977,0.0000000000000007075109938182423
1.12,0,-0.36425850693277145,-0.000000000000003593999312880828,-0.0000000000000026943780388971375,0.000000000000002521489725876952,0.0000000000000020160537393294874
1.1266666666666667,0,-0.31886655896691807,-0.0000000000000023242091399245404,-0.000000000000007437049136153706,-0.0000000000000033665870668011638,-0.0000000000000029888978258647912
1.1333333333333333,0,-0.2713784387153533,-0.000000000000004502872972729952,-0.0000000000000027120111071588163,-0.000000000000003635093914410478,-0.00000000000000017065480642971794
1.14,0,-0.21959328808406425,0.000000000000000020039716410142785,-0.000000000000004491437979640833,-0.0000000000000025837511672990144,-0.0000000000000005215035762420768
1.1466666666666667,0,-0.1606295799251497,-0.0000000000000067376752465407064,-0.0000000000000066544029040291,-0.000000000000004485995891617349,-0.000000000000003433021198552742
1.1533333333333333,0,-0.09041737467265717,-0.000000000000004177859370838788,-0.000000000000008088188534284778,-0.000000000000005456532366142132,0.0000000000000033477866333798167
1.16,0,-0.003077484576406622,-0.000000000000004781648937982757,-0.000000000000013921524078171795,-0.000000000000013172724367102355,0.0000000000000007669428715668388
1.1666666666666667,0,0.1117920356992863,-0.0000000000000014080731887881785,-0.0000000000000051212319186040935,-0.000000000000012055544647135902,0.0000000000000017460346157050541
1.1733333333333333,0,0.27080666461607333,-0.000000000000003489999981858622,0.000000000000012570111932199334,0.000000000000008257289187587873,0.0000000000000017285419587213002
1.18,0,0.5025074796726998,-0.0000000000000024580473402476395,0.00000000000000018668023286753785,-0.000000000000014806852352417596,0.00000000000001555670735630847
1.1866666666666668,0,0.8028784498285579,-0.00000000000000017466451192878142,0,-0.000000000000007831355701795527,0.00000000000003919937041955837
1.1933333333333334,0,1.0388181224693944,0.000000000000002148080407703636,0.000000000000002503846543612186,0.000000000000004428088230549623,0.000000000000023075322031205757
1.2,0,1.237070808078888,0.0000000000000033232249309239008,0.000000000000003767314140773963,0.000000000000009629163742432586,-0.00000000000001304352093481805
1.2066666666666668,0,1.413138618104322,0.00000000000036880850557733906,0.00000000000021375410167086348,0.000000000002278594698306064,0.0000000000008822280149063065
1.2133333333333334,0,1.5754105178042797,0.00000000000000036188510820178924,-0.0000000000000017360113582603114,-0.000000000000010529827813450441,0.000000000000004225835355796107
1.22,0,1.7269649151304503,-0.00000000000000013273313717767803,0.000000000000007226092761697324,0.0000000000000010875510368188055,-0.000000000000009094960936909811
1.2266666666666666,0,1.8687831507804344,-0.000000000000001597065423584008,0.0000000000000005675295013842088,-0.0000000000000041292614387479556,0.0000000000000009158534884110577
1.2333333333333334,0,2.0018920578270105,-0.000000000000002834548038784792,-0.0000000000000016237090767452428,-0.0000000000000007911366470477917,-0.00000000000002075191343313125
1.24,0,1.8651736643624282,0.0000000000000047426811202877644,0.000000000000019044905720185146,-0.000000000000022746672573374657,-0.000000000000009515606990935214
1.2466666666666666,0,1.558162272332234,-0.0000000000000022540070451442656,0.000000000000016237637571564103,-0.000000000000032543713994166815,0.000000000000006247100248742412
1.2533333333333334,0,1.2667222885892961,-0.0000000000000029095862531811407,0.000000000000008914256065573214,0.000000000000006399407179538055,-0.000000000000013188476781939665
1.26,0,1.0051896686592876,-0.0000000000000015288042986804616,0.000000000000003546442496679119,0.000000000000005374245408388756,-0.000000000000005086547511317223
1.2666666666666666,0,0.7531662390646063,0.000000000000000905168999323659,0.0000000000000015310542677623857,-0.000000000000013116253125717364,0.00000000000001724606817639222
1.2733333333333334,0,0.4927886875235199,0.00000000000000805223082821364,0.000000000000004102483920484707,0.00000000000002182493803774477,0.000000000000005145222751816588
1.28,0,0.17884925161202653,0.000000000000004942346265041373,0.000000000000003584063971988196,0.00000000000002992851395817503,0.000000000000007914747777409234
1.2866666666666666,0,-0.14320733852579387,0.0000000000000002780500762481908,0.0000000000000025973859320511773,0.000000000000033964924121553745,0.000000000000012937835980724967
1.2933333333333332,0,-0.44336866283675,-0.0000000000000003553622583902618,0.0000000000000016441970664086071,0.000000000000025080775114371545,0.00000000000001548715831519048
1.3,0,-0.7097019172452661,0.0000000000000052389196430330475,0.0000000000000007427487979328132,-0.0000000000000037655694768538605,0.000000000000014214525465577593
1.3066666666666666,0,-0.9611608380763051,0.000000000000009495191673422778,0.000000000000000705959635503792,-0.000000000000026744397201514473,0.000000000000012247950790653121
1.3133333333333332,0,-1.1777819683995694,0.000000000000010617655567694925,0.000000000000002694324248214454,-0.00000000000003598067153152529,0.000000000000008656066328982247
1.32,0,-1.3780398630201616,0.000000000000002164766489795048,-0.000000000000001889208697353023,-0.00000000000003234139314766274,0.00000000000001091874522702245
1.3266666666666667,0,-1.5658673708503423,-0.000000000000013562071534477059,-0.000000000000011465105627687596,-0.00000000000001892115803361721,0.000000000000017628862784045215
1.3333333333333333,0,-1.7357906851464846,0.0000000000000009217509046017265,-0.00000000000005432332897338349,-0.00000000000003771066496042396,0.0000000000000905339831360294
1.34,0,-1.9006361922748254,0.00000000000027861893253086865,-0.00000000000019079191595709467,0.00000000000042775660876137754,0.0000000000001521761857147655
1.3466666666666667,0,-2.0601997108740857,0.0000000000009261233307892386,-0.0000000000004626493616919694,0.0000000000013143797279950022,0.00000000000013994288121226067
1.3533333333333333,0,-2.217906675002339,0.000000000006066182872796964,-0.0000000000025874725185975077,-0.000000000004741834291907567,-0.0000000000033546267747851002
1.36,0,-2.3821572669277704,-0.000000002026039861050962,0.00000001859478436830925,0.000000016153063325704635,0.000000004413643697999195
1.3666666666666667,0,-2.5582580725275603,-0.000000004188427539719819,0.000000038355245232945095,0.00000003332375808281033,0.00000000910886925950465
1.3733333333333333,0,-2.76616491148925,-0.00000000089362186200649,0.000000008179331470109532,0.000000007106431918054588,0.0000000019436130514350895
1.38,0,-3.0014064006851835,-0.000000000000342943890621961,0.0000000000007082082823917418,0.0000000000007374259928943603,0.0000000000009717283207930515
1.3866666666666667,0,-3.2550037006713843,0.00000000000008951829105915189,-0.0000000000000162321775955176,0.00000000000013691244055337334,0.0000000000000006105892237332334
1.3933333333333333,0,-3.6036637894233348,0.000000000000042381609178507414,-0.00000000000001931921469601321,0.00000000000007143163436401459,-0.000000000000025273029541960707
1.4,0,-3.935084712860843,0.00000000000000457805744033534,-0.00000000000002167096816046596,0.00000000000001132155665209984,-0.00000000000003537042644085209
1.4066666666666667,0,-4.201348844828842,0.0000000000000020498107044008037,-0.000000000000021243658852984067,-0.000000000000028489427161629896,0.00000000000001419745322704755
1.4133333333333333,0,-4.427092058597642,-0.00000000000001580661611012734,-0.00000000000003328746324410984,-0.00000000000003703723360539236,0.00000000000011037297175753164
1.42,0,-4.623138046413814,-0.000000000000026403547857414116,-0.000000000000038426483481924873,-0.0000000000000425088512487269,0.0000000000001569305502072101
1.4266666666666667,0,-4.795818331049599,0.000000000000008796073814933185,-0.0000000000000033554840568577713,-0.0000000000000885556157750375,-0.000000000000017138224445323474
1.4333333333333333,0,-4.94954008964135,0.000000000000008078473241076453,-0.0000000000000060942714363387546,-0.0000000000000003855665335894941,-0.0000000000000040915937851194974
1.44,0,-5.092309112786318,0.000000000000007457908533782028,-0.000000000000003895536475787808,0.000000000000017655667939844444,-0.00000000000001007434722078812
1.4466666666666668,0,-5.225942197541599,0.00000000000000836026294926122,0.000000000000003851347078175473,-0.000000000000007566646611180706,-0.000000000000048778416337161646
1.4533333333333334,0,-5.352471389158571,0.000000000000005140406903375898,0.0000000000000031332780715623026,0.0000000000000047196049177028744,-0.00000000000005696447512479685
1.46,0,-5.473969336894524,0.0000000000000035089860082434464,-0.0000000000000012154972877344024,0.000000000000025210152485557833,-0.0000000000000285897224654083
1.4666666666666666,0,-5.592560558841695,0.000000000000005587163931313122,0.0000000000000007569580823133801,0.000000000000023352069929834757,-0.00000000000002663946705596127
1.4733333333333334,0,-5.582378179641077,0.0000000000000059087840632125475,-0.0000000000000004984309299771734,0.00000000000004502334549185464,-0.00000000000001563033530546754
1.48,0,-5.334547391249186,0.000000000000015884371012286868,-0.0000000000000014226816415568606,0.0000000000000947690981918741,0.000000000000020524677495157805
1.4866666666666666,0,-5.018329339580473,0.000000000000017757675718077063,-0.000000000000004533936150296812,0.00000000000006088764444402668,0.000000000000019303655622055937
1.4933333333333334,0,-4.748892348376568,0.0000000000000056831754228653655,-0.000000000000007237487657340585,-0.000000000000036828437596480516,-0.00000000000002903611615616481
1.5,0,-4.518159570401672,-0.0000000000000008404420409858355,-0.000000000000007117238124810034,-0.00000000000003163882405435141,-0.00000000000006454265326318614
1.5066666666666666,0,-4.313948442045179,-0.0000000000000060152965190033164,-0.000000000000028295996107051708,-0.00000000000003031744795962902,-0.00000000000006083936171492734
1.5133333333333334,0,-4.051756156255697,-0.000000000000015507806131651932,0.000000000000006758835392701846,0.000000000000026759289383972334,-0.000000000000056686608750444314
1.52,0,-3.737993470312353,-0.0000000000000055291698380891145,0.00000000000000368214801722657,-0.00000000000003985794807855788,-0.000000000000004630195967252864
1.5266666666666666,0,-3.4893796801142827,0.0000000000000013910368979675279,0.000000000000014172868228651823,0.000000000000008125114782253528,-0.000000000000021676647996429877
1.5333333333333334,0,-3.2791034965082853,-0.00000000000000016326558476009785,0.000000000000006693984871606775,0.000000000000026083790582106284,-0.000000000000003578792699308064
1.54,0,-3.0906527095201746,-0.0000000000000015460007068608146,0.000000000000009002748317367371,-0.0000000000000029726355684110268,-0.00000000000001834684305450301
1.5466666666666666,0,-2.9178524249667515,-0.000000000000012487129054740079,0.000000000000009201677923692448,-0.00000000000004912430423582901,-0.000000000000021131857543054098
1.5533333333333332,0,-2.756103596853099,-0.00000000000000474152171166974,0.000000000000007803162390827196,-0.000000000000003020498720413566,-0.0000000000000214823630979279
1.56,0,-2.599691378692501,-0.0000000000000004622209735362192,0.0000000000000035980861014846015,0.000000000000016474952648388033,0.000000000000024706057999185712
1.5666666666666667,0,-2.4445938476041205,-0.0000000000000004937769160366422,0.00000000000000032361529955066254,0.000000000000021398700355139263,0.00000000000006048765825859009
1.5733333333333333,0,-2.2872560335906615,-0.000000000000006622961695272104,0.0000000000000033088141039451363,0.000000000000028194791250250086,0.000000000000004721603997774181
1.58,0,-2.1127487721065004,-0.000000000000008791034352193891,0.000000000000003342223436115093,0.0000000000000880441184728974,-0.0000000000000761795518388689
1.5866666666666667,0,-1.9216922761575017,-0.000000000000007141082383362055,0.0000000000000005304709685200125,0.0000000000001990302367076921,-0.00000000000018130785243284053
1.5933333333333333,0,-1.7306357802085033,-0.00000000000000549113041453022,-0.0000000000000022812814990750673,0.0000000000003100163549424868,-0.00000000000028643615302681213
1.6,0,-1.5761823461630713,-0.000000000000005601703770038739,-0.0000000000000027848776905646525,0.0000000000002299579117226813,-0.00000000000023094369608804916
1.6066666666666667,0,-1.4400631049841799,-0.000000000000006594110752687795,-0.000000000000002132336112932396,0.000000000000054206713480393706,-0.00000000000009499753408132914
1.6133333333333333,0,-1.320817434944007,-0.000000000000007002218325405264,-0.0000000000000013538464536266692,-0.00000000000001105698714337853,-0.000000000000049940397883400487
1.62,0,-1.211712724132214,-0.0000000000000070591639274543894,-0.0000000000000004996624228897796,-0.00000000000000991807510239601,-0.00000000000005950725902765365
1.6266666666666667,0,-1.113978517006765,-0.0000000000000056317895915489576,0.0000000000000014143130836527081,0.000000000000004720428394446482,-0.00000000000005001056380277847
1.6333333333333333,0,-1.021719230805636,-0.000000000000003489712150938036,0.00000000000000383858036673932,0.000000000000025859012958080005,-0.00000000000003133472695529642
1.64,0,-0.9355583334630968,-0.0000000000000033240239944398275,0.000000000000006775619934666302,0.000000000000055915711435815994,-0.000000000000038580062881145053
1.6466666666666667,0,-0.8552304993141349,-0.000000000000005048737361469567,0.000000000000010203122346263538,0.00000000000009450251896936271,-0.00000000000007061880610596869
1.6533333333333333,0,-0.7824373865503153,-0.000000000000006990406960167492,0.000000000000013868998103395247,0.0000000000001033131586428952,-0.00000000000006526405766265323
1.66,0,-0.7144179519145794,-0.000000000000009069530774479657,0.00000000000001768589704608773,0.00000000000009325888825726622,-0.000000000000036218387659725084
1.6666666666666667,0,-0.6635958309659598,-0.000000000000006476999500121366,0.00000000000004294181417160801,0.0000000000000383291355990575,-0.000000000000019096791690243768
1.6733333333333333,0,-0.6164644693279739,-0.00000000000000288187242340318,0.00000000000007279881361781295,-0.00000000000002623145865626993,-0.0000000000000045342516326511126
1.68,0,-0.5845936057164117,-0.0000000000007854554608237557,0.0000000000005976209281187953,0.0000000000007520604851408085,-0.000000000000023553587975508638
1.6866666666666668,0,-0.5507661961534188,-0.0000000000010774974714036372,0.0000000000005970927542241889,0.0000000000003660958394161493,-0.0000000000002115710371250074
1.6933333333333334,0,-0.5135507126883945,-0.0000000000005524424805076354,-0.0000000000002748398586226379,-0.0000000000019483316095678206,-0.0000000000006778565252728796
1.7,0,-0.46482708643434867,-0.00000000000019358033663442876,-0.0000000000001180996251398433,-0.0000000000008021791978139069,-0.0000000000002309318861351833
1.7066666666666668,0,-0.4148024200784079,-0.000000000000023435326960998115,0.000000000000001893832772911103,-0.00000000000003185977665135014,-0.00000000000004004899481307003
1.7133333333333334,0,-0.36443041228108725,-0.00000000000001993347837090721,-0.000000000000005392074554400402,0.000000000000035490312893856754,-0.00000000000011026639287955569
1.72,0,-0.3132437585873293,-0.00000000000000014375247192185564,0.0000000000000024617303906086872,-0.00000000000003139637375243935,0.00000000000028840474930925873
1.7266666666666666,0,-0.26075439232946696,-0.00000000000000006437427510808096,0.00000000000000041198578757305186,-0.00000000000019043333182120525,-0.000000000000006845406122721107
1.7333333333333334,0,-0.20669337668847748,-0.0000000000000025861162627923102,-0.000000000000001564128353828437,-0.00000000000020209136486957494,-0.0000000000001555744252380562
1.74,0,-0.1505548850441111,-0.0000000000000017861124631976513,-0.000000000000004827074395829224,-0.00000000000005217766172937534,-0.0000000000000034642350771219954
1.7466666666666666,0,-0.09126591954676848,0.0000000000000012381226959636993,-0.000000000000026051507378784066,-0.000000000000011153254352925713,-0.00000000000009673340056546047
1.7533333333333334,0,-0.02669620355886549,0.0000000000000032802951215217693,-0.000000000000011762734108857263,-0.00000000000009681131409570622,-0.000000000000020362438390563195
1.76,0,0.04404969645001218,0.0000000000000019386193156970955,-0.0000000000000004561107354099403,-0.00000000000006347559872816304,0.000000000000012311097170085549
1.7666666666666666,0,0.11703277362992076,0.0000000000000005179410794008076,0.0000000000000028100100442131776,-0.00000000000003853083467585532,0.00000000000000470126152106541
1.7733333333333334,0,0.16972891482769412,-0.000000000000000008882294232239684,0.0000000000000008515175032318952,-0.000000000000049093570614402887,-0.000000000000023002947062133392
1.78,0,0.181370863362542,-0.0000000000000010230062657658699,0.0000000000000007053491425644612,-0.00000000000001893771049404926,0.000000000000005354052525462262
1.7866666666666666,0,0.1880564217604437,-0.0000000000000014567610904471479,0.0000000000000004091317513993172,0.000000000000010532034793581613,0.000000000000018163896245699344
1.7933333333333332,0,0.1894835470099599,-0.0000000000000012457789727370287,0.0000000000000007624992364439249,0.000000000000027981256175939644,0.00000000000003274106189439905
1.8,0,0.1852032188004965,-0.0000000000000012038026666827814,0.0000000000000010047748682853507,-0.000000000000035453270091163096,0.000000000000008484710437487282
1.8066666666666666,0,0.17445003279922677,-0.000000000000002117669340866324,0.000000000000000499939465280842,-0.0000000000000015814405704369365,0.00000000000002443251473189165
1.8133333333333332,0,0.1557019449687945,0.00000000000000022041536376168617,0.0000000000000004376426022725062,0.000000000000022836087320952014,-0.000000000000008095063548953288
1.82,0,0.1220502651897625,-0.00000000000000018636600191759192,-0.0000000000000027669070418917724,0.0000000000000025116948115442957,-0.000000000000012451798915143991
1.8266666666666667,0,0.08540757187922784,-0.000000000000000976368472833762,-0.000000000000003471838612095152,-0.000000000000013534949151863669,-0.000000000000012313554016755479
1.8333333333333333,0,0.05233050026882299,-0.0000000000000006193811134458877,0.0000000000000007718887567408993,-0.0000000000000024575777397468924,-0.000000000000023486422878541374
1.84,0,0.03667467415378964,0.000000000000000295264874531354,-0.0000000000000004171510276295149,0.000000000000012451151864282146,-0.000000000000015986325777127993
1.8466666666666667,0,0.02668835666654985,0.00000000000000036423485070553956,0.0000000000000010263916989188864,0.0000000000000021801454259979325,-0.000000000000005702496464611216
1.8533333333333333,0,0.020234430741981193,0.0000000000000004815085157267096,0.0000000000000010550745915433996,-0.0000000000000031384148263919557,-0.000000000000003830779613825214
1.86,0,0.016113570147732372,0.000000000000000008483312945831926,-0.00000000000000030766562551738835,-0.00000000000000249419600983998,-0.000000000000005657508565176426
1.8666666666666667,0,0.013540884840023635,-0.0000000000000004926839216013493,-0.0000000000000006746694368036477,-0.0000000000000009299465096671854,-0.00000000000000416016410850639
1.8733333333333333,0,0.012004696880687329,-0.00000000000000031115991853566716,-0.00000000000000001964569773258974,0.00000000000000024682546413442704,-0.0000000000000006573911884440855
1.88,0,0.011168313391781658,-0.0000000000000002792374309926023,-0.0000000000000004034460877003409,0.0000000000000005764233146611608,-0.0000000000000002314903747266864
1.8866666666666667,0,0.010797204939635634,-0.00000000000000029650154996085574,0.00000000000000036949882056880145,0.00000000000000015224445240668273,0.00000000000000021266973813884422
1.8933333333333333,0,0.010735443079812675,-0.00000000000000014334502115684064,0.00000000000000002136547485916166,0.00000000000000009077413133049521,-0.000000000000000625480611707863
1.9,0,0.010874541045052996,0.00000000000000003096790196752982,0.00000000000000042102524461101666,-0.0000000000000005221217276299598,0.00000000000000021423918985751464
1.9066666666666667,0,0.011137469116768795,0.00000000000000002619108765242937,0.00000000000000010818302912632357,-0.0000000000000001368367062656146,0.000000000000000038692670686658403
1.9133333333333333,0,0.011465712684199051,-0.0000000000000002860182087730363,-0.00000000000000021474515307165158,-0.0000000000000004461485697314438,-0.00000000000000011039006711202188
1.92,0,0.011801966482421827,-0.0000000000000005018630438760618,-0.0000000000000003885874864637677,-0.000000000000000996381796514158,-0.0000000000000006771549655545237
1.9266666666666667,0,0.011707353761154412,0.00000000000000012056252693281268,0.0000000000000001960810909082055,0.0000000000000001499014336586991,-0.0000000000000002730300843329857
1.9333333333333333,0,0.011070548955218234,0.000000000000000111190878674126,0.00000000000000006379382237155647,-0.00000000000000016253959534767282,-0.00000000000000012184735923535257
1.94,0,0.010349957039031923,0.000000000000000272168906392479,0.00000000000000001523127240242997,0.00000000000000034135172070339527,0.0000000000000010244872137363986
1.9466666666666668,0,0.009518714158446025,-0.00000000000000004200851453646147,-0.00000000000000003282102767055104,0.000000000000000018712413870437218,0.000000000000000049503126675257794
1.9533333333333334,0,0.00857064945773526,0.00000000000000001657246458947911,-0.000000000000000053303246597748536,0.00000000000000005712421221222244,-0.0000000000000000007560447301180911
1.96,0,0.0075131477977987025,-0.00000000000000001214306433183765,0.000000000000000038623633744154724,-0.000000000000000019235417915702298,0.000000000000000007086947772968308
1.9666666666666666,0,0.0063612030797203555,0.000000000000000012183827651836289,-0.00000000000000013105541814192148,0.00000000000000010670333105266288,-0.000000000000000010169138320283325
1.9733333333333334,0,0.005135511058944257,-0.000000000000000003593086588530031,0.000000000000000013296259117955928,-0.000000000000000012065105724024168,-0.000000000000000004788421547297635
1.98,0,0.0038599686299158327,0.000000000000000005533947911257403,0.00000000000000000016017571461384606,0.0000000000000000020026180903366378,-0.0000000000000000055492641652162216
1.9866666666666666,0,0.002560570290906109,0.000000000000000001762830913491128,-0.00000000000000001486419009241444,0.00000000000000001479404948974562,-0.0000000000000000066756825420509015
1.9933333333333334,0,0.0012645918371260237,-0.000000000000000024915074682268754,0.0000000000000000014278643097578668,-0.0000000000000000030515660356256734,0.00000000000000001729765545035401
