# n,energy,berry,bcd_x,bcd_y,qmd_x,qmd_y
0.00000125,0,-0.00000008990068622683823,0.00000000000000000229325154200425,-0.0000000000000000036059627722978345,0.0000000000000000021946061180542386,-0.0000000000000000013905125299878722
0.006666666666666667,0,-0.0004891017961930231,-0.0000000000000000005903600995157837,0.000000000000000004943754845928631,-0.000000000000000004289553362190774,-0.0000000000000000009152301534742904
0.013333333333333334,0,-0.0009806225933223069,-0.0000000000000000067665322144267445,0.0000000000000000017795328722983305,-0.00000000000000000286957386294843,0.000000000000000008486132617553166
0.02,0,-0.0014504402111780786,0.0000000000000000055185234919745086,0.0000000000000000023003362714739537,-0.000000000000000002002053121512106,-0.000000000000000002208050738856556
0.02666666666666667,0,-0.0018720907309306655,0.00000000000000000702733786593833,-0.000000000000000006651594591917729,0.000000000000000009722402125595125,-0.0000000000000000020489452332860602
0.03333333333333333,0,-0.0022164872887749216,0.00000000000000000012787772479616062,-0.000000000000000007609080954484372,0.00000000000000001043778910775141,-0.000000000000000005296796252107376
0.04,0,-0.002457625443171575,0.000000000000000007155466158895872,-0.000000000000000011019656045405046,0.0000000000000000158394214262836,-0.000000000000000016262898497528337
0.04666666666666667,0,-0.0024764623594058822,-0.000000000000000005569750409386336,-0.000000000000000014264880461157275,-0.000000000000000019070916280530084,-0.00000000000000003264121656681718
0.05333333333333334,0,-0.0022201554712282506,0.000000000000000006581580314205667,-0.00000000000000003542409026889702,-0.00000000000000003683561889116858,-0.000000000000000044926463732242377
0.06,0,-0.0019117512265532184,0.000000000000000025819905103926315,-0.0000000000000000041318267770614114,-0.000000000000000031445559064331115,-0.000000000000000014765416636632313
0.06666666666666667,0,-0.0015497028272935503,0.00000000000000009574579824933521,-0.000000000000000017346836642797563,-0.00000000000000012526915565928541,0.00000000000000008935229172290147
0.07333333333333333,0,-0.0011323521167049982,0.0000000000000001283924219106704,-0.00000000000000005688356111878418,-0.00000000000000004166295501784293,0.0000000000000002002810545486263
0.08,0,-0.0006583055235064407,0.00000000000000005176199516029474,-0.00000000000000005902295191423377,0.00000000000000003123737537920032,0.00000000000000002147139368495852
0.08666666666666667,0,-0.0001274009746323932,0.000000000000000038614343872013795,-0.000000000000000039918967264662995,0.00000000000000001598902246622339,-0.000000000000000007792858416671763
0.09333333333333334,0,0.0004608537748909906,0.0000000000000000061948721281894186,0.000000000000000024228106014941646,0.00000000000000001367636486860118,-0.000000000000000008742582025822616
0.1,0,0.0011055997165727916,0.00000000000000000034245928022458136,-0.00000000000000004634567893154202,-0.00000000000000011144367228994944,0.00000000000000014531664308077431
0.10666666666666667,0,0.0018041155124527129,-0.00000000000000006382821741600933,-0.000000000000000032925995136380325,0.00000000000000002176604045223981,0.00000000000000003834695259989161
0.11333333333333333,0,0.0025523003184944374,-0.00000000000000010690059691331398,-0.00000000000000010667854459754659,-0.0000000000000001385575429758153,-0.0000000000000000477291775413196
0.12,0,0.0033439179646032923,-0.00000000000000017413823293437112,-0.000000000000000050587697089963174,-0.00000000000000010534696972328573,0.00000000000000020362425502524968
0.12666666666666668,0,0.004167708006524293,-0.00000000000000021580682185473533,-0.00000000000000005935340464470185,0.00000000000000027677656374024057,0.00000000000000010962847566856011
0.13333333333333333,0,0.0050070473184887975,-0.00000000000000013226996406060356,0.0000000000000002454862934113651,0.0000000000000004898735292457908,0.000000000000000249602210192868
0.14,0,0.005839187597816873,0.00000000000000006609441759780837,0.0000000000000000645838344930167,-0.000000000000000016468014889815076,0.0000000000000004104338402546338
0.14666666666666667,0,0.006628532398926354,-0.0000000000000001507024777211863,-0.000000000000000005396387220282515,0.0000000000000002628661500757946,0.000000000000000891218095791699
0.15333333333333332,0,0.007319591149137658,-0.00000000000000016578704303747674,-0.0000000000000001263929115829236,0.00000000000000037644551177233163,0.0000000000000009317253038507418
0.16,0,0.007832021596498769,0.000000000000000006947811668478033,-0.0000000000000005999038847017292,-0.0000000000000002852047036783967,0.00000000000000019290459313128495
0.16666666666666666,0,0.008045873966816977,0.00000000000000014738126588212133,-0.00000000000000003393512026267146,-0.0000000000000007936762767736695,-0.00000000000000006961781106303682
0.17333333333333334,0,0.007767734230683982,-0.0000000000000002931805160845282,-0.0000000000000004469755116142425,0.0000000000000015410401183897565,0.0000000000000018164691258777027
0.18,0,0.00668360146886844,-0.000000000000000012657419524584854,-0.0000000000000010009742943998145,0.000000000000003577543690120932,0.000000000000002300120047472716
0.18666666666666668,0,0.004274669788678651,-0.0000000000000002283292003696168,-0.0000000000000012389012547093417,0.000000000000004876343017997564,0.000000000000002772107848423726
0.19333333333333333,0,-0.00037562606200414357,-0.0000000000000002981564559909597,-0.0000000000000011667783750521696,0.000000000000008659610826585113,0.000000000000003811782886611852
0.2,0,-0.0089991746849181,0.00000000000000014049076400387684,-0.0000000000000014734039349038173,0.000000000000011437688910801118,0.000000000000010943384285847477
0.20666666666666667,0,-0.025156211817944796,-0.0000000000000026336051008822193,-0.000000000000003709139705742636,0.000000000000009008938502842253,0.00000000000003058620874607772
0.21333333333333335,0,-0.059243314717950156,0.000000000000004237237803977534,0.0000000000000025126659214593562,0.000000000000045489309626364724,-0.00000000000001614447524528113
0.22,0,-0.11027998733780355,0.000000000000005723603656942344,0.0000000000000024288693838854323,-0.0000000000001160663881319994,0.0000000000000040558098295852035
0.22666666666666666,0,-0.1479546230631965,0.0000000000000041810726281594726,0.0000000000000010251626646424947,-0.00000000000006161794735624142,-0.0000000000000377619509986094
0.23333333333333334,0,-0.17030275988575905,0.0000000000000024647634992210208,-0.00000000000000020159933673600555,-0.000000000000003778795705652671,-0.00000000000007516907262272244
0.24,0,-0.18429719091020383,0.0000000000000023792761022672046,-0.0000000000000012804797771405724,-0.00000000000003025707905465805,-0.0000000000000371641793623459
0.24666666666666667,0,-0.19167466530439656,0.0000000000000033501953908526537,0.0000000000000019336314396664274,-0.0000000000000948247000285579,-0.0000000000002681045689511419
0.25333333333333335,0,-0.17580574281682682,0.000000000000008516884504106324,0.0000000000000004964129945906936,-0.0000000000000887987899233221,-0.000000000000021399656787291767
0.26,0,-0.1158996364024638,0.000000000000006994110239145828,-0.0000000000000019937060174667212,0.00000000000007805044157567931,0.0000000000000420341557912959
0.26666666666666666,0,-0.052273064814098706,-0.0000000000000010906510272098703,-0.000000000000008642840216091939,0.00000000000011055238811905027,-0.000000000000016886967408111965
0.2733333333333333,0,0.0026404334763011975,-0.000000000000009236325960549903,-0.00000000000000962764038334508,0.00000000000007498056876733894,0.00000000000000555596863667445
0.28,0,0.05184337776212039,-0.000000000000010814917259649018,0.0000000000000015427263131833287,0.00000000000011835237275840608,0.000000000000074342880654133
0.2866666666666667,0,0.09710150596375458,-0.000000000000002344777367941842,-0.000000000000003849405182863681,0.0000000000000730584681916112,-0.00000000000011402224627444253
0.29333333333333333,0,0.14005378289061934,-0.000000000000007000087430246796,-0.000000000000009352252723038229,0.00000000000011448834211139037,-0.0000000000000037282928552588655
0.3,0,0.18235636455260762,-0.000000000000009939002521206434,-0.000000000000015085431943632058,-0.000000000000044431164339833085,-0.0000000000001967663987212884
0.30666666666666664,0,0.22492499281334954,-0.000000000000011414067127254348,-0.000000000000012378691464337428,-0.0000000000001867961812189606,-0.00000000000028022395691363236
0.31333333333333335,0,0.268566402927519,-0.000000000000012006574758348978,0.0000000000000037058124089931316,-0.00000000000012998169860951852,0.000000000000060974666839549
0.32,0,0.3165760792489552,-0.00000000000000019864483647963832,0.000000000000010378548977606954,-0.000000000000009068496209576486,0.00000000000007126515215018238
0.32666666666666666,0,0.3761769102290353,0.0000000000000034491289699420545,-0.0000000000000052234486107461405,-0.00000000000028689484758781433,-0.00000000000015607617878759327
0.3333333333333333,0,0.44101773968504765,0.0000000000000019940349146561005,-0.00000000000002487341568351232,-0.0000000000006685055853081397,-0.000000000000390328940244471
0.34,0,0.5034174871995534,-0.000000000000008058721023944703,0.000000000000004103314343745489,-0.00000000000040817988238946,0.00000000000015883432829350585
0.3466666666666667,0,0.5603999149386337,-0.00000000000006480023838712051,0.00000000000002957099549171554,-0.0000000000002246997814775192,0.0000000000002366868886677797
0.35333333333333333,0,0.6134733714850399,0.000000000001592773480823593,-0.0000000000014456008111075377,-0.000000000000673036320709372,-0.0000000000037919533084774006
0.36,0,0.6610155478770694,0.000000000004778131962172707,-0.000000000004278463109993078,-0.0000000000016582806452598438,-0.000000000011256862607839281
0.36666666666666664,0,0.6886090033085623,0.000000000000181904523816078,-0.0000000000006265784022654322,-0.000000000000038360560503213236,-0.0000000000013308184231552241
0.37333333333333335,0,0.7234569705085246,-0.00000000000006587862708735719,-0.00000000000010581057038251715,0.000000000000035524850388788716,-0.000000000000032576615246030276
0.38,0,0.7780473923778944,0.000000000000018795692574830858,-0.000000000000024090084105434714,-0.00000000000003715546020626421,0.000000000000032175057616379695
0.38666666666666666,0,0.8516762765754469,0.000000000000000902682385208383,-0.000000000000015363844200165815,-0.000000000000041834542315027973,-0.00000000000002999667005647657
0.3933333333333333,0,0.9324297854791528,0.000000000000008447388030034905,-0.000000000000013273335218747998,0.00000000000004450605997371602,0.0000000000000750192762535738
0.4,0,0.9822054563705195,0.000000000000007268519692239996,-0.00000000000000914729603646581,-0.000000000000039611900129585354,0.00000000000001006743364216388
0.4066666666666667,0,1.0330669394913423,0.000000000000004800076488732824,-0.00000000000000019455133819594269,-0.00000000000007105427357601002,0.0000000000000007374987858364261
0.41333333333333333,0,1.084576550440976,0.000000000000001561878317350884,0.000000000000011639282816906644,-0.00000000000007105427357601002,0.000000000000024608614101573445
0.42,0,1.160025593011384,0.0000000000000005201379210136661,-0.000000000000002981960565527666,-0.00000000000011219163948546216,0.00000000000004373934708621458
0.4266666666666667,0,1.2439214811881307,-0.00000000000000008326570106935981,-0.000000000000012478669209251547,-0.00000000000012884468937639587,0.000000000000054314805496901115
0.43333333333333335,0,1.3532648674360361,0.0000000000000006011679847807204,-0.0000000000000051314831121670125,-0.00000000000006794405937014384,0.00000000000003844711841270334
0.44,0,1.4790703402171566,0.0000000000000005996921091758008,0.00000000000000017211134783701114,-0.000000000000014983041178758927,0.00000000000002769156372808224
0.44666666666666666,0,1.6526587575411296,-0.0000000000000013927086999293922,-0.0000000000000004560347200582221,0.000000000000014932415304751558,0.000000000000031774513169401254
0.4533333333333333,0,1.8262471748651028,-0.0000000000000033851095090345845,-0.0000000000000010841807879534552,0.00000000000004484787178826203,0.000000000000035857462610720273
0.46,0,1.97324494064249,-0.0000000000000005450835634376057,-0.000000000000001869857464277752,0.000000000000009589280188549012,0.000000000000027847409389677953
0.4666666666666667,0,2.0847496373618384,0.000000000000008745241511612718,-0.0000000000000028658052110168153,-0.00000000000011266330572367098,0.000000000000003695676531255677
0.47333333333333333,0,2.1869760543486483,0.000000000000011214365164352165,-0.000000000000004813459856005288,-0.00000000000009142088426434721,-0.0000000000000030370820798378375
0.48,0,2.2836605387074056,0.000000000000009209474357282984,-0.000000000000006837660516835545,-0.00000000000000032945237620360544,0.0000000000000035082581125108893
0.4866666666666667,0,2.376273486549921,0.00000000000000041789027729440995,-0.0000000000000046109710991965174,0.0000000000000032025377345341624,0.00000000000004497075071682381
0.49333333333333335,0,2.4677396898298776,-0.0000000000000007148672981812723,-0.000000000000012013744165656712,-0.000000000000046866159504633675,0.000000000000042679241194080336
0.5,0,2.5587281857368636,0.000000000000013511549433717429,-0.000000000000012933036299912742,0.000000000000043021268823880954,0.00000000000006935342545353376
0.5066666666666667,0,2.6501544347192896,0.00000000000006247867792352372,0.00000000000002230724141652162,0.0000000000006556722928143754,0.00000000000025880002092229254
0.5133333333333333,0,2.7434265727892186,0.000000000000025374218827567723,-0.000000000000004229008526807415,0.0000000000002615632991369313,0.00000000000014321967122721702
0.52,0,2.8387084056151597,0.0000000000000017936823312898526,-0.000000000000014657982335738805,0.000000000000009091013472678376,0.00000000000008191635039608106
0.5266666666666666,0,2.936344844886123,0.000000000000006178358694433424,0.00000000000000017908022853055714,0.00000000000006543037764177773,0.00000000000011317347953120192
0.5333333333333333,0,3.0381329182679266,0.0000000000000058548041638563525,0.000000000000000745300657040433,0.00000000000005928284156081337,0.000000000000031314183295202724
0.54,0,3.1445451115998484,-0.0000000000000023986734302137057,-0.0000000000000050003484149316606,-0.00000000000003648483207360043,0.000000000000036615728715594684
0.5466666666666666,0,3.2552481271175555,-0.000000000000008510845211452472,-0.000000000000011505631013081402,-0.0000000000001207758117557387,0.00000000000011695250797089686
0.5533333333333333,0,3.370676184418953,-0.000000000000006285274885883352,-0.0000000000000156388330462812,-0.00000000000013285747923739963,0.0000000000002762397555580582
0.56,0,3.4934064037964143,-0.000000000000014397631309604023,0.000000000000006352163166409061,-0.000000000000020519272500442102,0.00000000000015234319176198455
0.5666666666666667,0,3.615976864376623,-0.0000000000000026253916681906926,0.00000000000003662848414860347,0.00000000000002899058495131181,0.000000000000051094127797964015
0.5733333333333334,0,3.73644881759182,-0.000000000000002713780884037945,0.00000000000007649123986828069,0.000000000000043767167456529985,-0.000000000000035792950044826324
0.58,0,3.836230681698173,-0.00000000000033452618734441276,0.00000000000015644250815043632,0.00000000000029387113490327325,-0.00000000000025807504757653374
0.5866666666666667,0,3.9799359340193847,0.0000000000007379446685990337,0.0000000000001152264695431588,0.000000000000165922420448476,0.00000000000044484527749289565
0.5933333333333334,0,4.165113896735839,0.00000000000222460677429669,0.000000000000014238182726970624,-0.00000000000017625467649157313,0.0000000000014478397295012035
0.6,0,4.386532782492361,0.0000000000003698468532313575,0.00000000000008293598446907534,-0.000000000000125881670278796,0.0000000000003835485213132969
0.6066666666666667,0,4.270346555564172,-0.000000000000015797321165303997,0.000000000000043407309510970004,0.00000000000007714951375443588,0.00000000000002882799690800104
0.6133333333333333,0,4.05658305837319,-0.000000000000010369115043851527,0.0000000000000198317671308589,0.00000000000003927688843125308,-0.00000000000016114686441720307
0.62,0,3.8296699108235117,-0.000000000000005256795908875083,0.000000000000022123739482343614,-0.0000000000000818423134904028,-0.0000000000002479116687890925
0.6266666666666667,0,3.587904906678473,-0.00000000000001480520904228585,0.00000000000000941949488958522,0.00000000000008646869767480395,-0.000000000000052411955820275425
0.6333333333333333,0,3.3205235113719382,-0.000000000000014443534850856027,0.00000000000001599735900768732,0.000000000000037899083348228815,-0.000000000000015311743749481968
0.64,0,3.03439403753093,-0.00000000000001250423195213719,0.000000000000019215451038465695,0.000000000000009641165315458093,-0.000000000000025649718572915527
0.6466666666666666,0,2.726443131546188,-0.000000000000009582302973167222,0.000000000000015895077198727094,0.000000000000031954077518501496,-0.00000000000008090073926616586
0.6533333333333333,0,2.369515186647328,-0.000000000000025824284674540075,0.000000000000025677765140389785,0.000000000000042592859630149085,-0.00000000000002802983745391543
0.66,0,1.9971423971551379,-0.0000000000000481095803209925,0.00000000000003959248632451618,0.000000000000049550220222212284,0.00000000000005893716994687451
0.6666666666666666,0,1.5809743627174948,-0.00000000000004391717222271299,0.00000000000003619875425907652,0.000000000000037979763897758576,0.00000000000005952590063142394
0.6733333333333333,0,1.1475791167239957,-0.00000000000002930954657075481,0.000000000000025996603010089852,0.00000000000001912124189205595,0.000000000000026137041998376656
0.68,0,0.7141838707304966,-0.000000000000014701920918796625,0.000000000000015794451761103185,0.00000000000000026271988635332133,-0.000000000000007251816634670615
0.6866666666666666,0,0.4123523502467739,-0.0000000000000055077426697343,0.000000000000003573337791598415,0.000000000000023558180878154986,-0.00000000000002084555776888366
0.6933333333333334,0,0.15298254717389337,-0.0000000000000013982657882718145,-0.000000000000003648053880264084,0.000000000000022251786186237508,-0.0000000000000232311747390983
0.7,0,-0.0689675319586113,-0.000000000000005657598701936886,0.0000000000000001198175433627106,-0.00000000000004524225844568593,-0.000000000000010125535004744234
0.7066666666666667,0,-0.2704834531392677,0.00000000000000499688125258934,-0.0000000000000005472440365492654,0.000000000000020623944205631477,-0.00000000000001524045962274082
0.7133333333333334,0,-0.46965473572036076,0.0000000000000047991843668009174,0.0000000000000031649200544069,0.000000000000016678140120119438,-0.000000000000037899796223073096
0.72,0,-0.6740422382938402,0.000000000000003553989911864576,-0.0000000000000013776131197229822,0.00000000000002647838231650791,0.000000000000007667833119919516
0.7266666666666667,0,-0.8932899063330895,-0.0000000000000009386183147538752,-0.000000000000016260602461778213,0.00000000000006475000954717996,0.00000000000007852343881090043
0.7333333333333333,0,-1.1393409766142617,-0.00000000000001190079990501277,-0.000000000000027880988879205348,0.0000000000000683780695410663,0.000000000000052957594057534005
0.74,0,-1.42837321866656,-0.000000000000006323429916015003,-0.000000000000023873834969039703,0.000000000000034201648413215025,0.0000000000000007528574513047202
0.7466666666666667,0,-1.756000396381647,0.000000000000003389202607752853,-0.000000000000009163957435007941,-0.000000000000010837603099491892,0.000000000000018173269907776207
0.7533333333333333,0,-1.9091879060603096,0.0000000000000008585094735962156,-0.00000000000000503651077374145,0.00000000000002404151134611966,0.000000000000043687784564753085
0.76,0,-1.73501411702127,0.0000000000000014357041336208101,-0.0000000000000012304923370819076,0.000000000000025993948988287032,-0.000000000000005198392551404532
0.7666666666666667,0,-1.5389041897664923,0.0000000000000011346669434395713,0.0000000000000003138989698134131,-0.00000000000001735857373663801,-0.000000000000049931986205003995
0.7733333333333333,0,-1.3118301588194383,-0.0000000000000032551860038907352,0.000000000000003075085420873394,0.00000000000001650246007665342,-0.000000000000038426202841908074
0.78,0,-1.0289852174157874,-0.000000000000009453307517207549,0.000000000000004487590051560797,0.000000000000022383748186604936,-0.000000000000040901690670817476
0.7866666666666666,0,-0.6648394415616552,0.000000000000009131136854035969,-0.000000000000003919753792330032,0.000000000000010365507754174979,0.0000000000000012867542093673798
0.7933333333333333,0,-0.29747421577180244,0.000000000000011729304357248131,-0.0000000000000029560114707935903,0.00000000000001578586811212332,-0.000000000000003784882251388751
0.8,0,-0.12885454294261878,0.000000000000003660530211200351,0.0000000000000015823349575960702,0.000000000000011390027376072952,-0.0000000000000013642384389031821
0.8066666666666666,0,-0.029735007335433543,-0.000000000000007176582586607892,0.000000000000005619810136935082,0.000000000000009588632773911594,-0.000000000000005376069684725321
0.8133333333333334,0,0.03327551884017361,-0.0000000000000005089593339223241,0.000000000000010924362538747645,0.000000000000006893729366001546,-0.000000000000003104963936467021
0.82,0,0.07541807418627805,0.000000000000002823661035040065,0.000000000000007270324978888173,0.00000000000000659606200569056,0.0000000000000030569135921310888
0.8266666666666667,0,0.10485886758508667,0.0000000000000033650797765950463,0.000000000000008656489666571784,0.000000000000007339157253981711,-0.0000000000000012022477032470136
0.8333333333333334,0,0.12587840310758272,-0.0000000000000006386377565702554,0.0000000000000067102791203551554,0.000000000000004131776642593606,0.00000000000000017569880642871964
0.84,0,0.14144993218694543,-0.000000000000000989960687617542,0.000000000000004016403406021674,0.000000000000003434621294394047,0.000000000000001011731157589813
0.8466666666666667,0,0.15393985188593476,-0.000000000000000450342456782932,0.0000000000000010615575486211456,0.0000000000000023836005760480106,-0.00000000000000012656759835959455
0.8533333333333334,0,0.16446155311274957,0.000000000000010693576781896142,0.0000000000000012659797729334914,0.0000000000000031357407882288075,0.0000000000000030924843474172474
0.86,0,0.17372179242849914,0.000000000000008970708765394066,0.000000000000013351046677428637,-0.00000000000000016474126859175722,0.0000000000000010744548498818293
0.8666666666666667,0,0.1825425860681218,0.000000000000002477192096738829,0.0000000000000055050680016845664,0.0000000000000005173568300821969,0.0000000000000004348280539195887
0.8733333333333333,0,0.19138704859460323,0.0000000000000016653345369377348,-0.0000000000000015518444117967808,0.000000000000004123002196633628,0.0000000000000035730657863808145
0.88,0,0.20075587340241852,-0.0000000000000004836425990436395,-0.000000000000003253374302133888,0.000000000000004053736393628088,-0.0000000000000008264517570969196
0.8866666666666667,0,0.21090963048162237,-0.0000000000000016006111857769357,-0.000000000000002453737597620734,0.00000000000000014159689721473522,0.0000000000000015471250670278676
0.8933333333333333,0,0.22240958316656625,-0.0000000000000009468376891353097,-0.00000000000000183087398294588,0.000000000000002455747507579219,-0.0000000000000006368041800575017
0.9,0,0.23546937592198838,0.0000000000000007974165466558842,0.00000000000000009101626530641382,0.000000000000001181840762486165,-0.0000000000000009430820612206867
0.9066666666666666,0,0.250753419237735,-0.000000000000001893245251577826,-0.0000000000000042079455437097045,-0.0000000000000008139048691255226,-0.00000000000000013349380346216677
0.9133333333333333,0,0.2685592554286013,0.0000000000000034645379959227752,-0.0000000000000023238656696259817,-0.000000000000003947767517856612,0.000000000000002080904045631059
0.92,0,0.2899173308287861,-0.000000000000002505828859808171,-0.0000000000000006868252456943053,0.0000000000000004102653860832001,0.0000000000000021866222254834507
0.9266666666666666,0,0.31511991471134815,-0.000000000000002049185218356883,0.0000000000000027611100410771395,0.0000000000000006546929108681336,0.0000000000000016489145631029968
0.9333333333333333,0,0.3461071422050117,0.00000000000000010768009164271112,-0.000000000000002773314554760853,0.0000000000000022090674864296012,0.0000000000000020345868782679316
0.94,0,0.3836995197064071,-0.0000000000000011885137468156184,-0.0000000000000012987409628053985,0.0000000000000012677188496783927,0.00000000000000000592348790787912
0.9466666666666667,0,0.4303480348148071,0.0000000000000009772792743421919,-0.0000000000000003248686001767969,-0.00000000000000004260571805597336,-0.000000000000000901702441667872
0.9533333333333334,0,0.48927593820369486,0.0000000000000003302568660792928,0.000000000000001195216499149824,0.000000000000002917954548614237,0.0000000000000009734841210368208
0.96,0,0.56256143845594,0.0000000000000020144068494904823,-0.000000000000005723729661373589,0.00000000000000200077610452119,-0.0000000000000013059122239462814
0.9666666666666667,0,0.6519544412958577,0.0000000000000002466139472335777,-0.000000000000002194956182793653,0.0000000000000006266953837001625,-0.0000000000000002572347249238527
0.9733333333333334,0,0.7072048766871739,-0.0000000000000000935492580441122,-0.00000000000000005833340334783497,-0.0000000000000003594113569448873,-0.00000000000000031814634922625034
0.98,0,0.582124180807643,0.00000000000000009650225053496788,0.00000000000000029182282407257658,0.00000000000000019662470996024024,0.00000000000000002386277453089918
0.9866666666666667,0,0.32735664360235733,0.0000000000000023995031219957474,0.0000000000000008064692366672269,-0.000000000000000050950734731705686,-0.0000000000000010918591088226106
0.9933333333333333,0,0.10444269419333196,0.0000000000000005146379157587109,0.00000000000000087872702727819,-0.0000000000000008129092949921804,-0.00000000000000009870682046559681
1,0,0.000000000000008989337052511814,0,0,0,0
1.0066666666666666,0,-0.10444269419331398,-0.0000000000000005165543453575947,-0.0000000000000008776490356288177,0.0000000000000007935380988716684,0.00000000000000009966503526503893
1.0133333333333334,0,-0.32735664360234984,-0.00000000000000237846250295054,-0.0000000000000007896818452404102,0.000000000000000013206239426965202,0.0000000000000011661725602417704
1.02,0,-0.5821241808076212,0.0000000000000001903962282246594,-0.00000000000000016497633325987627,-0.0000000000000004740539741109303,-0.0000000000000002394259137091145
1.0266666666666666,0,-0.707204876687156,0.000000000000000461562254268466,-0.0000000000000005900576011493851,0.0000000000000001168016896254051,0.00000000000000010793028448646822
1.0333333333333334,0,-0.6519544412958381,-0.00000000000000002032103123245131,0.0000000000000018533926532539544,-0.0000000000000006411042103925132,0.0000000000000003063734095409434
1.04,0,-0.5625614384559207,-0.000000000000001944784548782865,0.000000000000005457937756837439,-0.0000000000000026048099166641674,0.000000000000001468684528602273
1.0466666666666666,0,-0.4892759382036765,-0.0000000000000007316932252609442,-0.00000000000000111430097360477,-0.0000000000000032939865334821018,-0.000000000000000033872499085049086
1.0533333333333332,0,-0.43034803481479,-0.0000000000000005338086532845945,0.0000000000000005085061999721624,-0.0000000000000008668755606721414,0.0000000000000005260298162244017
1.06,0,-0.38369951970638977,0.0000000000000007389582393938012,0.000000000000001371793982592228,-0.0000000000000016534875611219531,0.00000000000000014003015488700573
1.0666666666666667,0,-0.34610714220499383,-0.0000000000000005240137258771444,0.0000000000000030202552283408334,-0.0000000000000019303679274890406,-0.000000000000002120683379564495
1.0733333333333333,0,-0.31511991471133155,0.000000000000001470052432874602,-0.000000000000001744482574166876,-0.0000000000000000109649107684645,-0.0000000000000010026970280394125
1.08,0,-0.2899173308287679,0.0000000000000021582377483276154,0.0000000000000025610719947094926,0.0000000000000003508407076511748,-0.000000000000002379618422222556
1.0866666666666667,0,-0.26855925542858355,-0.000000000000003634490727889567,0.0000000000000029988390488267,0.000000000000002464171798786389,-0.0000000000000033238305173297576
1.0933333333333333,0,-0.25075341923771693,0.0000000000000015109213260734619,0.000000000000004318773834472543,0.00000000000000106096600650835,0.00000000000000015186817940615041
1.1,0,-0.23546937592197023,-0.000000000000001707070415195592,0.00000000000000012416538442856802,-0.000000000000002025853265085553,0.0000000000000006661338147750939
1.1066666666666667,0,-0.2224095831665484,0.000000000000001381150354079538,0.000000000000002252385915341382,-0.0000000000000035354807946540575,0.00000000000000038310973474954556
1.1133333333333333,0,-0.21090963048160427,0.0000000000000003919531127558473,0.000000000000001988861450015876,-0.0000000000000009398774576211433,-0.000000000000002145835487332631
1.12,0,-0.20075587340240036,0.0000000000000006120450172900031,0.000000000000003536960489175617,-0.000000000000004472729654868721,-0.00000000000000019110330591605574
1.1266666666666667,0,-0.19138704859458536,-0.000000000000003557801705695527,0.00000000000000025487732304011413,-0.000000000000001190934853628958,-0.0000000000000045066446098953696
1.1333333333333333,0,-0.1825425860681038,-0.000000000000002439133103719069,-0.000000000000005206015304641096,0.0000000000000005119147566786349,-0.0000000000000009169762567894208
1.14,0,-0.1737217924284814,-0.00000000000000838825637173409,-0.00000000000001255676915734164,-0.0000000000000003212553558299606,-0.000000000000001236707952863171
1.1466666666666667,0,-0.16446155311273145,-0.000000000000011205381980306946,-0.0000000000000017180891704602678,-0.000000000000002154108319543676,-0.00000000000000362594270277895
1.1533333333333333,0,-0.15393985188591658,0.000000000000001145372793044967,-0.000000000000004654741689615172,-0.0000000000000019629993724759357,0.0000000000000007595812330277043
1.16,0,-0.1414499321869277,0.0000000000000002955465450668016,-0.0000000000000042966893389196386,-0.0000000000000031203145681668896,0.0000000000000001349627250359284
1.1666666666666667,0,-0.12587840310756457,-0.000000000000001748860781195419,-0.000000000000006284520615975052,-0.0000000000000024460352608996267,0.00000000000000008758988580356126
1.1733333333333333,0,-0.10485886758506884,-0.000000000000003931231408715846,-0.000000000000007477445236507475,-0.00000000000000737827553522929,0.0000000000000005895222150321551
1.18,0,-0.07541807418626072,-0.00000000000000534715753852216,-0.000000000000006040036141639739,-0.000000000000006401869411916059,-0.0000000000000016530193619637106
1.1866666666666668,0,-0.033275518840153936,-0.0000000000000008205178515088,-0.000000000000009894121976608388,-0.0000000000000066693018985326416,0.00000000000000097316171151431
1.1933333333333334,0,0.029735007335452306,0.000000000000005250866046966246,-0.000000000000006765610776063612,-0.000000000000008640188474267595,0.000000000000005886941813788805
1.2,0,0.12885454294263676,-0.000000000000004160664867292115,-0.0000000000000009169135361682355,-0.00000000000000885753146177573,0.000000000000001132130558649869
1.2066666666666668,0,0.29747421577182354,-0.000000000000012898835020978379,0.0000000000000015593742183068597,-0.000000000000022811910566209644,-0.000000000000003495030577372097
1.2133333333333334,0,0.6648394415616787,-0.000000000000015234925959470092,0.0000000000000014093167258707131,-0.0000000000000334751761454675,-0.000000000000012714005584977077
1.22,0,1.0289852174158116,0.000000000000006590076629712682,-0.000000000000005676578712363688,-0.000000000000026451812593294028,0.00000000000003571688438192443
1.2266666666666666,0,1.311830158819452,0.000000000000005027380779998547,-0.00000000000000731490492540283,-0.00000000000004203358927423022,0.00000000000004219263699904857
1.2333333333333334,0,1.5389041897665114,-0.0000000000000004976076995901963,0.000000000000001088094431866365,0.000000000000037349268167597077,0.000000000000034835534386617905
1.24,0,1.7350141170212885,-0.0000000000000023238825533209346,0.0000000000000005143014818738454,-0.00000000000003668863667994006,0.000000000000014033221438814782
1.2466666666666666,0,1.9091879060603252,-0.000000000000002837741158139608,0.000000000000007058417264578184,-0.000000000000017550872423540568,-0.00000000000005573387389718658
1.2533333333333334,0,1.7560003963816648,-0.000000000000004989958845520951,0.000000000000011290877437990798,0.000000000000007163994114846477,-0.000000000000011364305234284226
1.26,0,1.4283732186665745,0.000000000000004423825904920502,0.00000000000002333663705715253,-0.00000000000003778450056167328,-0.000000000000011267689684304208
1.2666666666666666,0,1.1393409766142832,0.000000000000011676183906421387,0.000000000000028797949221133266,-0.00000000000006641873559363366,-0.00000000000004237897121609615
1.2733333333333334,0,0.893289906333101,0.0000000000000004508746846365135,0.000000000000011397668675763587,-0.00000000000005880948339563881,-0.00000000000006584122317904872
1.28,0,0.6740422382938568,0.0000000000000014735758720294998,0.00000000000000028570891328163125,-0.00000000000004574731453326393,0.00000000000002231425552572954
1.2866666666666666,0,0.46965473572038174,-0.00000000000000001453537296112241,0.0000000000000004375329347941914,-0.00000000000004639449444378968,0.00000000000008698562015532678
1.2933333333333332,0,0.27048345313929434,-0.000000000000007388280333278862,0.000000000000002742630138919793,-0.00000000000004300945067864302,0.000000000000045642139882890085
1.3,0,0.06896753195862923,0.000000000000003348259555675859,0.0000000000000014033821071587588,-0.0000000000000020067263412210936,-0.000000000000035401933901783
1.3066666666666666,0,-0.1529825471738756,-0.000000000000004187483291577729,0.000000000000004024510054029572,0.000000000000022238707167333927,0.0000000000000019491393411260903
1.3133333333333332,0,-0.41235235024675365,0.0000000000000016002758568503955,-0.000000000000005343683649727154,0.0000000000000030527631118284437,0.00000000000001814495662215502
1.32,0,-0.7141838707304932,0.000000000000014413792024073713,-0.000000000000020247138647816646,-0.00000000000003410947541349819,0.00000000000001963751808478176
1.3266666666666667,0,-1.147579116723985,0.000000000000030026174996007594,-0.00000000000003338627283211744,-0.000000000000053586309616108777,-0.0000000000000026217210039160556
1.3333333333333333,0,-1.5809743627174773,0.000000000000045638557967941484,-0.00000000000004652540701641823,-0.00000000000007306314381871937,-0.000000000000024880960092613868
1.34,0,-1.9971423971551316,0.0000000000000498769019337813,-0.00000000000004935699753665527,-0.00000000000007206500821259889,-0.00000000000002612524640324178
1.3466666666666667,0,-2.3695151866473134,0.000000000000025200013583807765,-0.00000000000002598461429769356,-0.000000000000019015133698118352,0.000000000000026054958037230894
1.3533333333333333,0,-2.7264431315461666,0.000000000000008190590483240728,-0.000000000000012323237751562734,0.000000000000018514206968139295,0.0000000000000575737118442421
1.36,0,-3.0343940375309217,0.000000000000015495412930665967,-0.00000000000002945636676461466,0.000000000000006826491052258913,0.00000000000002357308372531736
1.3666666666666667,0,-3.3205235113719236,0.000000000000022331680129881163,-0.00000000000002937264353291611,0.00000000000003290774673258877,-0.00000000000000194652533106432
1.3733333333333333,0,-3.587904906678456,0.000000000000027072493620413197,-0.00000000000001839662236871203,0.00000000000008629034060015863,0.000000000000005374028978681757
1.38,0,-3.829669910823497,0.000000000000011050580057571275,-0.00000000000003377118588861084,0.00000000000012254194300497266,0.00000000000032775435036434946
1.3866666666666667,0,-4.056583058373171,-0.000000000000027634265567710554,-0.00000000000002220554943514865,-0.00000000000020530107251791932,0.0000000000002959469375424413
1.3933333333333333,0,-4.270346555564154,0.000000000000035316145926852444,-0.0000000000005634666964417893,0.0000000000008135937070782797,-0.00000000000006565789686551968
1.4,0,-4.386532782492176,0.000000000047281388088479875,-0.000000000018731591602944227,0.00000000004998078855763795,0.00000000001843179213758033
1.4066666666666667,0,-4.165113896734811,0.00000000027488753818442895,-0.0000000001015244708719349,0.00000000027589338849759684,0.0000000001102114094572622
1.4133333333333333,0,-3.979935934018799,0.0000000004162538253609551,0.0000000002337270868439661,0.00000000012182041518550566,0.00000000008953310236879369
1.42,0,-3.8362306816980287,0.000000000345726048718298,0.0000000003345200977246508,-0.000000000005766632379662558,0.00000000004643846240134702
1.4266666666666667,0,-3.7364488175917794,0.000000000024989675101989543,0.00000000002457802391179926,-0.00000000000019025106332357354,0.0000000000038177005858202536
1.4333333333333333,0,-3.6159768643765906,-0.0000000000001335362339131353,0.000000000000014591931668936153,0.00000000000010145233625293599,0.00000000000010311396539494092
1.44,0,-3.49340640379638,0.000000000000012882745685214515,-0.0000000000000034821776577543865,0.00000000000004616028618415038,-0.0000000000001510545293635235
1.4466666666666668,0,-3.3706761844189157,0.00000000000000618809496019407,0.000000000000012786266156246928,0.000000000000118678716948225,-0.00000000000025410625946185333
1.4533333333333334,0,-3.255248127117521,0.00000000000000523427910637876,0.000000000000009765849285831779,0.0000000000001221760417455478,-0.00000000000011166975862543369
1.46,0,-3.144545111599815,0.0000000000000010138989684650127,0.0000000000000039736925490567184,0.00000000000005479602409929252,-0.00000000000003770764831107853
1.4666666666666666,0,-3.038132918267896,-0.000000000000005512180138133188,-0.000000000000001533901125523837,-0.000000000000038937795366816164,-0.000000000000032319873181528316
1.4733333333333334,0,-2.936344844886089,-0.000000000000013277488871983138,-0.0000000000000014530124928795666,-0.00000000000008941230213684083,-0.00000000000011288495129522156
1.48,0,-2.8387084056151246,-0.000000000000007076069865829296,0.000000000000010685844311920899,-0.00000000000002926837671558474,-0.00000000000009260252555125191
1.4866666666666666,0,-2.7434265727891862,-0.000000000000030636997262283276,0.0000000000000004009375363850372,-0.0000000000002602941106109225,-0.00000000000014323083282361874
1.4933333333333334,0,-2.650154434719257,-0.00000000000006938082823127643,-0.000000000000024153119788136816,-0.0000000000006320229593618737,-0.00000000000023483682874637326
1.5,0,-2.5587281857368307,-0.000000000000014152329213264985,0.000000000000005789075173662991,-0.00000000000005694015854060342,-0.00000000000007749982572994534
1.5066666666666666,0,-2.4677396898298443,0.00000000000000011016444639685966,0.000000000000006054232089169884,0.000000000000023056937582118152,-0.0000000000000567555647211823
1.5133333333333334,0,-2.376273486549886,-0.0000000000000012418999109686904,0.00000000000000029612821747025735,-0.00000000000002154335544462589,-0.0000000000000581590295098218
1.52,0,-2.2836605387073736,-0.000000000000007000579439345291,0.0000000000000011407345482988253,-0.0000000000000006585443550467525,-0.000000000000018846443929437546
1.5266666666666666,0,-2.1869760543486274,-0.000000000000006690587679267647,-0.0000000000000003669628057797788,0.00000000000008404874018215703,-0.000000000000003171265932958823
1.5333333333333334,0,-2.0847496373618224,-0.000000000000003759150206913754,-0.000000000000001675721863442024,0.00000000000009925306266774917,-0.000000000000006878463315465574
1.54,0,-1.973244940642474,0.0000000000000027689760392899544,-0.000000000000002173695736811556,-0.000000000000023870977522867633,-0.00000000000004123866057796328
1.5466666666666666,0,-1.82624717486509,0.000000000000004204305919771661,-0.0000000000000011637639809923256,-0.00000000000006055769882398884,-0.00000000000004868328027390843
1.5533333333333332,0,-1.652658757541118,0.000000000000001824221209387399,0.0000000000000009758585627757948,-0.00000000000003248742141492084,-0.00000000000003596332239903007
1.56,0,-1.4790703402171406,-0.0000000000000005558635009969424,0.000000000000003115481106543986,-0.000000000000004417144005851914,-0.000000000000023243364524151274
1.5666666666666667,0,-1.3532648674360204,-0.000000000000000012568677433329585,0.000000000000009523063378655987,0.00000000000005775350186476077,-0.00000000000004142665938690369
1.5733333333333333,0,-1.2439214811881156,0.0000000000000015378831415331656,0.000000000000017401034783134397,0.0000000000001316723399365688,-0.00000000000007025668239903744
1.58,0,-1.1600255930113663,0.0000000000000018309227376208906,0.000000000000011185409430810164,0.0000000000001156845449883865,-0.00000000000005994791522893858
1.5866666666666667,0,-1.084576550440958,0.0000000000000017478454899476778,0.0000000000000005750839684228386,0.00000000000007111949741443968,-0.000000000000036735388209157855
1.5933333333333333,0,-1.0330669394913243,0.0000000000000042231173905851734,0.000000000000002406107018209479,0.00000000000005674257569018901,0.000000000000015347045206995474
1.6,0,-0.9822054563705,0.000000000000004038996273953125,0.00000000000000361667872423853,0.000000000000023091725883427696,0.00000000000001521153139953566
1.6066666666666667,0,-0.932429785479134,-0.0000000000000006004210554332466,0.000000000000003787804773273274,-0.00000000000004284884501129336,-0.00000000000007240500570625288
1.6133333333333333,0,-0.8516762765754303,-0.000000000000003437665907891862,0.000000000000006592283351488999,0.0000000000000351350086699136,0.0000000000000220661808435941
1.62,0,-0.7780473923778771,-0.000000000000017678496976633245,0.000000000000019494701067241932,0.000000000000042508222840302126,-0.00000000000003332888437746807
1.6266666666666667,0,-0.7234569705085071,-0.00000000000009696329483537834,0.000000000000049378218150898217,-0.00000000000008154422618029712,0.000000000000009537656374495794
1.6333333333333333,0,-0.6886090033085444,-0.0000000000008156213355002557,-0.0000000000002765408308262267,-0.0000000000004583825597485244,0.0000000000006793716126632463
1.64,0,-0.6610155478770511,-0.000000000006589970434656875,-0.0000000000039558824758580946,-0.000000000002015198187905514,0.000000000004937488240943396
1.6466666666666667,0,-0.6134733714850207,-0.0000000000021157520451157757,-0.0000000000012255356016393039,-0.0000000000007436003973065172,0.0000000000016391397355964822
1.6533333333333333,0,-0.5603999149386159,0.00000000000013199513932250135,0.00000000000011601204203432194,0.00000000000011643721134868183,-0.00000000000020669793396036349
1.66,0,-0.5034174871995368,0.000000000000012478673981787126,0.000000000000003682935546619183,0.0000000000004081540706311399,-0.00000000000014992673233821378
1.6666666666666667,0,-0.44101773968502883,0.000000000000007955902283013778,0.00000000000001689291541198716,0.0000000000006399679108492102,0.00000000000042774839890040005
1.6733333333333333,0,-0.3761769102290163,0.0000000000000042863104776925266,0.000000000000007149348189992554,0.0000000000002428623296717222,0.00000000000017181135524611715
1.68,0,-0.31657607924893616,0.000000000000002151723520256204,-0.0000000000000016326364947399414,-0.00000000000003879172692741028,-0.00000000000007064057194819769
1.6866666666666668,0,-0.26856640292749867,0.000000000000002965716987210621,-0.0000000000000018738197442079168,0.0000000000000988435141023144,-0.000000000000047486979999272035
1.6933333333333334,0,-0.22492499281332984,0.000000000000004693212505615783,0.000000000000002702761468799006,0.0000000000002749920865620883,0.00000000000026531116085774414
1.7,0,-0.1823563645525882,0.0000000000000012644085124544459,0.0000000000000028211894203041265,0.00000000000010590797072144508,0.0000000000001966365547142777
1.7066666666666668,0,-0.140053782890599,-0.000000000000001743765409481234,0.0000000000000007119126292311062,-0.00000000000012281525730875154,0.00000000000002651827594948125
1.7133333333333334,0,-0.09710150596373518,0.000000000000002060291178192155,0.000000000000000026100584422597295,-0.000000000000055092991433739745,0.00000000000011900928490496148
1.72,0,-0.05184337776210136,0.00000000000000026291401284316656,0.000000000000000003633369855734945,-0.00000000000013381811127602543,-0.00000000000009811387666919629
1.7266666666666666,0,-0.002640433476283323,-0.000000000000000027755575615628914,-0.0000000000000008806824662124099,-0.00000000000008405927469144879,-0.000000000000022950001968421373
1.7333333333333334,0,0.05227306481411816,-0.00000000000000011444652506365178,-0.000000000000003574066638691536,-0.00000000000010612040318836379,0.0000000000000067642281842571796
1.74,0,0.11589963640248269,-0.0000000000000014344136286378653,-0.000000000000006023098196579049,-0.0000000000000647773181726446,-0.00000000000004489690262026425
1.7466666666666666,0,0.1758057428168453,-0.0000000000000033761959420968067,-0.000000000000004584592871867381,0.00000000000010768794704357586,0.000000000000026232339611182868
1.7533333333333334,0,0.19167466530441515,-0.0000000000000026506703974148934,0.0000000000000014749705538200308,0.00000000000011571564438630484,0.0000000000002722413126962907
1.76,0,0.18429719091022254,-0.000000000000002647573194374452,0.0000000000000013896579300764041,0.0000000000000323740660649834,0.0000000000000423849353313609
1.7666666666666666,0,0.17030275988577787,-0.000000000000002616292358817314,0.00000000000000006749690973016256,0.0000000000000037390150505293105,0.00000000000007233859817156458
1.7733333333333334,0,0.14795462306321505,-0.0000000000000043507244578799235,-0.0000000000000011598084259440757,0.00000000000006638005486230654,0.000000000000039934991048560325
1.78,0,0.11027998733782242,-0.000000000000006239631568381791,-0.0000000000000029786417560956804,0.00000000000012030755064599155,0.000000000000005543717883330249
1.7866666666666666,0,0.05924331471796858,-0.000000000000004325990084789712,-0.000000000000003975034961678741,-0.00000000000004653501722656054,0.000000000000024514551039004154
1.7933333333333332,0,0.025156211817964333,0.0000000000000025000916285072145,0.000000000000003902934753339352,-0.000000000000008622287973035968,-0.000000000000029109356452994
1.8,0,0.008999174684936648,0.00000000000000005987286232898423,0.0000000000000010141282324948934,-0.000000000000008932513748125008,-0.000000000000009726145526403944
1.8066666666666666,0,0.0003756260620229237,0.00000000000000008175193424969333,0.0000000000000011827316847023796,-0.000000000000006504467055434639,-0.0000000000000026398865279737885
1.8133333333333332,0,-0.004274669788659816,0.000000000000000011561005634818509,0.0000000000000014259115108250125,-0.000000000000004010819429675372,-0.0000000000000025964689244851783
1.82,0,-0.00668360146884968,-0.00000000000000009038380787065311,0.0000000000000009360192859536771,-0.000000000000003426062808368068,-0.000000000000002308722702719145
1.8266666666666667,0,-0.007767734230665221,0.00000000000000014282948484072143,0.0000000000000003523634975304532,-0.0000000000000014827686006589098,-0.00000000000000128597304613323
1.8333333333333333,0,-0.008045873966798225,-0.0000000000000001282290780704754,0.00000000000000003439286431056893,0.0000000000000008443707720490291,0.0000000000000003775715145632087
1.84,0,-0.007832021596480008,0.0000000000000000740828636647811,0.0000000000000006050592880534675,0.00000000000000038547255624051524,-0.00000000000000008323105578861225
1.8466666666666667,0,-0.007319591149118911,0.0000000000000001925858582895188,0.00000000000000003286508867527966,-0.00000000000000021756614098724506,-0.0000000000000007794061974964424
1.8533333333333333,0,-0.006628532398907605,0.00000000000000013566900298685796,-0.000000000000000030845361327685686,-0.00000000000000041396499224371094,-0.0000000000000009197496970939524
1.86,0,-0.005839187597798107,-0.0000000000000000653113312905902,-0.00000000000000013302751101247121,0.000000000000000044547942930249254,-0.0000000000000004804031453354093
1.8666666666666667,0,-0.00500704731847005,0.00000000000000015685509237878306,-0.0000000000000002274750692266596,-0.0000000000000003703513444909138,-0.00000000000000027219537023622924
1.8733333333333333,0,-0.0041677080065055635,0.00000000000000021693363611247373,0.00000000000000007097756393704229,-0.00000000000000024977499592087007,-0.00000000000000011019608023405514
1.88,0,-0.0033439179645845633,0.00000000000000018714190562829354,0.000000000000000026229081916853738,0.00000000000000009064481680810103,-0.00000000000000027083004477995573
1.8866666666666667,0,-0.0025523003184756755,0.00000000000000008891671911978979,0.00000000000000009736828418390544,0.00000000000000014384150843464143,-0.000000000000000018875521483469114
1.8933333333333333,0,-0.0018041155124339531,0.00000000000000005076478471999614,0.00000000000000003057206759975788,-0.0000000000000000332007629246457,-0.000000000000000026008737216900108
1.9,0,-0.0011055997165540395,-0.00000000000000000982475991747484,0.00000000000000004819135163309109,0.00000000000000010890026555660685,-0.00000000000000011894692392522563
1.9066666666666667,0,-0.00046085377487223604,-0.000000000000000011800064768345608,-0.00000000000000003290354706102646,-0.00000000000000001634376739610334,0.00000000000000003256601849613686
1.9133333333333333,0,0.00012740097465113872,-0.00000000000000004152572266293163,0.00000000000000003317502756458283,-0.000000000000000021569704076586214,0.000000000000000011759854536793257
1.92,0,0.0006583055235251849,-0.000000000000000055231442112246785,0.00000000000000005011506734926805,-0.000000000000000033392103088510193,-0.0000000000000000247643681973716
1.9266666666666667,0,0.0011323521167237456,-0.00000000000000012936483772415893,0.00000000000000005971124127353696,0.000000000000000038331557943757236,-0.00000000000000020403064570191245
1.9333333333333333,0,0.0015497028273123,-0.00000000000000009353060968166368,0.00000000000000001009938747699602,0.00000000000000013694067052809585,-0.00000000000000008372075185832044
1.94,0,0.0019117512265719647,-0.000000000000000020733456852244158,-0.000000000000000003317874187060704,0.00000000000000004887059764512712,0.000000000000000015513023308956757
1.9466666666666668,0,0.002220155471247002,-0.0000000000000000038622120147246555,0.00000000000000002860247945050574,0.000000000000000045271027211250895,0.00000000000000004725397769114343
1.9533333333333334,0,0.0024764623594246346,0.000000000000000002030189989424411,0.000000000000000017230043549676098,0.000000000000000010441357772025543,0.00000000000000002908963513877622
1.96,0,0.002457625443190334,-0.000000000000000012438451083982367,0.00000000000000001402823326795629,-0.000000000000000023699786609488133,0.000000000000000015464549728209737
1.9666666666666666,0,0.0022164872887936813,-0.0000000000000000064000752870850126,0.000000000000000003741231909671233,-0.00000000000000001735242045446688,0.00000000000000001555665994045672
1.9733333333333334,0,0.0018720907309494215,-0.000000000000000006983049481652837,0.0000000000000000058661066019145834,-0.000000000000000010297686298417033,0.0000000000000000015754446603968707
1.98,0,0.0014504402111968299,-0.000000000000000006095396136053572,-0.000000000000000002167088480135424,0.0000000000000000029877790604948665,0.0000000000000000012810898689422138
1.9866666666666666,0,0.0009806225933410707,0.000000000000000007516133123827226,-0.0000000000000000019806941560257235,0.0000000000000000027063874591561092,-0.000000000000000008735999587353521
1.9933333333333334,0,0.0004891017962117709,0.000000000000000000587612587012038,-0.0000000000000000046987701627070614,0.0000000000000000042723991634835334,0.0000000000000000006956422064725605
