# n,energy,berry,bcd_x,bcd_y,qmd_x,qmd_y
0.0000012604166666666667,0,-0.000000029020336512407637,-0.0000000000000000009372742161807729,-0.0000000000000000006965674496624092,0.000000000000000000421097590720892,0.0000000000000000005665979883847218
0.006666666666666667,0,-0.0001545161854768427,-0.0000000000000000001513691637653898,-0.0000000000000000001727045664681941,0.0000000000000000004296851283041225,0.00000000000000000011149423484009883
0.013333333333333334,0,-0.0002537724473451982,-0.0000000000000000027573841120316135,-0.000000000000000002228671059840223,0.0000000000000000008023035048111862,0.0000000000000000025473816260268126
0.02,0,-0.0002538156118725355,-0.0000000000000000021660218123618096,-0.0000000000000000033295676028063574,0.000000000000000002063868797045311,0.0000000000000000016584946917341696
0.02666666666666667,0,-0.00024285021415443875,-0.0000000000000000016586971548675262,0.00000000000000000673905887188227,0.000000000000000007188045093126934,-0.0000000000000000032950835349068992
0.03333333333333333,0,-0.0002209834915879326,-0.0000000000000000033286310395938506,0.0000000000000000004656403570548506,0.0000000000000000012094642147773488,-0.0000000000000000012613012633698262
0.04,0,-0.00018597833621426373,-0.0000000000000000007465212980328658,-0.000000000000000006999796888203682,-0.0000000000000000030679972058489084,-0.0000000000000000018180706472102685
0.04666666666666667,0,-0.00013791515710138627,0.0000000000000000008082597488054645,-0.000000000000000005391526478982505,0.0000000000000000021293905227678577,-0.000000000000000002369648948368142
0.05333333333333334,0,-0.00007604014850172024,0.000000000000000002263397438439108,0.000000000000000007103869464786214,0.000000000000000010394216010335672,-0.0000000000000000014088971852980804
0.06,0,0.000000653177198353242,0.000000000000000002167503024319908,0.000000000000000005351583982797976,0.000000000000000018156515892998576,0.000000000000000003264417205538692
0.06666666666666667,0,0.00009328326102959239,0.000000000000000007411112229479325,-0.0000000000000000067134692193624056,0.000000000000000010798892973643474,0.000000000000000003054131261494109
0.07333333333333333,0,0.00020303625718355166,-0.0000000000000000036772213162465774,0.000000000000000003947464123758256,0.000000000000000021990993649601553,-0.00000000000000001673871570798107
0.08,0,0.00033100148041007173,-0.0000000000000000033065313142021187,0.000000000000000010729269877114234,-0.000000000000000014932239190611474,-0.000000000000000012733617336819066
0.08666666666666667,0,0.0004800765485733294,-0.000000000000000034224236458915506,-0.00000000000000009678969476660884,-0.0000000000000000964909395235869,-0.000000000000000015694804412896114
0.09333333333333334,0,0.0006505514452282525,-0.000000000000000013877589410199728,-0.000000000000000014934959325093347,-0.000000000000000026780091256814054,-0.000000000000000034506246921163484
0.1,0,0.0008433473646143707,0.000000000000000009538053022890537,-0.000000000000000013877787807814457,-0.000000000000000020608089152204618,0.000000000000000010187909103882074
0.10666666666666667,0,0.0010599259244933957,0.000000000000000041788154703146227,-0.000000000000000004388295796131421,-0.000000000000000009286183276002573,0.00000000000000004957837028314268
0.11333333333333333,0,0.0013016353397669828,-0.00000000000000001970693081614127,-0.0000000000000000067948150969790474,-0.0000000000000000017085273292625925,0.000000000000000016989552636439302
0.12,0,0.0015698976530682204,-0.000000000000000011997666632438884,0.000000000000000005211977596716859,0.00000000000000002485156416133716,0.000000000000000012210468241952687
0.12666666666666668,0,0.001866117612730518,-0.00000000000000014314975373100732,-0.00000000000000004704469929533591,0.00000000000000005859575945885136,0.0000000000000000650983469107642
0.13333333333333333,0,0.0021914061992588238,-0.0000000000000001278302464599479,-0.0000000000000000696233180982286,0.000000000000000009822233988860016,0.00000000000000004793925474612975
0.14,0,0.00254660060929402,-0.000000000000000024049053682732852,-0.000000000000000026627571078560545,0.0000000000000000210331348517938,-0.000000000000000017012942529008358
0.14666666666666667,0,0.002933007873921116,0.000000000000000013223646458420711,0.00000000000000008336437741882387,-0.000000000000000042655300876420024,-0.00000000000000004434757939295549
0.15333333333333332,0,0.0033500596515338554,-0.0000000000000000052680466965659595,-0.000000000000000014991486755403018,0.000000000000000019702683978174703,-0.00000000000000012997177483553926
0.16,0,0.003797547747635024,0.000000000000000024641708006157882,0.00000000000000008687004558219316,-0.0000000000000000643841449006012,-0.0000000000000000024732522387744303
0.16666666666666666,0,0.004272805517259788,-0.00000000000000007520705962247213,-0.0000000000000000589621965043471,-0.00000000000000003969654568437458,-0.0000000000000002397117952509937
0.17333333333333334,0,0.004772960800530621,0.00000000000000008484926046235603,0.000000000000000016208833331533334,0.00000000000000006958962768294703,0.000000000000000018060333738200988
0.18,0,0.005291557703535684,0.00000000000000010627743041615935,0.000000000000000022170546055045155,0.000000000000000044558725900177935,-0.000000000000000050842223300209086
0.18666666666666668,0,0.005816401451552466,0.000000000000000008464137320565342,0.000000000000000023319087883464214,-0.00000000000000007165717649691703,0.00000000000000007577975228140582
0.19333333333333333,0,0.006330550425708268,-0.00000000000000006843510526399691,-0.00000000000000004241894330351353,-0.00000000000000024992651910068135,0.0000000000000002640895190051847
0.2,0,0.006805438470097007,-0.00000000000000009633708510246454,-0.00000000000000016059759642350204,-0.0000000000000002933101926423878,-0.000000000000000045383720384175636
0.20666666666666667,0,0.007193069649410924,-0.0000000000000003971464683224569,0.00000000000000024696624724263554,-0.0000000000000003287090215990541,0.000000000000000019399715062709346
0.21333333333333335,0,0.0074168867366939915,-0.000000000000003581577130180153,-0.0000000000000010317020162944468,-0.0000000000000006564141284414049,-0.00000000000000028459196597258256
0.22,0,0.007338953479547938,-0.000000000000003927301315035988,0.00000000000000652623242530216,-0.0000000000000009270860233457506,-0.0000000000000009108180608983838
0.22666666666666666,0,0.006720802038507972,-0.0000000000000015112493618179353,0.000000000000006706608251814021,-0.0000000000000020713551108305205,-0.000000000000001004477885706024
0.23333333333333334,0,0.005100543920843897,-0.0000000000000004052540913888685,-0.0000000000000010659332124937536,-0.00000000000000004693451059030514,0.0000000000000006696552206342203
0.24,0,0.00152159919806946,-0.0000000000000007209749094297653,-0.0000000000000024206455461831648,0.0000000000000016287732806698463,0.0000000000000015616295050106358
0.24666666666666667,0,-0.006252166987309456,-0.0000000000000018641762080490308,-0.0000000000000047984951025941425,0.0000000000000012911837320713933,0.0000000000000045080400679586975
0.25333333333333335,0,-0.024740407234878806,-0.0000000000000037293440578004594,-0.000000000000005157111311117328,0.000000000000012588502865969577,0.00000000000003360256594720186
0.26,0,-0.08232851731879448,0.0000000000000010255144906556495,-0.000000000000003273110754181889,-0.00000000000014871783053259806,0.00000000000010192001471417029
0.26666666666666666,0,-0.13472816961244743,0.00000000000000037747341592318575,-0.0000000000000040471117541799595,-0.00000000000006248593016572959,0.00000000000012551212513870457
0.2733333333333333,0,-0.16995950064152618,-0.000000000000001661133010851507,-0.000000000000002623113052564217,0.0000000000000139518193913906,0.00000000000035844265907001583
0.28,0,-0.18942753562526915,0.0000000000000012121898721103004,-0.0000000000000016498154620533944,0.00000000000021163464134462694,0.00000000000011113397039511029
0.2866666666666667,0,-0.14804611289182182,0.0000000000000041551216513284994,0.000000000000007162756945615974,-0.000000000000015592924381719307,0.00000000000003394542334930224
0.29333333333333333,0,-0.06039093295535874,0.000000000000006497357434704397,0.000000000000009682381490196799,-0.0000000000005441648004549856,-0.00000000000034302213736673805
0.3,0,0.03715683148972906,0.000000000000007984593735915189,0.0000000000000025283564020490723,-0.000000000000710017824876055,-0.0000000000006674704435581601
0.30666666666666664,0,0.11831133778548272,0.000000000000006324651504735031,-0.000000000000007623069719020903,-0.000000000000023938198226011937,-0.0000000000002137274480938427
0.31333333333333335,0,0.18208153275755265,0.00000000000000018925401006276124,0.000000000000002362623653949606,0.00000000000013889016489875226,0.0000000000002312002695788268
0.32,0,0.23115972694848458,0.00000000000000017929552106851505,-0.000000000000006845551235343063,0.00000000000009046801506634761,0.00000000000042312506609759893
0.32666666666666666,0,0.2161349344012688,0.0000000000000007104023621096581,-0.000000000000003984816659735088,0.00000000000011209854822875053,0.00000000000010175714482761275
0.3333333333333333,0,0.19840227707723623,-0.00000000000000836935217273878,-0.000000000000001888119791099168,-0.0000000000006322480969630123,0.00000000000020695422203023748
0.34,0,0.18823909643346864,-0.000000000000004641039943188724,-0.0000000000000027914148569984245,-0.00000000000028834129865506996,0.00000000000024868995751603507
0.3466666666666667,0,0.18436154968049637,0.0000000000000011918719571370059,-0.0000000000000034375779653861996,0.0000000000003274211195522982,-0.00000000000004010848045157936
0.35333333333333333,0,0.18486461021318418,0.0000000000000007714882418642248,-0.0000000000000025998849067910837,0.0000000000005056629074945576,-0.0000000000004673155385040525
0.36,0,0.18896717598017004,-0.000000000000007201193578637318,-0.0000000000000031252586408866336,-0.000000000000037866009659634583,-0.00000000000003748399687701276
0.36666666666666664,0,0.19642523247078073,-0.0000000000000005707676761429956,0.000000000000004453775882225237,-0.00000000000019235840186389428,0
0.37333333333333335,0,0.2063382395222732,-0.00000000000000029947158092056145,-0.0000000000000007397682652525161,-0.00000000000014796450193070403,-0.00000000000010808077745871544
0.38,0,0.21869533298485208,-0.0000000000000038769628071933134,-0.000000000000008744485846334712,0.00000000000002056360125492548,-0.0000000000002299650909865094
0.38666666666666666,0,0.23376033124529752,-0.000000000000004720185136882057,-0.0000000000000021940879925331275,0.00000000000024169351561622727,-0.00000000000021417009710355925
0.3933333333333333,0,0.2531259404077752,-0.000000000000009641750293185273,-0.000000000000003993277290010363,-0.0000000000001644195281134996,0.0000000000001925619228457561
0.4,0,0.2612489677554366,-0.000000000000008488788041514008,-0.000000000000003592311455046453,-0.00000000000017374764512529942,0.00000000000038949705116006494
0.4066666666666667,0,0.260427475192735,-0.0000000000000032060776403031287,0.0000000000000004103063505588279,0.00000000000014581709326662013,0.0000000000003243314476950196
0.41333333333333333,0,0.2602761178372112,-0.000000000000001676809379277591,0.000000000000010438777062283988,0.00000000000038924523081653136,-0.00000000000006214209027081884
0.42,0,0.26345081598125825,-0.000000000000003609945054135247,0.000000000000021348969908680017,0.0000000000004926796615745439,-0.00000000000006324625222784652
0.4266666666666667,0,0.26962996777210707,0.0000000000000009265081315176253,0.00000000000002927403827522899,0.0000000000004827922525973583,-0.0000000000001210033985691404
0.43333333333333335,0,0.2805177232163472,0.00000000000002274377966972831,0.000000000000029706777545408377,0.000000000000305080658977024,-0.0000000000005687442967814113
0.44,0,0.302883461888054,0.00000000000003259019059482029,-0.000000000000022165296595053227,-0.0000000000004214034292718753,-0.0000000000016597460928424276
0.44666666666666666,0,0.3359485681048902,0.00000000015938039068297625,0.00000000019903417035247823,-0.000000013643456662980088,-0.000000006819204600705946
0.4533333333333333,0,0.413061889707171,0.000000001303504570614302,0.0000000016287358132541391,-0.00000011159874021405616,-0.00000005576311347602145
0.46,0,0.48992185551212797,0.000000001520817300338325,0.0000000019003224780566713,-0.00000013020293041106125,-0.00000006505787245392366
0.4666666666666667,0,0.5664320118552555,0.0000000004584773912139103,0.000000000572894707417161,-0.00000003924671759045845,-0.000000019608876072552224
0.47333333333333333,0,0.6420304385515074,0.00000000000006533587736653381,0.00000000000008481616353760972,-0.00000000000010495169046721895,0.0000000000015460452373040936
0.48,0,0.7169368752605029,0.00000000000002603312004043331,0.000000000000019288909884270236,-0.0000000000003520519731234634,0.0000000000008534683887323663
0.4866666666666667,0,0.8264202479595266,0.0000000000000043559238192199855,-0.000000000000009957084630004893,-0.0000000000004766197399134793,0.0000000000004938785648299195
0.49333333333333335,0,0.9669515780091823,-0.0000000000000014946048909288074,-0.0000000000000066247446527033155,-0.0000000000004911608598144316,0.00000000000043329056524261803
0.5,0,1.107482908058838,-0.000000000000007345133601077597,-0.0000000000000032924046754017396,-0.000000000000505701979715384,0.00000000000037270256565531663
0.5066666666666667,0,1.2068743996710707,-0.000000000000006699545153268816,-0.0000000000000025854113104484,-0.0000000000002986032899432369,0.0000000000002954462673036285
0.5133333333333333,0,1.278266049140206,-0.0000000000000016326886141297061,-0.000000000000003665233195838702,0.00000000000005934382119332281,0.00000000000020684549722032165
0.52,0,1.3306135595680508,-0.0000000000000008403293975183561,-0.0000000000000028989606194722145,0.00000000000005736705105860269,0.00000000000021404938116149519
0.5266666666666666,0,1.3697338444258038,-0.0000000000000030168489609471832,-0.0000000000000008504716185980245,-0.00000000000019459709604892267,0.000000000000287794985192966
0.5333333333333333,0,1.3936195267402696,-0.000000000000007304311909808644,-0.000000000000004295010652014389,-0.0000000000002888948257874106,0.00000000000045176381374701634
0.54,0,1.4152443437784132,-0.000000000000010009574544926462,-0.0000000000000004977839404402562,0.000000000000053025556943810196,0.0000000000007275286340093601
0.5466666666666666,0,1.437893773264383,-0.000000000000006221890142549872,0.000000000000030664528642748963,0.000000000001767538118426857,0.000000000001326946907432739
0.5533333333333333,0,1.4555914029945405,-0.000000000000007432512154615961,0.00000000000002006511100917977,0.0000000000015653529390297519,0.0000000000012267710399883384
0.56,0,1.4700121447912036,-0.00000000000001161645468480869,-0.000000000000015494359800702408,0.00000000000019195581466272167,0.0000000000007011476322721938
0.5666666666666667,0,1.4730590061649642,-0.000000000000009387327229021584,-0.000000000000003756610541323424,-0.00000000000038315906893035185,0.0000000000005763164947481159
0.5733333333333334,0,1.4707943167083732,-0.000000000000012218031191071396,0.0000000000000027111330212361326,-0.00000000000027972008088480197,0.0000000000004932028652843699
0.58,0,1.4613308551056727,-0.000000000000021906350685405217,0.0000000000000020364107707378845,0.0000000000007433664577168496,0.0000000000004666291889570543
0.5866666666666667,0,1.4398839723328014,-0.00000000000001880731710754032,-0.0000000000000020490132576308645,0.0000000000006762233836589591,0.00000000000020547672393805153
0.5933333333333334,0,1.412402545400551,-0.000000000000013724711533193916,-0.000000000000006883535910437037,0.00000000000038637472943185954,-0.000000000000008250505939614092
0.6,0,1.3697498350721102,-0.000000000000012285151268715868,-0.00000000000001172569316368138,0.0000000000001686085221508166,0.000000000000217891324698392
0.6066666666666667,0,1.3141010576472674,-0.00000000000000975638223725003,-0.000000000000007707416153374532,0.000000000000051115619760482903,0.00000000000017453134418153146
0.6133333333333333,0,1.2447495287726298,-0.00000000000000607917676726317,0.000000000000005653097054244393,0.00000000000003934856225652495,-0.0000000000001529850896786316
0.62,0,1.1428992724880178,-0.000000000000007883719491183717,0.000000000000007064667566956072,0.000000000000016106737127753017,-0.0000000000002547785927500243
0.6266666666666667,0,1.0254188606581887,-0.00000000000001232469089274512,0.0000000000000027294335797175586,-0.00000000000001265383956807322,-0.00000000000024801139823335933
0.6333333333333333,0,0.8673972669203958,-0.00000000000001425842253308762,-0.000000000000001109669931495766,-0.000000000000013452719459055555,-0.00000000000018577260711598521
0.64,0,0.6794449217397638,-0.000000000000014341108728553954,-0.000000000000004582490141081826,0.000000000000006391967452864779,-0.00000000000008258023517399947
0.6466666666666666,0,0.4914925765591349,-0.00000000000001442379492402029,-0.000000000000008055310350667827,0.00000000000002623665436478479,0.00000000000002061213676798456
0.6533333333333333,0,0.45295718856301154,-0.000000000000017476329823405594,-0.0000000000000002336649348350727,0.00000000000031000519251635075,-0.000000000000014603295897493447
0.66,0,0.4467685165563423,-0.000000000000014635191846507827,0.000000000000014880393429522457,0.00000000000039044705557450064,-0.00000000000007509739042083978
0.6666666666666666,0,0.4628991960655185,-0.0000000000000040141046730979635,0.000000000000037638569828253915,0.00000000000012296042577711479,-0.00000000000013543993182644536
0.6733333333333333,0,0.5163464986898073,-0.000000000000046159338641983456,0.00000000000002036593295575986,0.0000000000001906691623172915,0.00000000000018375839757724479
0.68,0,0.6130124988113872,-0.000000000000044816357319049604,0.000000000000034365642674592635,-0.00000000000002135609669828601,0.000000000000051703584915454686
0.6866666666666666,0,0.7801855415478814,-0.00000000000002924648719432033,0.000000000000055195483926790395,0.00000000000017755141306164366,0.0000000000000871040319283057
0.6933333333333334,0,0.9223909380553746,-0.0000000000000031473532398108323,0.00000000000005660475108936975,0.00000000000035424806648645007,0.00000000000007814869168686638
0.7,0,0.7954806110910729,0.000000000000026686998175910058,0.0000000000000422628291299393,-0.00000000000008430319328823203,-0.00000000000035515109698682593
0.7066666666666667,0,0.32057234432167075,0.00000000000002527337299080165,0.00000000000006551181320761766,0.00000000000021458903824153387,-0.00000000000017539012426474283
0.7133333333333334,0,-0.31695970585766964,0.00000000000003544855347065667,0.00000000000007123628165965265,0.00000000000019517817611292904,-0.000000000000017648561107803816
0.72,0,-1.1465631257870987,-0.000000000000018983329427986824,0.00000000000002328263621333066,0.00000000000005469711254665309,0.000000000000026650528886847434
0.7266666666666667,0,-1.7373974412576165,-0.00000000000003431076990419501,-0.00000000000009026290983576732,-0.0000000000004725936251372127,0.00000000000005313746273332709
0.7333333333333333,0,-1.739146147465971,-0.000000000000004640679450245642,-0.000000000000042232989442115976,-0.0000000000000237137302937432,0.00000000000008338223652778778
0.74,0,-1.5133811232284429,-0.000000000000004044779769551433,-0.00000000000003058188131701121,-0.00000000000002924530526832471,0.000000000000021176659849236715
0.7466666666666667,0,-1.1411916855134916,-0.00000000000000493423724139754,-0.0000000000000306387496049626,-0.000000000000005106108788358262,-0.000000000000003177792462697332
0.7533333333333333,0,-0.7169963939480912,-0.000000000000007141164660319632,-0.00000000000002099990049660097,0.00000000000001115543090886386,-0.000000000000003263102525414287
0.76,0,-0.4756432062379293,-0.000000000000007811850982043014,0.000000000000021679791663319232,0.000000000000002449288719405196,0.000000000000019336326499057723
0.7666666666666667,0,-0.38649580991611293,-0.000000000000004154611277323852,0.000000000000006848794020848109,0.000000000000007886250469359836,0.000000000000003647304097614843
0.7733333333333333,0,-0.34484365775329723,-0.000000000000004369202020109566,0.000000000000002220446049250313,0.000000000000010779175120383888,0.000000000000006721246023953397
0.78,0,-0.3241434996898364,-0.000000000000005693233183502247,0.000000000000003212470827278966,0.000000000000007800527603093917,0.000000000000003954622737786197
0.7866666666666666,0,-0.31405621842975073,-0.0000000000000048213681691801424,0.0000000000000067661572820247535,0.000000000000004084421300553036,0.0000000000000027147453154007546
0.7933333333333333,0,-0.310025447899843,-0.00000000000000022550579656470547,-0.0000000000000005286085479751731,0.000000000000003007301785843643,0.00000000000000043410115785770285
0.8,0,-0.3094046917731643,0.0000000000000020741159807210305,0.0000000000000029417682611715014,0.000000000000003090010456299115,0.00000000000000039980939049912166
0.8066666666666666,0,-0.3107029448694324,-0.0000000000000022912582120219105,0.0000000000000010700346955512212,0.0000000000000016220312036814157,-0.0000000000000011360537053261902
0.8133333333333334,0,-0.31322705851901805,0.0000000000000014506655425859677,-0.0000000000000004856317870816376,0.00000000000000041651520661817044,-0.0000000000000009396386208772777
0.82,0,-0.3165275769227662,-0.0000000000000049523316147612065,0.0000000000000003673233176678365,-0.0000000000000005161137848524315,-0.000000000000002713460749044675
0.8266666666666667,0,-0.32032808788795614,-0.000000000000021226349639555684,-0.000000000000011329684341502235,-0.000000000000003972150649811808,-0.00000000000002295380769015842
0.8333333333333334,0,-0.32438499258541226,0.0000000000000015922540685107938,0.0000000000000004021373010125047,-0.0000000000000010241867513834033,0.0000000000000002982768742437765
0.84,0,-0.3285796977856695,0.0000000000000010051846346370877,-0.0000000000000015524924898891617,-0.000000000000001059179332046631,0.00000000000000024711151506777963
0.8466666666666667,0,-0.33279679337033957,0.0000000000000014608588837930018,0.000000000000002922885288596643,0.00000000000000036257937818120573,0.0000000000000018094976071862045
0.8533333333333334,0,-0.3369994382958614,-0.00000000000000006762748552199689,0.000000000000001866558500144956,0.0000000000000013713261328015258,0.000000000000005275312900474391
0.86,0,-0.3411103071618005,0.0000000000000004434140803295735,0.0000000000000002227197344455204,0.0000000000000010790389275510873,0.0000000000000014346393175826106
0.8666666666666667,0,-0.34511038266438626,0.0000000000000014556147841368832,0.0000000000000013123191941982358,0.000000000000002516227901987516,0.000000000000002279768992095457
0.8733333333333333,0,-0.3489731868423744,-0.00000000000000038919394735868927,0.0000000000000011657721567459843,0.0000000000000035746983704197495,0.000000000000003555329157318319
0.88,0,-0.35266105010451665,-0.0000000000000006050494324241886,-0.0000000000000005623339648859773,0.0000000000000014263680352571733,0.0000000000000006128911328997708
0.8866666666666667,0,-0.356147261582962,0.000000000000000219453974054064,0.0000000000000018346261610020106,0.0000000000000020042961131025585,0.000000000000003575942858564804
0.8933333333333333,0,-0.3594326510719525,0.000000000000004083239576354378,0.00000000000000474603563968439,0.0000000000000026884589801984676,0.000000000000003758796778070795
0.9,0,-0.36248393007697527,0.0000000000000016480314469832506,-0.0000000000000016172263231090917,0.000000000000002830847779550439,0.0000000000000022774819746108357
0.9066666666666666,0,-0.3652968285539848,-0.0000000000000009473967621320281,0.000000000000006046384662364226,0.000000000000008523931261451698,0.0000000000000003953325415859564
0.9133333333333333,0,-0.36783291993603645,-0.0000000000000011861005361389877,-0.0000000000000001601728955803747,-0.0000000000000014288978155950607,-0.0000000000000007288410242151732
0.92,0,-0.3701262680654986,-0.000000000000001883362158086322,-0.0000000000000019800713852498827,-0.0000000000000004967350040530775,-0.0000000000000003204812722108938
0.9266666666666666,0,-0.3721659560856109,0.0000000000000009751002324368258,0.0000000000000032052649519200013,0.0000000000000004681896995758776,0.0000000000000007757094676463219
0.9333333333333333,0,-0.3739449765182053,0.0000000000000017087363829417354,0.000000000000005913225435137105,0.0000000000000011398004887738327,0.000000000000001872376785978468
0.94,0,-0.3755382627941784,0.0000000000000007264305947559589,0.000000000000005773581893529999,-0.0000000000000019537753165236505,-0.0000000000000004030155125758776
0.9466666666666667,0,-0.37705164259872437,-0.000000000000000031975757679123346,0.00000000000000004707078710426896,0.0000000000000010887891043250716,0.000000000000000664732832607061
0.9533333333333334,0,-0.3787452943698423,-0.0000000000000007581097375879479,0.0000000000000021857316336272107,0.0000000000000024794278651894052,-0.00000000000000016119408463872697
0.96,0,-0.3811551626324492,-0.0000000000000009857254134892998,0.00000000000000039344926321633806,0.0000000000000008821689099833332,-0.000000000000001132743323333313
0.9666666666666667,0,-0.38543809038073146,-0.0000000000000004716701944278384,-0.00000000000000010668506350709086,0.0000000000000009170619528140735,-0.0000000000000023494214919192887
0.9733333333333334,0,-0.3945928689230444,0.0000000000000023989274170695586,-0.0000000000000006199746871390204,0.000000000000000536948800708252,-0.00000000000000006795779040433946
0.98,0,-0.415822587721707,0.000000000000001973956016504536,-0.000000000000001308331595179603,-0.00000000000000005640236236124869,-0.0000000000000002518372995257224
0.9866666666666667,0,-0.4473444406745081,0.0000000000000013926481368744096,-0.0000000000000003200169347041098,0.00000000000000009867838026541492,0.00000000000000010142958489936963
0.9933333333333333,0,-0.3097019154787144,-0.0000000000000003479140306519274,-0.0000000000000002151177263233474,0.0000000000000005400160475329447,-0.00000000000000038503183881287846
1,0,-0.000000000000026909030559352232,0,0,0,0
1.0066666666666666,0,0.309701915478654,0.0000000000000003553375922841273,0.00000000000000012265432794138478,-0.0000000000000005400160475329019,0.0000000000000003129004544143045
1.0133333333333334,0,0.4473444406744543,-0.000000000000000773065808942373,-0.00000000000000018304068149750174,-0.0000000000000004728673625395006,0.0000000000000002967411912825812
1.02,0,0.41582258772165315,-0.0000000000000010226273630830651,-0.000000000000000026991485440387763,-0.0000000000000004852134072311357,0.00000000000000029869058136657084
1.0266666666666666,0,0.3945928689229906,-0.000000000000000629825435781821,-0.000000000000000006223319586538906,-0.00000000000000015070874798824213,-0.00000000000000030038595745052375
1.0333333333333334,0,0.3854380903806775,0.0000000000000010726650136002608,0.00000000000000043140313011775967,-0.00000000000000036643872555311616,0.0000000000000007418540212094134
1.04,0,0.38115516263239535,0.000000000000000961718100081749,0.0000000000000012565281525790946,-0.0000000000000007561535586884641,0.000000000000000762163068405253
1.0466666666666666,0,0.3787452943697884,0.0000000000000011666620211907512,-0.000000000000002588358257266997,-0.0000000000000017752012911149554,0.0000000000000013253002727774108
1.0533333333333332,0,0.3770516425986705,-0.0000000000000003119832326294433,0.00000000000000017654992275982553,-0.0000000000000008446100880159186,-0.0000000000000008656937627740223
1.06,0,0.37553826279412456,-0.0000000000000011828727437438302,-0.000000000000007113802207912812,0.000000000000001505825376590601,0.0000000000000006250601175009089
1.0666666666666667,0,0.37394497651815145,-0.0000000000000008603160321795161,-0.000000000000004591620585485654,-0.0000000000000010879331146086691,-0.0000000000000007437212522128786
1.0733333333333333,0,0.372165956085557,-0.00000000000000078775971250926365,-0.000000000000001817847833536487,-0.0000000000000006179328353234803,0.0000000000000004762231961511383
1.08,0,0.3701262680654446,0.0000000000000015857763224169952,0.0000000000000007322221092949099,0.0000000000000013608663604637712,-0.000000000000000018316349233096088
1.0866666666666667,0,0.3678329199359826,0.0000000000000006597732566616996,-0.0000000000000006021733551918544,0.0000000000000008169904661088456,0.0000000000000008000289778064607
1.0933333333333333,0,0.365296828553931,0.0000000000000014850882702946815,-0.000000000000005805294483898528,-0.000000000000010347317276217825,-0.00000000000000017328793666092502
1.1,0,0.36248393007692137,-0.0000000000000020219140974187523,0.00000000000000030379199728698605,-0.000000000000003816988334280758,-0.0000000000000019940480551812117
1.1066666666666667,0,0.35943265107189865,-0.000000000000003557021099006196,-0.000000000000004068098486256131,-0.0000000000000039990778073484846,-0.000000000000003919307353842666
1.1133333333333333,0,0.35614726158290805,0.000000000000000454335526806752,-0.0000000000000012337769043686248,-0.000000000000002085627074968809,-0.0000000000000033819303671093723
1.12,0,0.35266105010446275,0.00000000000000019284201125229206,-0.0000000000000009234692312682842,-0.0000000000000017499440207153563,-0.0000000000000018271225296668233
1.1266666666666667,0,0.3489731868423205,0.0000000000000005699226284526234,-0.000000000000000222082585814589,-0.000000000000003605704303737846,-0.0000000000000029537467259181238
1.1333333333333333,0,0.3451103826643324,-0.0000000000000008417026921898216,-0.000000000000001180826093173057,-0.0000000000000029077565828346426,-0.000000000000002492100560949879
1.14,0,0.34111030716174673,0.00000000000000029441367254433607,-0.0000000000000004144241541971279,-0.0000000000000007235544460436575,-0.0000000000000016463454842763925
1.1466666666666667,0,0.3369994382958074,-0.0000000000000000017218534562055614,-0.0000000000000014502090258861935,-0.000000000000003211914270884363,-0.000000000000004126923979374679
1.1533333333333333,0,0.3327967933702857,-0.0000000000000013244216613982067,-0.0000000000000032869869350213367,-0.0000000000000004517606112166548,-0.0000000000000009720289070523316
1.16,0,0.32857969778561574,-0.0000000000000017831222263088106,0.00000000000000038198756461556537,0.0000000000000007454112666389729,0.00000000000000015838001082243711
1.1666666666666667,0,0.32438499258535813,-0.0000000000000022395443844339332,-0.0000000000000014571040107376749,0.0000000000000009607023330062254,0.00000000000000039838206254198692
1.1733333333333333,0,0.32032808788790224,0.00000000000002183697230309987,0.000000000000010986581442159803,0.000000000000003998632151715708,0.00000000000002403034251165817
1.18,0,0.3165275769227123,0.000000000000005562954278304399,0.0000000000000005048433574667877,0.0000000000000008111527988976521,0.000000000000003712131516459913
1.1866666666666668,0,0.31322705851896426,-0.000000000000001687041866278109,0.0000000000000009208928072885537,-0.0000000000000011275021697410212,0.0000000000000006392861010781777
1.1933333333333334,0,0.31070294486937855,0.0000000000000005818964614894969,0.0000000000000005952998413864831,-0.0000000000000010202573341569085,0.0000000000000015954548320250438
1.2,0,0.3094046917731105,-0.000000000000002952031330796357,-0.0000000000000027518038814616425,-0.000000000000002783892239314322,0.0000000000000005210947625864817
1.2066666666666668,0,0.3100254478997892,0.000000000000001195896093297035,-0.0000000000000025423711740988977,-0.000000000000004128666593007745,-0.0000000000000004757839616470393
1.2133333333333334,0,0.3140562184296967,0.000000000000004392881553036808,-0.000000000000004196440349508411,-0.0000000000000028480717530050633,-0.0000000000000018449703824157437
1.22,0,0.32414349968978257,0.000000000000004644501263553341,0.00000000000000027875174684528723,-0.00000000000000498491921786279,-0.00000000000000288932205097923
1.2266666666666666,0,0.34484365775324377,0.000000000000004406671501408176,-0.0000000000000009399859166772152,-0.000000000000010287783373217028,-0.000000000000005894361621889634
1.2333333333333334,0,0.3864958099160605,0.0000000000000019539302176897867,-0.000000000000009059357575290788,-0.00000000000001045804827742261,-0.0000000000000027846165151367886
1.24,0,0.475643206237875,0.000000000000005206900920316299,-0.000000000000019659095628150028,-0.00000000000000879318113081071,-0.000000000000017514530960842873
1.2466666666666666,0,0.7169963939480326,0.000000000000005728925945341269,0.000000000000021452486186440863,-0.000000000000022777473210397748,0.0000000000000004705194496458422
1.2533333333333334,0,1.1411916855134492,0.000000000000007032853489162364,0.00000000000003173600363075938,0.000000000000021471254527543508,0.00000000000002854956516884481
1.26,0,1.513381123228392,-0.00000000000000014393064270273117,0.0000000000000378583020782012,0.000000000000017248119985834355,-0.00000000000004365915254280575
1.2666666666666666,0,1.7391461474659193,0.0000000000000049522809947660245,0.000000000000028397868396598226,0.000000000000018065361129121016,-0.00000000000009540207162194624
1.2733333333333334,0,1.7373974412575615,0.000000000000042263158341637275,0.00000000000006902751218791708,0.00000000000032889606919937157,-0.000000000000042803634524114654
1.28,0,1.1465631257870355,0.000000000000022077643190307267,-0.00000000000001940869251193478,-0.00000000000011362106762879514,-0.00000000000004493689537716306
1.2866666666666666,0,0.31695970585761224,-0.000000000000009971672409985786,-0.00000000000010101316340090004,-0.00000000000011015498019584587,0.000000000000052272622223944367
1.2933333333333332,0,-0.32057234432171566,-0.000000000000017527472028343617,-0.00000000000007741091891046226,-0.00000000000016396436326634289,0.00000000000013656578272934422
1.3,0,-0.7954806110911326,-0.00000000000003518685724510613,-0.000000000000042673347560453203,0.00000000000011105194981910526,0.0000000000003973326599224804
1.3066666666666666,0,-0.9223909380554286,-0.00000000000001971796351959663,-0.00000000000007209410254255685,-0.00000000000004833816238671763,-0.000000000000312028336043434
1.3133333333333332,0,-0.7801855415479315,0.0000000000000029346066591581832,-0.00000000000006816364222744651,0.00000000000023262513170305335,-0.0000000000004050589414304231
1.32,0,-0.6130124988114376,0.000000000000027643587222989692,-0.0000000000000348278046016925,0.00000000000014547936263990963,-0.00000000000013769568142713837
1.3266666666666667,0,-0.5163464986898615,0.00000000000003920703267048757,-0.000000000000008881784197001252,-0.0000000000004237925272136871,-0.00000000000005146246997776173
1.3333333333333333,0,-0.4628991960655713,-0.000000000000008465445097597083,-0.000000000000008881784197001252,-0.00000000000014052128250477828,0.00000000000003282799796001113
1.34,0,-0.4467685165563951,-0.0000000000000041641875672303756,-0.000000000000013292026097625277,-0.00000000000018941358538096287,0.000000000000027966722101220967
1.3466666666666667,0,-0.45295718856306544,0.00000000000002289706654100112,-0.000000000000004511891466220813,-0.0000000000000940126161855827,0.000000000000052144343779392656
1.3533333333333333,0,-0.49149257655918266,0.00000000000005765622261187618,0.00000000000001173953797372365,0.00000000000007938168920908504,0.00000000000009863438017025293
1.36,0,-0.679444921739819,0.00000000000004285539362340192,0.000000000000017527571656367214,0.00000000000005821402316970286,0.00000000000015552248265109254
1.3666666666666667,0,-0.867397266920449,0.000000000000028054564634928157,0.000000000000023315605339010583,0.000000000000037046357130321396,0.00000000000021241058513193022
1.3733333333333333,0,-1.0254188606582426,0.00000000000002147099771829909,0.000000000000026735169915882657,-0.00000000000003189555357186077,0.00000000000024370016663917216
1.38,0,-1.1428992724880698,0.000000000000026017706534183304,0.000000000000026946644744528433,-0.00000000000016554764527599221,0.00000000000024031656938083974
1.3866666666666667,0,-1.2447495287726835,0.00000000000002968494097463534,0.0000000000000196854299555965,-0.00000000000021121208774090384,0.00000000000009600216989964374
1.3933333333333333,0,-1.3141010576473202,0.00000000000003152354370962875,-0.000000000000003113243958321817,-0.00000000000007392975019472899,-0.0000000000003413401339974561
1.4,0,-1.3697498350721629,0.00000000000002795193817915964,-0.0000000000000063523708901237046,-0.00000000000011887053064760348,-0.00000000000032424514058460384
1.4066666666666667,0,-1.4124025454006057,0.0000000000000192491420348147,0.000000000000008959315559325285,-0.00000000000033663673792865576,0.00000000000012385070901294604
1.4133333333333333,0,-1.439883972332855,0.000000000000027898796602961837,-0.0000000000000005825216905791355,-0.0000000000005112843053246257,-0.000000000000013710833815094677
1.42,0,-1.4613308551057262,0.00000000000003497008252975157,-0.000000000000011518748537044492,-0.0000000000005399207169516283,-0.0000000000002543808141049493
1.4266666666666667,0,-1.470794316708427,0.000000000000017046691465233035,-0.0000000000000033355786784370905,0.00000000000005355805435845283,-0.0000000000003651044654687704
1.4333333333333333,0,-1.4730590061650177,0.000000000000013325077505501924,-0.0000000000000006729301773116378,0.00000000000017469806315253445,-0.0000000000004121147867408581
1.44,0,-1.470012144791257,0.00000000000002008212010585652,-0.0000000000000020835498954269017,-0.000000000000052672937337748044,-0.0000000000004121147867408581
1.4466666666666668,0,-1.455591402994594,0.0000000000000055554402602928734,-0.00000000000003655541350155922,-0.0000000000013957055488345942,-0.000000000001075004180082928
1.4533333333333334,0,-1.4378937732644368,0.0000000000000029967472473807965,-0.000000000000043791375305972343,-0.0000000000016291308035024055,-0.0000000000012242461587931296
1.46,0,-1.4152443437784672,0.00000000000002042009549831311,-0.000000000000006017831765907623,-0.00000000000003582414289540925,-0.0000000000005234556773643263
1.4666666666666666,0,-1.393619526740324,0.000000000000024793011190586152,0.000000000000004610231260073264,0.0000000000002849677411868094,-0.0000000000001065966506773233
1.4733333333333334,0,-1.3697338444258582,0.000000000000022885331825315075,0.0000000000000064031603173567255,0.00000000000020641989270372162,0.0000000000001256523052337975
1.48,0,-1.330613559568105,0.000000000000006817496224707839,0.0000000000000038425490662639384,0.000000000000011813437620669836,-0.00000000000023488175892006683
1.4866666666666666,0,-1.2782660491402613,-0.000000000000004185235960812263,0.0000000000000032733949057582516,-0.00000000000004492431166458122,-0.000000000000396800586635809
1.4933333333333334,0,-1.206874399671124,-0.00000000000000789539320805083,0.00000000000000557147737979408,0.00000000000009683692046871327,-0.0000000000002727595085191763
1.5,0,-1.1074829080588933,-0.000000000000006851926693984072,0.000000000000006386819838417725,0.00000000000021652113781015377,-0.0000000000001793226659065346
1.5066666666666666,0,-0.9669515780092371,0.0000000000000011759832513333895,0.000000000000005023589847703439,0.00000000000030376785721586807,-0.00000000000013085226623669334
1.5133333333333334,0,-0.8264202479595764,0.000000000000009203893196651116,0.000000000000003660359856989108,0.00000000000039101457662158524,-0.00000000000008238186656685046
1.52,0,-0.7169368752605556,-0.000000000000006640264406243386,-0.000000000000002126246968503582,0.00000000000032337068332350093,-0.00000000000032852691687354003
1.5266666666666666,0,-0.6420304385515614,-0.00000000000004906984089007516,-0.000000000000012839001300211186,0.00000000000008323097200968988,-0.0000000000009027740526239578
1.5333333333333334,0,-0.5664320118572308,-0.00000000012604802124403868,-0.00000000015676803446502637,0.000000003548411573600473,0.000000001335540702962939
1.54,0,-0.48992185551856016,-0.00000000041800066747159765,-0.0000000005200415242713178,0.000000011772147290466763,0.000000004433568480265702
1.5466666666666666,0,-0.4130618897126927,-0.00000000035823859480586675,-0.00000000044573680041658115,0.000000010090329523701342,0.0000000038002167069535835
1.5533333333333332,0,-0.3359485681056129,-0.00000000004374080810287583,-0.00000000005450818138101816,0.0000000012342364023899553,0.00000000046434615034795556
1.56,0,-0.30288346188810567,0.00000000000003349634634532384,-0.000000000000027918467963783728,0.00000000000039911394596230667,0.00000000000008994296388472802
1.5666666666666667,0,-0.2805177232163989,0.000000000000008150536532473795,-0.000000000000029805597501991913,-0.00000000000008628488198755185,0.0000000000003168626707781676
1.5733333333333333,0,-0.26962996777215864,-0.0000000000000019467131050452237,-0.00000000000001435319939600299,-0.0000000000004647874969711219,0.000000000000035293652314780106
1.58,0,-0.2634508159813098,-0.0000000000000011810306125991477,-0.000000000000008167284230220961,-0.0000000000004999513725504963,-0.00000000000008004729422005248
1.5866666666666667,0,-0.2602761178372629,0.0000000000000035390055288731803,-0.000000000000005482639272423861,-0.00000000000038045228338129564,-0.00000000000016004978906954678
1.5933333333333333,0,-0.2604274751927867,0.000000000000005695665896986125,-0.000000000000001051682516119083,-0.00000000000023991645139371757,-0.0000000000003658344001942147
1.6,0,-0.26124896775548956,0.00000000000006219588491055638,-0.0000000000001173954885704888,-0.0000000000021929832645748187,0.0000000000011418567198855714
1.6066666666666667,0,-0.25312594040782876,0.00000000000007032620031623962,-0.00000000000013624696840776686,-0.0000000000025779965686400088,0.0000000000014816692245388483
1.6133333333333333,0,-0.23376033124535156,0.000000000000004921601772867156,-0.000000000000004115608576679094,-0.0000000000004723386386753134,-0.00000000000003910269562202209
1.62,0,-0.21869533298490584,-0.0000000000000023383368217702597,0.00000000000000229082448912701,-0.00000000000013537876917236887,0.0000000000003505071534907575
1.6266666666666667,0,-0.20633823952232713,-0.0000000000000044355794073562544,0.0000000000000018774145317951455,0.00000000000011029998857388429,0.00000000000025501915495695613
1.6333333333333333,0,-0.1964252324708348,-0.0000000000000026353846838191007,0.0000000000000012155472896079591,0.0000000000002465291959430273,0.000000000000027175424153248406
1.64,0,-0.1889671759802242,0.0000000000000016877918267695002,0.0000000000000037703589557304286,0.00000000000019293652558349716,-0.00000000000004231128240014898
1.6466666666666667,0,-0.18486461021323844,0.000000000000002343154938373227,-0.0000000000000007359394645530472,-0.0000000000006500879173495347,0.0000000000005317218086759615
1.6533333333333333,0,-0.18436154968055066,0.00000000000000039608753700587857,0.0000000000000012089050942322414,-0.00000000000028031764202671946,0.00000000000017105484221579356
1.66,0,-0.18823909643352282,0.0000000000000012381736528866538,0.0000000000000048307834480866646,0.00000000000044710932844508115,-0.00000000000018450065488681008
1.6666666666666667,0,-0.1984022770772909,0.000000000000003178148567991158,0.000000000000005808192097574468,0.0000000000007282597690975185,-0.00000000000023669384027982887
1.6733333333333333,0,-0.21613493440132298,0.0000000000000008200684938153683,0.0000000000000005870399921150343,-0.00000000000009097033350248222,-0.0000000000000737534454505724
1.68,0,-0.23115972694853876,-0.0000000000000038874694154129736,-0.000000000000002002105857960554,-0.000000000000047709267177676125,-0.00000000000044919769962656817
1.6866666666666668,0,-0.18208153275760536,-0.0000000000000001075602464525411,-0.0000000000000034426041176598114,-0.00000000000014051547628371909,-0.0000000000002533221547310862
1.6933333333333334,0,-0.11831133778553574,0.0000000000000011793899891543924,-0.0000000000000013695829494037177,0.000000000000021500748887605667,0.00000000000021357804377820085
1.7,0,-0.037156831489783854,-0.000000000000002559885861446246,-0.000000000000002584561633831002,0.0000000000007134074630784882,0.0000000000006555251721114331
1.7066666666666668,0,0.06039093295530514,-0.000000000000005145523315108335,-0.00000000000000800395643529669,0.0000000000005435855134149884,0.0000000000003446379817636144
1.7133333333333334,0,0.14804611289176764,-0.000000000000004946854738840296,-0.000000000000006650816998152875,-0.000000000000005375466990665807,-0.000000000000032704879461400655
1.72,0,0.18942753562521517,-0.0000000000000012275098821386436,0.0000000000000031551816936034624,-0.0000000000002512540682810924,-0.00000000000013190905154386683
1.7266666666666666,0,0.16995950064147264,0.0000000000000020955288849248623,0.0000000000000027204345759958764,-0.000000000000019028065236409815,-0.0000000000003476687011507455
1.7333333333333334,0,0.13472816961239234,-0.00000000000000003746610685093038,0.0000000000000033997109928303047,0.00000000000008411864630637279,-0.00000000000010083461210011956
1.74,0,0.08232851731874041,-0.0000000000000015447940365722488,0.0000000000000037040805074750976,0.00000000000015782984800837346,-0.00000000000009565620488929101
1.7466666666666666,0,0.02474040723482482,0.0000000000000030754930435313217,0.0000000000000054983667521755135,-0.000000000000011012487617935657,-0.000000000000036130758721354716
1.7533333333333334,0,0.006252166987255505,0.0000000000000019496908987166426,0.0000000000000033187626733257893,-0.0000000000000007788295650927757,0.000000000000003922379237445452
1.76,0,-0.0015215991981234597,0.0000000000000007302223219843969,0.000000000000001838461852783312,-0.0000000000000013609674795005494,0.00000000000000032955656908363354
1.7666666666666666,0,-0.005100543920897909,0.0000000000000003608224830031759,0.0000000000000008939167058789245,-0.0000000000000005634116502577476,-0.0000000000000010256185542352898
1.7733333333333334,0,-0.0067208020385620335,0.00000000000000028123320207888224,0.0000000000000005780036609214998,0.000000000000002551078981729909,0.0000000000000010377541530147432
1.78,0,-0.007338953479601984,0.00000000000000036556387389850056,0.000000000000000832264566302945,0.0000000000000015793875678609027,0.00000000000000030602146043222766
1.7866666666666666,0,-0.007416886736748037,0.0000000000000003600664701609382,0.0000000000000006374350993114193,-0.00000000000000014854622236802205,0.0000000000000005808984402740537
1.7933333333333332,0,-0.00719306964946497,0.0000000000000000781259655311304,0.000000000000000042775438708677725,0.0000000000000004806427316385707,0.000000000000001079146075196997
1.8,0,-0.00680543847015105,0.00000000000000010969129376265719,0.00000000000000016701291117978728,0.0000000000000013833195368391494,0.0000000000000009244848079282977
1.8066666666666666,0,-0.006330550425762317,0.00000000000000010004353741327757,0.00000000000000008635276421714285,0.0000000000000004595519316779858,0.00000000000000011319262004613011
1.8133333333333332,0,-0.005816401451606513,0.000000000000000028289089597497833,0.00000000000000004615971636426041,0.0000000000000006796179474014554,-0.0000000000000007015674499135986
1.82,0,-0.0052915577035897365,-0.00000000000000009968901799878063,-0.0000000000000000273506856815776,0.0000000000000003531776358589954,0.0000000000000003320091160832315
1.8266666666666667,0,-0.004772960800584685,-0.00000000000000011012160069377219,0.0000000000000000486035244590659,-0.00000000000000022408116040973216,0.00000000000000029777197002218183
1.8333333333333333,0,-0.004272805517313848,0.00000000000000016355549517446811,0.00000000000000007422408275718067,0.0000000000000002409520714159646,0.00000000000000017293036261628511
1.84,0,-0.003797547747689067,0.00000000000000017142521801565696,-0.00000000000000010461317014973966,0.0000000000000004957292408619726,0.0000000000000002507359095558944
1.8466666666666667,0,-0.0033500596515879046,0.0000000000000000010042821402019865,0.00000000000000001578580435981681,0.0000000000000001630708079440375,0.00000000000000006527126274986271
1.8533333333333333,0,-0.002933007873975163,-0.000000000000000013144639070371782,-0.00000000000000009675879930639932,0.00000000000000008741999945462269,0.00000000000000006378973167089513
1.86,0,-0.002546600609348054,0.00000000000000003143193937607072,-0.0000000000000000002135071628033827,0.000000000000000009292120227862056,0.000000000000000024514365712814932
1.8666666666666667,0,-0.0021914061993128643,0.00000000000000013717197352395551,0.00000000000000006983429905624722,0.000000000000000008673657184661132,-0.00000000000000005722235719176477
1.8733333333333333,0,-0.0018661176127845623,0.0000000000000001459385216911197,0.000000000000000045803972065058,-0.000000000000000030478291583001217,-0.00000000000000007334123263801149
1.88,0,-0.0015698976531222648,0.00000000000000001694864720102234,-0.000000000000000010989931653456458,-0.000000000000000016935004130291637,0.000000000000000001799344675709653
1.8866666666666667,0,-0.0013016353398210237,0.000000000000000021313263253024174,0.0000000000000000014255491043605213,-0.0000000000000000019640145602116994,-0.000000000000000010218343991697317
1.8933333333333333,0,-0.0010599259245474368,-0.000000000000000044114717248312145,-0.00000000000000000023941570223992957,0.0000000000000000028725911565996227,-0.00000000000000004198611675152704
1.9,0,-0.0008433473646684129,-0.000000000000000009989227475594709,0.000000000000000010711651375156866,0.000000000000000020381670397727893,-0.000000000000000006110510668337044
1.9066666666666667,0,-0.0006505514452822894,0.000000000000000007927595993902995,0.000000000000000018093057748134287,0.000000000000000022930627951049886,0.000000000000000025425384134648085
1.9133333333333333,0,-0.0004800765486273748,0.00000000000000003328941190794039,0.00000000000000009538204941236833,0.0000000000000000888722420045295,0.00000000000000004443219550609988
1.92,0,-0.00033100148046411374,0.0000000000000000045615731295708526,-0.000000000000000016229858055050026,0.00000000000000002657903459572472,0.000000000000000018342055108246097
1.9266666666666667,0,-0.00020303625723759448,-0.0000000000000000014691487706773,-0.000000000000000004475025969026501,-0.000000000000000022729830935822005,0.000000000000000020617789772084058
1.9333333333333333,0,-0.0000932832610836348,-0.000000000000000008644021259131803,0.000000000000000002372264653910021,-0.00000000000000001366154571253697,-0.0000000000000000019699290890085356
1.94,0,-0.0000006531772523963293,0.000000000000000005645437677811031,-0.0000000000000000027440578380018414,-0.000000000000000019774657755480772,-0.0000000000000000041834897910336255
1.9466666666666668,0,0.00007604014844767978,0.0000000000000000039741321692064696,-0.000000000000000006064013501240772,-0.000000000000000010156169653706867,-0.0000000000000000013131236908116283
1.9533333333333334,0,0.00013791515704734497,-0.000000000000000000469340622620659,0.0000000000000000048524646500240376,-0.000000000000000002968563489160817,0.0000000000000000010122287981945319
1.96,0,0.00018597833616022154,0.000000000000000000004220903928490397,0.0000000000000000066829275688038285,0.0000000000000000025638897157632895,0.0000000000000000015067618990335375
1.9666666666666666,0,0.00022098349153388985,0.000000000000000003026695288328289,-0.00000000000000000024579984369721883,-0.0000000000000000011377604307927292,0.000000000000000001047052484481495
1.9733333333333334,0,0.00024285021410039732,0.0000000000000000020769229193067205,-0.00000000000000000664890605457822,-0.000000000000000006604232281484746,0.0000000000000000032631842011106648
1.98,0,0.00025381561181849355,0.0000000000000000018485158941037675,0.0000000000000000032058027374115955,-0.000000000000000002309613709423581,-0.0000000000000000015083174197521698
1.9866666666666666,0,0.0002537724472911565,0.0000000000000000026822179732727238,0.000000000000000002338649094771327,-0.000000000000000001049626844590456,-0.0000000000000000027242122800944622
1.9933333333333334,0,0.00015451618542279853,0.0000000000000000001818134340826119,0.0000000000000000002123142969800157,-0.0000000000000000003855904992629808,-0.0000000000000000001104463838836736
