# n,energy,berry,bcd_x,bcd_y,qmd_x,qmd_y
0.00000125,0,-0.00000005978679496811832,0.0000000000000000011079532162088927,-0.0000000000000000014805755414923396,0.0000000000000000008906909195993897,-0.0000000000000000006747939879884821
0.006666666666666667,0,-0.0003251983276330679,-0.000000000000000005117451759762116,0.00000000000000000024218395958498976,-0.0000000000000000018796625512677512,0.000000000000000003809584371440988
0.013333333333333334,0,-0.0006471920072711407,-0.000000000000000002700654555195731,-0.0000000000000000056968820681349984,0.000000000000000004312849877713268,0.000000000000000003480904715500344
0.02,0,-0.0007831689306041154,-0.0000000000000000035900154643786225,-0.000000000000000012433418890096854,0.000000000000000009378019617799092,-0.000000000000000000372234019825082
0.02666666666666667,0,-0.0007999906157646839,0.0000000000000000004754447366914465,-0.000000000000000006413212899045637,0.000000000000000005890511356835861,-0.000000000000000002868145514299356
0.03333333333333333,0,-0.0008020878927926364,0.000000000000000003885110616491598,0.0000000000000000126551822653749,0.000000000000000008407420261132565,-0.0000000000000000024197563328461216
0.04,0,-0.0007883609761526801,0.000000000000000011329386812888564,0.0000000000000000012203250191388176,-0.0000000000000000012354468419474395,0.000000000000000006038734283401242
0.04666666666666667,0,-0.0007571754600370141,-0.00000000000000000398629586118817,-0.0000000000000000021928107682345134,-0.000000000000000032598231650094166,0.000000000000000009092791880648859
0.05333333333333334,0,-0.000706255077414911,-0.000000000000000012521723050701152,-0.0000000000000000024111888141713857,-0.0000000000000000020122457671113086,-0.0000000000000000057824622911678236
0.06,0,-0.0006358569054855179,-0.00000000000000000203925483929411,0.000000000000000005710050352451616,0.0000000000000000037708312870290505,-0.000000000000000010379363926483597
0.06666666666666667,0,-0.0005447512217985133,-0.000000000000000011238642370122729,-0.00000000000000000700068623742855,0.000000000000000008113326418927321,-0.000000000000000005077560335967908
0.07333333333333333,0,-0.0004317275112698266,-0.000000000000000002156128894909582,-0.000000000000000011848215610698362,0.000000000000000015960388985470687,-0.000000000000000012217942770227547
0.08,0,-0.0002955452458952983,0.000000000000000013900594787560713,-0.000000000000000015330722914692083,0.000000000000000019601541712561507,0.000000000000000021085966591174662
0.08666666666666667,0,-0.0001349751653145317,0.00000000000000000978410378151598,0.000000000000000004287525760292443,0.00000000000000004579850546975322,-0.0000000000000000143919596726086
0.09333333333333334,0,0.000051208992075382526,-0.000000000000000012790058956427657,-0.000000000000000025861246603548802,0.00000000000000005384670992795439,-0.000000000000000011448940787956984
0.1,0,0.0002641689788340796,-0.00000000000000008786608693744007,-0.00000000000000007323911814122246,-0.000000000000000041139320356043976,-0.00000000000000010747279652055931
0.10666666666666667,0,0.0005046064569290387,0.000000000000000016977169576582778,-0.00000000000000007116416134713566,-0.00000000000000000810532394038103,-0.000000000000000029252226898347004
0.11333333333333333,0,0.0007752168364929515,0.000000000000000022077287954193536,-0.0000000000000000309723697894951,0.000000000000000035261067171449624,-0.000000000000000006319954197676854
0.12,0,0.0010744000167548055,-0.0000000000000000041360945213047005,0.000000000000000001340809712043026,-0.00000000000000012807770138849335,-0.000000000000000014741392259132433
0.12666666666666668,0,0.0014023827771737414,-0.000000000000000030553073138880957,-0.000000000000000003133799632317758,0.00000000000000006426720716483364,-0.0000000000000000485722573273506
0.13333333333333333,0,0.0017579410421685183,-0.00000000000000002126923117700127,-0.00000000000000001912523887922202,-0.00000000000000001131154249518962,-0.000000000000000049966961011088384
0.14,0,0.0021395718405227367,-0.000000000000000016762968259064183,0.000000000000000036487629646152075,0.000000000000000050523493094195985,-0.000000000000000016826555202072217
0.14666666666666667,0,0.0025436208230770457,0.0000000000000002363968301992694,0.00000000000000021752082034083315,-0.00000000000000011725382272015556,0.00000000000000005702887271244677
0.15333333333333332,0,0.0029643873425213543,0.00000000000000011949970872402313,-0.00000000000000013518740289014372,-0.00000000000000010824784833743327,-0.00000000000000010996606398830354
0.16,0,0.0033947659348224895,0.000000000000000033764572334040276,-0.00000000000000015350794968240132,-0.00000000000000008197544689200028,-0.00000000000000013339721971430723
0.16666666666666666,0,0.003821247473304115,-0.0000000000000001507284013016106,-0.00000000000000003275029778594757,-0.00000000000000006582368490809098,-0.0000000000000000696725783603744
0.17333333333333334,0,0.004225029704422366,0.00000000000000005892969223894688,0.00000000000000020026574176661692,0.00000000000000024349127232206553,0.00000000000000013210880537887033
0.18,0,0.004578360109132944,0.00000000000000014810448824105646,0.00000000000000006338665577157496,-0.00000000000000008777831334780652,0.00000000000000009351015207421715
0.18666666666666668,0,0.0048402510147562425,0.00000000000000006810923514363282,-0.00000000000000014842977724289807,0.00000000000000014431769506140059,-0.00000000000000036392226522076474
0.19333333333333333,0,0.004942884430660318,-0.00000000000000005729242885319028,-0.00000000000000021711009290015667,-0.0000000000000004787836793695988,-0.00000000000000004801538579331741
0.2,0,0.004792678092406005,-0.0000000000000001256099157707279,-0.0000000000000010237722654524268,-0.000000000000000371300321983125,0.00000000000000023818068305626865
0.20666666666666667,0,0.004236069927616754,0.0000000000000005032200354235403,-0.0000000000000013444408342745486,0.0000000000000005304561259756865,0.00000000000000006399335439973515
0.21333333333333335,0,0.003030702219738039,-0.000000000000004007438640535049,-0.0000000000000020811386696030286,0.0000000000000026630024914002344,0.000000000000002080219008982944
0.22,0,0.0006002996820869146,-0.0000000000000010296651645109292,-0.0000000000000007058148579656538,0.000000000000002014826750086188,-0.0000000000000016000133799082278
0.22666666666666666,0,-0.003901475646371563,0.0000000000000004585818368542224,-0.000000000000001153829782453449,0.0000000000000006092961218222677,-0.000000000000006645164362064707
0.23333333333333334,0,-0.01233510693431375,-0.000000000000001763589780643968,-0.0000000000000021840644016992054,-0.000000000000003418525043041185,0.00000000000000711280101295221
0.24,0,-0.02929708529708295,0.00000000000000031170385629540034,-0.0000000000000008984862171674358,0.000000000000012341805992964983,-0.00000000000003240076178789295
0.24666666666666667,0,-0.06920208811013595,0.000000000000002416547007206392,-0.0000000000000005651595623718408,0.00000000000002344838240850844,-0.00000000000007752953178663228
0.25333333333333335,0,-0.12453810192969747,0.000000000000002054684483717071,-0.000000000000002466173328747856,0.00000000000002853260214021256,-0.00000000000008051047981624109
0.26,0,-0.16367812350041555,0.0000000000000018362479524274214,-0.0000000000000044259542821056915,0.00000000000006127288414238374,-0.000000000000010538638505242026
0.26666666666666666,0,-0.18797138609985092,0.000000000000002268714583948873,-0.0000000000000018946061828760383,0.00000000000001490963481869222,0.000000000000008584229473903055
0.2733333333333333,0,-0.20225900335818695,0.0000000000000021872988202780814,-0.0000000000000005701440201004685,-0.0000000000000033139395955372344,-0.000000000000014467765949396004
0.28,0,-0.2023056292657724,0.000000000000004293261418821988,0.0000000000000006174455381207927,-0.000000000000013617991750507506,-0.000000000000020142080953267786
0.2866666666666667,0,-0.1519929351241522,0.000000000000004292640194696794,0.000000000000013827231768832247,-0.000000000000008389564245016788,0.000000000000321330435024672
0.29333333333333333,0,-0.07310849668779106,-0.0000000000000005911571965211917,0.000000000000007033351703511903,-0.00000000000013027845512184605,0.00000000000011889508409473336
0.3,0,0.01835824013140116,0.000000000000006425952788351603,0.0000000000000049232583274060216,0.0000000000000037982582846506425,0.00000000000016799508495883962
0.30666666666666664,0,0.10451458706945761,0.000000000000009511414908118816,0.000000000000003865115359622742,0.00000000000020889690414995521,0.00000000000006348034946801826
0.31333333333333335,0,0.176469567268121,0.00000000000000394937361906322,0.000000000000003932881688158574,0.00000000000027949977648469357,-0.0000000000001356463765844879
0.32,0,0.23873997840042985,0.0000000000000005924357183134896,0.0000000000000062776299302479905,-0.00000000000002273974632843732,0.00000000000015153541590606688
0.32666666666666666,0,0.29489427432989873,-0.00000000000000008878082941891508,0.00000000000000029807808574794876,-0.00000000000011519703713551502,0.00000000000006131434400077057
0.3333333333333333,0,0.3433218073185966,0.0000000000000010057181188765396,0.000000000000006941036050756217,-0.0000000000001115007814052511,0.0000000000005767980125734794
0.34,0,0.34938241476554655,0.000000000000005670019222191917,-0.000000000000003764820418664513,-0.000000000000001810130786600733,-0.00000000000003746963089096255
0.3466666666666667,0,0.3378152983270752,0.0000000000000028255695414835243,0.00000000000000031532644008816407,0.00000000000004592618227788094,-0.00000000000007014990168465205
0.35333333333333333,0,0.3335160812151333,-0.0000000000000044815369994915235,-0.000000000000004832991839857037,0.0000000000002324376296716355,0.00000000000013983530355357142
0.36,0,0.3364294902060887,-0.000000000000009844027439666097,-0.00000000000000720823147864536,0.0000000000002711462919477625,0.000000000000296277367759155
0.36666666666666664,0,0.3451668153453905,-0.000000000000008436311681666181,0.00000000000000227416185546845,-0.000000000000021742863808508527,0.0000000000001971425825857744
0.37333333333333335,0,0.36099029455734377,-0.000000000000001237786143930153,0.000000000000002243222633959556,0.00000000000006274183705844497,0.000000000000104737441012544
0.38,0,0.36427128934790254,-0.0000000000000014699228750403845,0.0000000000000019726658662048033,-0.0000000000000057798110440983384,0.00000000000019873169390282275
0.38666666666666666,0,0.3620584396789706,-0.000000000000004923833252341642,0.0000000000000005453570526203626,-0.000000000000016417247599429267,0.00000000000025506210696734616
0.3933333333333333,0,0.3593195066955566,-0.000000000000008569430033806883,-0.0000000000000024748034607107046,0.00000000000015859954504826087,0.00000000000014213509819713637
0.4,0,0.3610583768582328,-0.000000000000007469519894317707,-0.0000000000000034961485902363684,0.00000000000028681764130871343,0.0000000000002552687125445945
0.4066666666666667,0,0.36632414599574514,-0.000000000000006118691519910572,-0.0000000000000023172490049333804,0.0000000000003662756123625082,0.00000000000033120705798260494
0.41333333333333333,0,0.37486077187099454,-0.00000000000000403623089779628,0.0000000000000005992327597037316,0.000000000000380211495897677,0.0000000000003142823117660165
0.42,0,0.3899249211465338,0.0000000000000014834551687089336,0.000000000000005782898976381112,0.000000000000182936482196088,-0.0000000000001192639392758475
0.4266666666666667,0,0.41175841496365617,0.0000000000000065534354404445494,0.000000000000007912734414284892,0.00000000000013390325867820477,-0.00000000000022669391093925483
0.43333333333333335,0,0.43820071943445615,0.000000000000011317240004144687,0.000000000000007963413186239147,0.0000000000001857983211593637,-0.00000000000011209231462669547
0.44,0,0.48495199401923406,-0.000000000000015605046143206762,-0.00000000000006749089738786319,-0.0000000000004691581595299539,-0.000000000000011573898152110331
0.44666666666666666,0,0.5427025853372027,0.0000000000007831413782942675,-0.0000000000059853222924291805,-0.000000000048204649022174684,0.00000000009723628565067149
0.4533333333333333,0,0.6484240043141385,0.0000000000055609621636193925,-0.000000000039985995814194126,-0.0000000003222205581804061,0.0000000006617555452650534
0.46,0,0.7626687491610514,0.000000000009054274688106398,-0.0000000000647786521931441,-0.000000000522483586939204,0.0000000010731888074827746
0.4666666666666667,0,0.921960193639665,0.0000000000057588220423867684,-0.000000000040905941464979955,-0.00000000033295466112435155,0.0000000006755460062311256
0.47333333333333333,0,1.0812516381182786,0.0000000000024633693966671394,-0.000000000017033230736815805,-0.0000000001434257353094992,0.00000000027790320497947656
0.48,0,1.2242809396978898,0.00000000000009410803914423117,0.00000000000006023833794332055,-0.0000000000066458115125558836,-0.000000000005983741559338849
0.4866666666666667,0,1.3262438203119082,0.00000000000006373655437510632,0.000000000000034242081765463984,-0.0000000000030717472284606992,-0.000000000002605605879214164
0.49333333333333335,0,1.4239440896760365,0.000000000000034262969444729605,0.000000000000010090274524288531,0.00000000000010375568948016996,0.0000000000003978605953475762
0.5,0,1.4863439045235538,0.000000000000012225266080849675,0.0000000000000012131151410918272,-0.000000000000021393634411610164,0.0000000000002985357351160047
0.5066666666666667,0,1.5435302627988232,-0.0000000000000023229403682471406,-0.00000000000000562693854534242,-0.00000000000015623998243065738,0.00000000000028541287791737624
0.5133333333333333,0,1.5896028681462018,-0.0000000000000009054593484629764,-0.000000000000008124405104009758,-0.00000000000031175790002983427,0.0000000000004560505930609176
0.52,0,1.6282731521911227,0.000000000000001812277759228797,-0.000000000000008625244597189689,-0.00000000000025944805520137294,0.000000000000460894524654777
0.5266666666666666,0,1.6623542290589894,0.000000000000003867038430462742,-0.000000000000009665028124261193,-0.00000000000013926255083978165,0.000000000000369126960099509
0.5333333333333333,0,1.6885793592578129,-0.0000000000000040439492793955526,-0.00000000000002230782156711884,-0.00000000000026938720849726386,0.00000000000014909799351503905
0.54,0,1.7100403051733448,-0.000000000000003839800139434203,-0.00000000000001926965514491125,-0.0000000000002928727842682726,0.00000000000010276315829719155
0.5466666666666666,0,1.7273706900832355,-0.00000000000000002916077434079965,-0.000000000000009459523351437845,-0.00000000000025617899568142417,0.00000000000016053912075289092
0.5533333333333333,0,1.7385399839265483,-0.000000000000004539210204075461,-0.000000000000016807793542988283,-0.00000000000025866729881507084,0.00000000000018791045522300472
0.56,0,1.7445625407654755,0.000000000000020045973491146973,-0.000000000000025445191126990503,0.00000000000009133310641586764,0.0000000000002504800698683162
0.5666666666666667,0,1.751472818259171,0.00000000000003132367948438416,-0.000000000000026946044787418032,0.00000000000034487778337047606,0.0000000000002565926523588529
0.5733333333333334,0,1.764366421529302,-0.000000000000008771614800914431,-0.000000000000012310500105331852,0.00000000000011314832590411156,0.00000000000011511572043201987
0.58,0,1.7757353295582385,-0.000000000000009676364056942026,-0.000000000000016738139488553067,-0.00000000000023958863774429547,0.0000000000002617560705439784
0.5866666666666667,0,1.7843610156774905,-0.00000000000001023944375826729,-0.000000000000018820661035796725,-0.00000000000036187337565012386,0.00000000000029392800053507296
0.5933333333333334,0,1.7889523812770285,-0.000000000000020162397588500563,-0.000000000000012304094341315173,-0.00000000000008225342294146097,0.00000000000006881024199843761
0.6,0,1.7867007241409596,-0.000000000000036196563191725594,-0.0000000000000487470222534081,-0.00000000000013799345193267892,0.000000000000325871018547167
0.6066666666666667,0,1.780161282791164,-0.00000000000005085856218593319,-0.00000000000006807021884740551,-0.0000000000002064890017356565,0.0000000000005050167975118795
0.6133333333333333,0,1.7674414801388934,-0.00000000000006154977211937557,-0.000000000000045843756091038445,-0.00000000000021774290692875375,0.00000000000042623946116019874
0.62,0,1.7445769154595556,-0.00000000000006332596285939824,-0.000000000000027152773407968523,-0.000000000000027589662364962,0.0000000000003437822037249361
0.6266666666666667,0,1.7162183591085207,-0.00000000000005926146777252455,-0.000000000000009366931233525518,0.0000000000001971229522467271,0.00000000000025348877095457705
0.6333333333333333,0,1.6684890596181703,-0.00000000000003050850951792104,0.000000000000009310204042969072,0.00000000000024234127975824034,0.00000000000011193574570114435
0.64,0,1.6013098349828276,-0.000000000000005965755644478523,0.00000000000001462445332093524,0.00000000000026441481763209634,0.0000000000000707601145665815
0.6466666666666666,0,1.4907625353370748,0.000000000000009189380639165774,-0.000000000000009856920675720935,0.00000000000023488173154089206,0.00000000000025339893644639743
0.6533333333333333,0,1.380235222713189,0.000000000000023756141728073882,-0.0000000000000338791660079359,0.00000000000020154554042822034,0.0000000000004279040049552296
0.66,0,1.2705207698671122,0.000000000000014394048723912645,-0.00000000000003922893343888518,0.000000000000013539427854859982,0.0000000000002716143707224972
0.6666666666666666,0,1.1608063170210368,0.0000000000000050319557197515654,-0.000000000000044578700869834364,-0.00000000000017446668471849722,0.00000000000011532473648976727
0.6733333333333333,0,1.2673448529994806,0.000000000000016797596034080494,0.000000000000021973512784275192,-0.0000000000001376326292191194,-0.00000000000008740178307436282
0.68,0,1.335891548103501,0.00000000000002935770844931933,0.00000000000007811000813596877,-0.00000000000014312044267131968,-0.00000000000017566033315427496
0.6866666666666666,0,1.1050347999684598,0.00000000000002273744340683645,0.000000000000048613216348410335,-0.00000000000031277964048584787,-0.00000000000005017404602283886
0.6933333333333334,0,0.7342618741506948,0.000000000000008915943566410776,0.000000000000021585528716922887,-0.000000000000013891979777298077,-0.00000000000016561873717763388
0.7,0,0.30587123553329765,0.000000000000013068528684485868,0.00000000000004487894827646234,-0.00000000000016688084923053632,-0.00000000000004161645998121004
0.7066666666666667,0,-0.21977538209310976,-0.00000000000002937963415800407,-0.00000000000000876377779775824,0.0000000000003477651346354515,-0.00000000000012752586831159539
0.7133333333333334,0,-0.974454860468732,0.000000000000007650631723266854,0.000000000000026914607060428827,0.00000000000005965982895114939,-0.000000000000015599517454232934
0.72,0,-1.57829964075284,0.00000000000001688368256751821,-0.000000000000014410312425185027,0.0000000000000022205912068513294,0.00000000000003897619305160761
0.7266666666666667,0,-2.0109009047460225,0.0000000000000070679810338737606,-0.000000000000025247553894930898,0.00000000000007060813691313247,0.00000000000002872018227255414
0.7333333333333333,0,-2.0854326278186526,0.0000000000000031348872930381554,-0.000000000000009194559286412729,0.00000000000008539406361200948,0.000000000000042138922787131926
0.74,0,-1.9471175376205172,-0.0000000000000028337792907472802,-0.000000000000004125063971812037,0.00000000000005909183708436873,0.000000000000009308525707951274
0.7466666666666667,0,-1.7505269279483395,-0.00000000000000816936906515806,0.0000000000000045932969630023175,0.00000000000004728010476179791,-0.00000000000005709683075289318
0.7533333333333333,0,-1.4851676084430079,-0.000000000000010654549134812986,-0.000000000000018649950862908373,-0.0000000000000010931614920797011,0.00000000000002717115236337036
0.76,0,-1.1292120762670068,0.000000000000001043315373611425,-0.000000000000008302046945268474,0.000000000000044736851065002195,-0.000000000000016725222041187896
0.7666666666666667,0,-0.7861058757490241,-0.00000000000000006096616284082044,0.000000000000014079221061130554,0.000000000000005145302152082606,0.0000000000000070392657565025304
0.7733333333333333,0,-0.645661631939191,-0.000000000000011972399381094087,0.000000000000021190263684345613,0.000000000000024011001469880328,-0.000000000000013288158499524806
0.78,0,-0.5704595002525437,-0.000000000000006251159930699288,0.00000000000002354682902198828,0.000000000000011434643223048003,-0.0000000000000017221309250060384
0.7866666666666666,0,-0.5275296790951443,-0.000000000000005051676969375227,0.000000000000004722249527078141,0.0000000000000060456706678750274,-0.000000000000002327882955732622
0.7933333333333333,0,-0.5023300105340095,0.000000000000000872151888644117,0.0000000000000014833562596527243,0.0000000000000051739915852065624,0.0000000000000023217426235352092
0.8,0,-0.48770488668127066,0.000000000000001778040035479735,0.00000000000000724024505621859,0.000000000000004049578846252659,-0.0000000000000016161353710045445
0.8066666666666666,0,-0.4796977162061851,0.000000000000003139728015424479,0.000000000000005444460660782613,0.000000000000001900674904271211,0.0000000000000016787504506276838
0.8133333333333334,0,-0.4762197446614463,0.0000000000000013490876321646255,-0.0000000000000000033331449012075692,0.0000000000000012221043263310408,-0.0000000000000014769042242235124
0.82,0,-0.4755879433492824,0.000000000000001488645475896684,-0.0000000000000007534905447632538,0.0000000000000016241719402785057,-0.000000000000001790947139067568
0.8266666666666667,0,-0.4767098722855382,0.0000000000000013248380915325508,0.0000000000000016530922295090199,0.000000000000003813003974215977,-0.0000000000000004491123631621607
0.8333333333333334,0,-0.47905407983477577,0.000000000000003645862137882075,0.0000000000000016677718792169541,0.0000000000000028934856671498617,-0.0000000000000006118413346834458
0.84,0,-0.4823447844374282,0.000000000000004329768237582881,0.000000000000006798100615794923,-0.000000000000001529200505610763,-0.000000000000004176533338300481
0.8466666666666667,0,-0.48614969582639883,-0.00000000000000374906418255943,0.0000000000000011597162694044807,0.000000000000001654382443907564,0.000000000000001379865916776632
0.8533333333333334,0,-0.49028585270475644,0.000000000000003741793005036282,0.0000000000000011450561366285416,0.0000000000000023060403426663126,0.000000000000002677201845283425
0.86,0,-0.49466449094242765,0.00000000000000013576148098337708,0.000000000000003570812061369106,0.0000000000000027904661484757417,0.0000000000000017560448581808934
0.8666666666666667,0,-0.4991120634140662,0.0000000000000006195766374430771,-0.000000000000001807435472589414,0.0000000000000018101684894347672,0.000000000000003711559915514484
0.8733333333333333,0,-0.5035581818794862,-0.000000000000000032544622876233293,-0.0000000000000024666340306743318,0.000000000000001263997295899472,0.0000000000000030056887871579893
0.88,0,-0.5079636622008605,0.000000000000000437096801629584,-0.0000000000000021482841484572526,0.0000000000000011821838471898054,0.0000000000000017763568394002505
0.8866666666666667,0,-0.5122464862467001,-0.0000000000000008483516259438472,-0.0000000000000011046110865598806,0.0000000000000011980286585714483,0.000000000000003799975668634533
0.8933333333333333,0,-0.5163608995515039,-0.000000000000002186994723643271,-0.000000000000004456363370018443,0.0000000000000050056321644352786,0.000000000000002593564167285911
0.9,0,-0.520316551382814,0.0000000000000023701024261645634,-0.0000000000000005116014140132494,0.000000000000002155330938037437,0.000000000000002973483149271246
0.9066666666666666,0,-0.5240941404081426,0.00000000000000284401572618963,-0.000000000000006915304878055074,-0.000000000000002798935619333002,0.000000000000007833327038241213
0.9133333333333333,0,-0.527656411519732,-0.00000000000000928823835958953,-0.000000000000012473782701377812,0.000000000000006196204277068847,0.000000000000010998004121351896
0.92,0,-0.5310681579457065,0.00000000000000040030499950566544,-0.000000000000000377684634402862,-0.00000000000000226423025959471,-0.00000000000000003012201514106363
0.9266666666666666,0,-0.5343497685533661,0.0000000000000014317389073269496,0.0000000000000004481641086142236,0.000000000000000461844936194645,-0.0000000000000006661338147750939
0.9333333333333333,0,-0.5376233029729853,0.000000000000003591338382714328,0.0000000000000004283818272956055,0,0.0000000000000029155642061539355
0.94,0,-0.5411167767803802,0.000000000000003910681662493592,-0.00000000000000012325522595838201,-0.0000000000000046085673519184335,-0.0000000000000010060515205068439
0.9466666666666667,0,-0.5451623167649832,0.000000000000001842033857382646,0.000000000000002800972228440736,-0.0000000000000020904016551762657,0.0000000000000006077578980497544
0.9533333333333334,0,-0.5505974863391462,0.0000000000000010067686870971767,-0.0000000000000019149454266147187,-0.000000000000000910163376183014,-0.000000000000001055430811714617
0.96,0,-0.5588434260588844,-0.00000000000000019982538692303244,-0.0000000000000010902605139814547,0.00000000000000017320870606476318,0.00000000000000012435172504807271
0.9666666666666667,0,-0.5727585619981438,0.0000000000000024167827536540302,0.0000000000000007812514674262393,0.0000000000000005102646613239707,0.00000000000000017881950425966243
0.9733333333333334,0,-0.5971473533229269,0.0000000000000005837457149193948,0.0000000000000027818783204587893,0.0000000000000009671745172972184,0.00000000000000040687291350827745
0.98,0,-0.6392161521918869,0.0000000000000008646237357838017,0.0000000000000009299986976873154,0.0000000000000006617737495423159,0.0000000000000010121217443275024
0.9866666666666667,0,-0.6059118928025693,0.0000000000000017081874297910271,-0.0000000000000010383327121519671,0.0000000000000007676001088797158,-0.00000000000000024851833653639186
0.9933333333333333,0,-0.2862887300738909,-0.00000000000000003932333254286819,-0.0000000000000002590755091116877,0.000000000000001269808783152841,-0.00000000000000023196988373372986
1,0,0.000000000000016806001035263307,0,0,0,0
1.0066666666666666,0,0.28628873007391326,0.0000000000000000019850557617699418,0.00000000000000018539148343058802,-0.0000000000000013071470599338687,0.00000000000000021280448140287179
1.0133333333333334,0,0.6059118928026039,-0.0000000000000020328154982599667,0.000000000000001272786317157261,-0.000000000000000716308377107797,0.00000000000000037476258538540177
1.02,0,0.6392161521919206,-0.0000000000000015292400412247369,-0.0000000000000005581465309809542,-0.000000000000000820697463740915,-0.0000000000000007756275114912946
1.0266666666666666,0,0.5971473533229605,-0.0000000000000011285587147500107,-0.000000000000000745674828464264,-0.000000000000001499679710235149,-0.0000000000000002958506110457617
1.0333333333333334,0,0.5727585619981769,-0.0000000000000013752087803681968,-0.0000000000000005340668616746927,-0.00000000000000004046755095258405,-0.0000000000000009740607213361432
1.04,0,0.5588434260589179,0.000000000000000479616768281195,0.0000000000000005084796154195573,-0.00000000000000016654399477195857,-0.00000000000000026201179052528213
1.0466666666666666,0,0.5505974863391799,0.0000000000000001384184089177797,0.000000000000004044367493220027,0.00000000000000008218831936579216,0.0000000000000004988814227605907
1.0533333333333332,0,0.5451623167650169,-0.0000000000000011858039809804911,-0.0000000000000011761619709856346,0.0000000000000009111129903183259,-0.0000000000000018555883463840728
1.06,0,0.5411167767804138,-0.00000000000000463988399725437,-0.00000000000000026021204860517043,0.000000000000004565506738839948,0.0000000000000012552808011854876
1.0666666666666667,0,0.5376233029730191,-0.0000000000000024256132435397185,0.0000000000000005647744658023887,-0.00000000000000029443316679191496,-0.0000000000000025294075338337116
1.0733333333333333,0,0.5343497685533997,-0.00000000000000026411941086660743,0.000000000000000511091610501477,0.000000000000000026872690579363425,0.0000000000000015134544587591068
1.08,0,0.5310681579457401,0.0000000000000004899716387452311,0.000000000000000977967282115469,0.000000000000001853060689620068,-0.00000000000000028788388467598835
1.0866666666666667,0,0.5276564115197655,0.000000000000009683442070212686,0.000000000000013105312250136677,-0.000000000000007062222843955717,-0.000000000000011602001132891379
1.0933333333333333,0,0.5240941404081763,-0.000000000000001810589833705321,0.000000000000008089595835490322,0.0000000000000016862083616602317,-0.000000000000008070397041454223
1.1,0,0.5203165513828476,-0.0000000000000024352643019186187,0.00000000000000038972009793986167,-0.0000000000000014288684038601175,-0.0000000000000030893230199049716
1.1066666666666667,0,0.5163608995515375,0.000000000000002087635195103064,0.000000000000005218308158743092,-0.000000000000004765596174486421,-0.0000000000000029240996302328524
1.1133333333333333,0,0.5122464862467339,-0.00000000000000011256013497276085,0.0000000000000009214713429497853,-0.0000000000000009487659523447232,-0.0000000000000033558864587844285
1.12,0,0.5079636622008942,-0.000000000000000023844236010728366,0.0000000000000026172489435358066,-0.0000000000000016392265242629998,-0.0000000000000013018331417758836
1.1266666666666667,0,0.5035581818795198,-0.00000000000000006422702331565418,0.0000000000000026400772568942154,-0.00000000000000147764065444727,-0.000000000000003643321289391905
1.1333333333333333,0,0.4991120634140999,-0.0000000000000008401462650821137,0.0000000000000006838335422070318,-0.0000000000000023779734739532092,-0.0000000000000026613770841618416
1.14,0,0.49466449094246145,-0.0000000000000002950033407215657,-0.0000000000000030528093168378906,-0.000000000000002646610275092743,-0.0000000000000016183737794280488
1.1466666666666667,0,0.49028585270479014,-0.000000000000003935337791049458,-0.0000000000000018223680509942215,-0.000000000000003203813538684143,-0.0000000000000027945574408374645
1.1533333333333333,0,0.4861496958264325,0.0000000000000027954456868728415,-0.000000000000000672000342230012,-0.0000000000000017197922440946374,-0.000000000000001958806848501867
1.16,0,0.482344784437462,-0.000000000000004680818345780767,-0.000000000000007362581420905655,0.000000000000001893523778606199,0.000000000000004353242248806056
1.1666666666666667,0,0.4790540798348093,-0.0000000000000028784553897612705,-0.0000000000000011167226040364658,-0.0000000000000025063293915273423,-0.00000000000000010899118389648149
1.1733333333333333,0,0.47670987228557193,-0.0000000000000014310476245839886,-0.0000000000000017566849939538983,-0.000000000000003644613136017794,0.00000000000000004567522850808178
1.18,0,0.4755879433493162,-0.0000000000000005348002976180283,0.00000000000000009208984448298403,-0.000000000000001348982741369735,0.0000000000000023061256003484815
1.1866666666666668,0,0.47621974466148015,-0.0000000000000016687191078751568,-0.0000000000000007906429749509581,-0.0000000000000005509193681680551,0.0000000000000005668289455027075
1.1933333333333334,0,0.47969771620621915,-0.000000000000002078368260826292,-0.000000000000003303981428033467,-0.0000000000000013289076435636882,-0.0000000000000014478019536697023
1.2,0,0.4877048866813045,-0.0000000000000008864952236206581,-0.000000000000004603102236474507,-0.0000000000000031393833004657474,0.0000000000000009726498808459998
1.2066666666666668,0,0.502330010534044,0.0000000000000004738154421032561,-0.000000000000003662572566333626,-0.0000000000000034013505248378885,-0.0000000000000022364725803062995
1.2133333333333334,0,0.5275296790951782,0.0000000000000070278090702757434,-0.000000000000005329070518200751,-0.000000000000005828283532533616,0.0000000000000012194796636527343
1.22,0,0.5704595002525786,0.0000000000000050511089741104634,-0.000000000000022756956282451913,-0.000000000000011633171126457355,0.0000000000000022331626715496807
1.2266666666666666,0,0.645661631939225,0.000000000000010934190193126456,-0.000000000000014471919437318455,-0.000000000000024417207794229015,0.000000000000004839969747593148
1.2333333333333334,0,0.7861058757490607,0.0000000000000007329889352182079,-0.00000000000001466672184025724,-0.000000000000004617643048872986,-0.000000000000011137044845163422
1.24,0,1.129212076267035,-0.00000000000000015513695391131116,0.0000000000000061591693729734806,-0.00000000000004590332091469847,-0.000000000000004545570825275024
1.2466666666666666,0,1.4851676084430345,0.00000000000001334627873490546,0.000000000000019315186702286124,0.00000000000000837625004152703,-0.000000000000014928683285770258
1.2533333333333334,0,1.7505269279483768,0.0000000000000013677873219085375,-0.000000000000006035887072868594,-0.00000000000005262133654900364,0.000000000000027426971933628833
1.26,0,1.9471175376205505,-0.000000000000002627889235339954,0.00000000000000767777765061254,-0.00000000000003763862007895427,-0.000000000000016436613002157526
1.2666666666666666,0,2.0854326278186854,-0.0000000000000013585304536379136,0.000000000000012120533386569682,-0.00000000000007095160107930039,-0.000000000000039474387528031715
1.2733333333333334,0,2.0109009047460455,-0.0000000000000039687181458554446,0.000000000000021505561144467066,-0.00000000000005014880331653862,-0.000000000000012661223271192638
1.28,0,1.5782996407528551,-0.000000000000012600494897719582,0.000000000000014069880630531514,-0.00000000000004350830367548227,-0.00000000000002260279528206608
1.2866666666666666,0,0.9744548604687422,-0.000000000000003652712930145532,-0.000000000000006391260727900073,-0.00000000000011695125666538602,-0.000000000000007898670029844018
1.2933333333333332,0,0.21977538209314215,0.00000000000003968799828025285,0.000000000000025270370468681583,-0.00000000000035815436554716267,0.00000000000011272806137141875
1.3,0,-0.3058712355332816,-0.000000000000004685021588508925,-0.000000000000021382085352242616,0.0000000000001605439489004636,-0.0000000000000623326197546551
1.3066666666666666,0,-0.7342618741506631,-0.000000000000008197621664968118,-0.00000000000002346034115590416,0.00000000000001728527919718109,0.000000000000142328745914418
1.3133333333333332,0,-1.1050347999684307,-0.0000000000000239499258918837,-0.00000000000004373016480277019,0.000000000000328235134410198,0.00000000000006974130357356169
1.32,0,-1.3358915481034752,-0.00000000000002878311653321342,-0.00000000000007882335704679989,0.00000000000017671053536428195,0.0000000000001915436492219857
1.3266666666666667,0,-1.267344852999446,-0.000000000000020551752317302,-0.000000000000025639447045481312,0.00000000000012667101556692854,0.0000000000001220187953044025
1.3333333333333333,0,-1.1608063170210023,-0.000000000000012500518692916851,0.00000000000004205878666183028,0.00000000000013461649281867216,-0.00000000000007529535126389016
1.34,0,-1.2705207698670813,-0.000000000000016417312704861922,0.00000000000004014815543649122,0.000000000000026856891709549193,-0.00000000000029348943719761083
1.3466666666666667,0,-1.3802352227131567,-0.000000000000020334106716806867,0.00000000000003823752421115222,-0.00000000000008090270939957019,-0.0000000000005116835231313242
1.3533333333333333,0,-1.4907625353370404,-0.000000000000005447033156612482,0.00000000000000936733387664285,-0.00000000000015099840558789508,-0.0000000000002992202335569795
1.36,0,-1.6013098349827968,0.00000000000000990239974605341,-0.000000000000020165752214562415,-0.00000000000022016800195940214,-0.00000000000007616771492077139
1.3666666666666667,0,-1.6684890596181374,0.000000000000023986313724056892,-0.000000000000016754953938715822,-0.00000000000028637510519365723,-0.000000000000054610582697989206
1.3733333333333333,0,-1.7162183591084876,0.000000000000037502661621519954,0.0000000000000014306777778708465,-0.00000000000035125357510147996,-0.0000000000001234210810850739
1.38,0,-1.7445769154595228,0.00000000000004073508043139741,0.000000000000030036393112270864,-0.00000000000002966978002857608,-0.0000000000003244029277023312
1.3866666666666667,0,-1.767441480138861,0.000000000000042314741993599817,0.00000000000005164923343003726,0.00000000000025379234800730647,-0.0000000000005054437706749053
1.3933333333333333,0,-1.7801612827911315,0.00000000000004287743725325468,0.000000000000044334195054524054,0.00000000000022903375658249256,-0.0000000000005572117345631526
1.4,0,-1.7867007241409272,0.00000000000003707560891276324,0.00000000000003039866107643975,0.0000000000001932635480935133,-0.00000000000041801219934499424
1.4066666666666667,0,-1.788952381276996,0.00000000000002633414163738118,0.000000000000013576715715576395,0.00000000000018249707972005737,-0.0000000000002071891062547675
1.4133333333333333,0,-1.7843610156774579,0.000000000000004562884726272728,0.0000000000000023948796830002858,0.000000000000407614838256689,-0.0000000000002474733367297437
1.42,0,-1.775735329558206,0.0000000000000016820177257843487,0.00000000000000014735089558159653,0.000000000000236341363887583,-0.00000000000019482984370582566
1.4266666666666667,0,-1.764366421529269,0.0000000000000033282324367235944,0.0000000000000069064095573642645,-0.00000000000014519195150935801,-0.00000000000011933024276959543
1.4333333333333333,0,-1.7514728182591381,-0.000000000000040883308790411,0.00000000000003572013815022095,-0.0000000000002988651706712603,-0.00000000000026568568959045483
1.44,0,-1.7445625407654426,-0.00000000000002448858502875771,0.00000000000003636718874631503,-0.0000000000001078298406503925,-0.0000000000002542714651940875
1.4466666666666668,0,-1.7385399839265152,0.000000000000006045601219372819,0.00000000000002354000367910063,0.00000000000018325396137790872,-0.0000000000002088665320893709
1.4533333333333334,0,-1.7273706900832024,-0.000000000000001885865019125936,0.000000000000010262573676907863,0.0000000000003076691180602421,-0.0000000000002710741104305376
1.46,0,-1.710040305173312,-0.0000000000000023361786482288446,0.000000000000013429659672096916,0.00000000000027123355935769134,-0.00000000000016531247139748158
1.4666666666666666,0,-1.6885793592577807,-0.000000000000004065312411890206,0.000000000000014890889364543846,0.00000000000010640720597857896,-0.0000000000001714394730540178
1.4733333333333334,0,-1.6623542290589568,-0.000000000000009980069578139497,0.000000000000008902197733716438,-0.0000000000002153555838653825,-0.00000000000040329795397099
1.48,0,-1.6282731521910898,0.0000000000000004324100149188328,0.00000000000000972799825286075,0.0000000000002801037792685406,-0.0000000000005669978954057302
1.4866666666666666,0,-1.5896028681461694,0.000000000000005476433173906005,0.000000000000010528665535716702,0.0000000000005274896924840723,-0.0000000000005568673308644895
1.4933333333333334,0,-1.5435302627987908,-0.00000000000000498592673402487,0.000000000000009448679996833515,0.00000000000004149619998663809,-0.00000000000020479204518857043
1.5,0,-1.4863439045235218,0.0000000000000018781129762764356,0.00000000000001309700579969524,-0.00000000000000551188413126125,-0.00000000000015186678012350814
1.5066666666666666,0,-1.423944089676004,0.000000000000016869959067479414,0.000000000000018963380357122493,0.00000000000015340789223925482,-0.00000000000023927265712729195
1.5133333333333334,0,-1.326243820311873,0.000000000000920111040342304,-0.000000000000054952956888874035,0.000000000016964792293238318,-0.00000000001796366448611906
1.52,0,-1.224280939697857,0.0000000000019306102641664225,-0.00000000000013850324048306198,0.000000000035787000181336977,-0.000000000037817763021795646
1.5266666666666666,0,-1.0812516381182484,0.000000000020606862525982624,-0.000000000003272904900282754,0.000000000010096089771644333,-0.0000000003154615588136866
1.5333333333333334,0,-0.9219601936396313,0.00000000004627868424740841,-0.000000000007615431833162619,-0.0000000000332218422683359,-0.0000000006951890715719138
1.54,0,-0.7626687491610196,0.00000000007195050596883336,-0.000000000011957958766042339,-0.00000000007653977430831471,-0.0000000010749165843301285
1.5466666666666666,0,-0.648424004314108,0.00000000004426168997976448,-0.000000000007362182340417393,-0.000000000048428641901850076,-0.0000000006609623513871462
1.5533333333333332,0,-0.542702585337173,0.000000000006476460545208802,-0.0000000000010751816326115213,-0.000000000006802353050135753,-0.00000000009683489352486891
1.56,0,-0.4849519940192016,-0.000000000000010619318606461007,0.0000000000000031044303096491436,0.00000000000020207814208509762,0.00000000000016374700615749266
1.5666666666666667,0,-0.43820071943442385,0.000000000000008018256195931663,-0.000000000000001427784418595764,0.00000000000001537204390265102,0.00000000000005888817216576921
1.5733333333333333,0,-0.4117584149636239,0.0000000000000004502262507626732,-0.000000000000003991285633281912,-0.00000000000003436072430845948,0.0000000000002491700679300181
1.58,0,-0.3899249211465012,-0.0000000000000021939934466056658,-0.000000000000004188011792006495,-0.00000000000016336899795868336,0.00000000000019698626243607325
1.5866666666666667,0,-0.3748607718709621,0.0000000000000023937975697102932,-0.0000000000000009084580576868832,-0.00000000000040881581733158713,-0.00000000000021132713801604714
1.5933333333333333,0,-0.3663241459957127,0.0000000000000049547148278360665,0.0000000000000018592752365255073,-0.0000000000003822065844360894,-0.00000000000024525318942324876
1.6,0,-0.36105837685820014,0.000000000000006193398626380117,0.0000000000000028193041396176083,-0.00000000000028955309229199414,-0.00000000000020243722770232427
1.6066666666666667,0,-0.35931950669552404,0.000000000000005839856081544312,0.0000000000000009877573448432299,-0.00000000000016384907635037462,-0.00000000000013707113941268211
1.6133333333333333,0,-0.3620584396789379,0.000000000000005235058752104133,-0.0000000000000022361195618254393,-0.00000000000005223044981775627,-0.000000000000269238608820257
1.62,0,-0.3642712893478698,0.000000000000019989126435615172,0.0000000000000045104324512654975,0.00000000000000832637726886881,0.00000000000008560174910863828
1.6266666666666667,0,-0.36099029455731074,0.000000000000030676854831769555,0.00000000000001109246437766727,-0.0000000000000015731686586783745,0.000000000000414649455648978
1.6333333333333333,0,-0.3451668153453577,0.000000000000006961941545202617,0.0000000000000014084880453835762,-0.00000000000010585897129132235,-0.0000000000001014992637100574
1.64,0,-0.33642949020605567,0.000000000000006580758405017195,0.0000000000000063608384740989226,-0.0000000000003019902539920668,-0.00000000000026830784275471125
1.6466666666666667,0,-0.3335160812151004,0.000000000000006322020604669126,0.000000000000005969052544387658,-0.00000000000021319191136587453,-0.00000000000011044630633479039
1.6533333333333333,0,-0.3378152983270422,0.0000000000000033916216810701586,0.0000000000000035179119362327072,-0.0000000000000328464080572468,0.00000000000009637422401255207
1.66,0,-0.3493824147655137,-0.0000000000000030546450540018087,0.000000000000004218902296818434,-0.000000000000022307023699289256,-0.0000000000000027113472133032926
1.6666666666666667,0,-0.3433218073185636,-0.0000000000000022344136263846494,-0.0000000000000042955896122522296,0.00000000000013909493363958586,-0.0000000000005668346932520901
1.6733333333333333,0,-0.294894274329867,-0.0000000000000003914474694349815,-0.000000000000001270015865938855,0.00000000000009921236358441796,-0.000000000000035913033398179295
1.68,0,-0.23873997840039757,0.0000000000000001140421968185441,-0.000000000000005519958468693934,-0.00000000000000313035077640798,-0.00000000000010971067987491604
1.6866666666666668,0,-0.17646956726808782,-0.000000000000003574211674021157,-0.0000000000000034821149987142735,-0.00000000000029588479958253773,0.0000000000001458541992589591
1.6933333333333334,0,-0.10451458706942557,-0.000000000000008078268075458914,-0.000000000000003602151024432776,-0.00000000000022502793343730825,-0.00000000000006291867886964405
1.7,0,-0.018358240131369816,-0.000000000000007435960853485013,-0.000000000000004742395659278407,-0.000000000000024156012418521135,-0.0000000000001715540820931951
1.7066666666666668,0,0.07310849668782465,-0.0000000000000038588028959180146,-0.000000000000006945096034234524,0.0000000000001119109837407151,-0.00000000000012522219452829537
1.7133333333333334,0,0.15199293512418513,-0.0000000000000041929281450321276,-0.000000000000013583050983301558,0.00000000000001675211279301587,-0.00000000000031126313323503326
1.72,0,0.2023056292658049,-0.000000000000004192442116103904,-0.0000000000000011944662753960718,0.00000000000004138447714258438,0.000000000000021579915997053457
1.7266666666666666,0,0.20225900335821995,-0.000000000000003062241949975872,0.0000000000000013741403961883852,-0.000000000000041278667282437494,-0.00000000000004809372444916763
1.7333333333333334,0,0.18797138609988367,-0.0000000000000027564931257864977,0.0000000000000017647686529479368,0.00000000000000203653031587847,0.00000000000002426192430648927
1.74,0,0.16367812350044883,-0.000000000000002152901238579893,0.0000000000000045180733272672555,-0.00000000000007071716138662329,0.00000000000006288694764243812
1.7466666666666666,0,0.12453810192973058,-0.0000000000000012893697037657208,0.0000000000000015749073564056214,-0.00000000000003588753426531264,0.00000000000007898849160480283
1.7533333333333334,0,0.06920208811016823,-0.0000000000000020315928058809524,-0.0000000000000008180619159587555,-0.00000000000002336983786911746,0.00000000000006954715438045309
1.76,0,0.029297085297115992,-0.0000000000000001222341448254354,0.0000000000000001967876843071772,-0.000000000000008723195071097052,0.000000000000030545092641774565
1.7666666666666666,0,0.012335106934346697,0.0000000000000021755530291950344,0.000000000000002515712747002729,0.000000000000005216837968062555,-0.000000000000005973883732806917
1.7733333333333334,0,0.0039014756464043157,-0.00000000000000016239293822628562,0.000000000000001238843340692408,-0.0000000000000013827968631049126,0.000000000000006755021835976371
1.78,0,-0.0006002996820540338,0.0000000000000007094487910345709,0.0000000000000007980812611844912,-0.000000000000002447639473008058,0.0000000000000029930521309038622
1.7866666666666666,0,-0.0030307022197051327,-0.000000000000001290104764557614,0.0000000000000007211247539384341,-0.000000000000004521176895458199,-0.000000000000003577905352081393
1.7933333333333332,0,-0.004236069927583819,-0.0000000000000005534069292291373,-0.000000000000000002648557963227226,-0.00000000000000037240487545046187,-0.000000000000000010736886280347697
1.8,0,-0.004792678092373078,0.0000000000000002464002317127958,0.00000000000000011431012192512635,-0.000000000000000008738484340363654,-0.000000000000000987469095312996
1.8066666666666666,0,-0.004942884430627384,-0.000000000000000007291105017479594,0.00000000000000009291442485697018,0.0000000000000006478212767490881,-0.00000000000000020833458986439928
1.8133333333333332,0,-0.004840251014723313,-0.00000000000000011059573449736859,0.00000000000000005593771919640489,0.0000000000000000052182931027841245,-0.0000000000000003622159933601713
1.82,0,-0.004578360109100011,-0.0000000000000002495495315715665,-0.00000000000000010933374491882179,-0.0000000000000000625819681437081,-0.0000000000000006421906669450781
1.8266666666666667,0,-0.004225029704389438,-0.0000000000000001172179301800998,-0.00000000000000021083444619692618,0.0000000000000001133144755782348,-0.0000000000000004471908465796833
1.8333333333333333,0,-0.003821247473271184,0.00000000000000009080671369188106,0.00000000000000004851590016322138,0.00000000000000014698095074476807,-0.000000000000000324557652533967
1.84,0,-0.0033947659347895497,-0.000000000000000028995194615772556,0.00000000000000013757261840988785,0.00000000000000032701465661196997,-0.000000000000000244376512033505
1.8466666666666667,0,-0.002964387342488427,-0.00000000000000010427961967698494,0.0000000000000001369074576018148,-0.00000000000000025404715944501434,0.00000000000000007539630082641475
1.8533333333333333,0,-0.002543620823044115,-0.00000000000000023935260223636866,-0.00000000000000021527242195000258,-0.00000000000000010287341361496453,-0.00000000000000007842665061840688
1.86,0,-0.002139571840489801,-0.000000000000000012815827522942038,-0.00000000000000002756828165007405,-0.00000000000000013391308524917991,0.00000000000000001418279678909209
1.8666666666666667,0,-0.0017579410421355885,-0.00000000000000003595067514414742,0.000000000000000013249684995508818,-0.000000000000000003694506298034154,0.000000000000000010481917949771793
1.8733333333333333,0,-0.0014023827771408178,0.0000000000000000022933717543674945,-0.000000000000000020368715425920355,0.00000000000000006127462472700942,0.00000000000000006258897056665343
1.88,0,-0.0010744000167218796,0.0000000000000000039807833877335276,0.0000000000000000026247867314980332,0.00000000000000005044334770603617,0.000000000000000023945290305659297
1.8866666666666667,0,-0.0007752168364600191,-0.000000000000000025198944061686432,0.00000000000000001833669214047102,-0.00000000000000010596875835200708,0.0000000000000001367281251787428
1.8933333333333333,0,-0.0005046064568961153,-0.000000000000000022171994120187783,0.00000000000000005905848055260846,0.000000000000000002785887605742183,0.00000000000000003781369366629758
1.9,0,-0.0002641689788011555,0.0000000000000000839280839118328,0.00000000000000006661410107926411,0.00000000000000002222559648761,0.000000000000000101231406709872
1.9066666666666667,0,-0.000051208992042453625,0.000000000000000008242403748465383,0.000000000000000021982094448508642,-0.000000000000000048922023365667103,0.000000000000000013253946436607313
1.9133333333333333,0,0.00013497516534746235,-0.000000000000000013619468688186014,-0.00000000000000001083421748033632,-0.000000000000000053260608670203376,0.000000000000000017762021611081488
1.92,0,0.0002955452459282257,-0.000000000000000011281491121842167,0.000000000000000015103926122320052,-0.00000000000000000881717422001504,-0.00000000000000002812118267760953
1.9266666666666667,0,0.000431727511302756,0.000000000000000008328869526457095,0.000000000000000013521317893420166,0.00000000000000000017001167054485255,-0.000000000000000010637641203450537
1.9333333333333333,0,0.000544751221831439,0.000000000000000014218023820296755,0.00000000000000001062612673564532,-0.000000000000000010530034632328762,0.0000000000000000009295322496246898
1.94,0,0.000635856905518444,-0.0000000000000000004526466081290763,0.000000000000000004264799669587387,-0.00000000000000001079074199292839,-0.0000000000000000017128007437716638
1.9466666666666668,0,0.0007062550774478382,0.000000000000000011420161474356856,0.0000000000000000034925611334035096,-0.000000000000000006302864122587393,0.00000000000000001811617583797905
1.9533333333333334,0,0.0007571754600699428,0.0000000000000000014492700848841664,-0.000000000000000007882103514324933,0.0000000000000000320091188344999,-0.000000000000000006165385120668943
1.96,0,0.0007883609761856073,-0.000000000000000010583012584264146,-0.0000000000000000014616349638166565,0.0000000000000000015402583212512712,-0.00000000000000000559248612229203
1.9666666666666666,0,0.000802087892825564,-0.0000000000000000032345893130002665,-0.000000000000000012648758870587781,-0.000000000000000007505863960277561,0.0000000000000000026501096706852376
1.9733333333333334,0,0.0007999906157976115,-0.00000000000000000032624401728244015,0.000000000000000005634625992888664,-0.000000000000000005496121258676216,0.000000000000000002271834319432129
1.98,0,0.0007831689306370428,0.000000000000000003769470515630573,0.0000000000000000122250848680609,-0.000000000000000009695008981512544,0.00000000000000000019301409300208288
1.9866666666666666,0,0.0006471920073040754,0.0000000000000000028774906407784523,0.000000000000000005331249112080024,-0.0000000000000000045745525661600735,-0.000000000000000003618607428907025
1.9933333333333334,0,0.0003251983276659967,0.000000000000000004765814448905941,-0.00000000000000000006970047889840474,0.0000000000000000016877993818128675,-0.0000000000000000037881916860719504
