# n,energy,berry,bcd_x,bcd_y,qmd_x,qmd_y
0.0000003333333333333333,-3.0994364768064298,0.000000026084667478572022,0,0,0,0
0.006688963210702341,-3.0515741103028944,0.0005452324901294264,-0.00000000000000000104507577571201,0.000000000000000001063784668748898,0.00000000000000000006189061668781317,-0.0000000000000000005639215839916509
0.013377926421404682,-3.0044012098058945,0.00114384206592939,0.00000000000000000017908070113227214,0.0000000000000000006754373781834917,-0.0000000000000000008456391717208925,0.000000000000000000410918143396647
0.020066889632107024,-2.9579052152289758,0.001816287225959137,-0.000000000000000006623125802344243,0.0000000000000000023362622133992456,-0.0000000000000000010729772223345833,-0.000000000000000004961969401429513
0.026755852842809364,-2.923701354652439,0.0022061763852210736,-0.0000000000000000017702173932077696,0.00000000000000000523572099587255,-0.0000000000000000011271138686524692,0.0000000000000000033065985330109683
0.033444816053511704,-2.899995336914757,0.002300805340007785,0.0000000000000000013773811503597494,0.000000000000000014226132914505387,0.000000000000000005018921747014895,0.0000000000000000046190804856868644
0.04013377926421405,-2.8768518113281254,0.002406008322137653,0.0000000000000000024289037047867815,0.000000000000000005952199743752985,-0.000000000000000005037732675340075,0.000000000000000002256847786107101
0.046822742474916385,-2.853887157218952,0.002536622230720072,-0.00000000000000000005085151621322172,0.000000000000000010074604869569948,0.00000000000000000695736982426898,0.0000000000000000030835419230372076
0.05351170568561873,-2.8311020822340516,0.002693354344545871,-0.000000000000000005120574392037303,0.000000000000000007006385877932518,-0.000000000000000016202367853857385,-0.0000000000000000025000400628253997
0.06020066889632107,-2.808484368189989,0.002878512094569643,0.0000000000000000041068389315873644,0.000000000000000018511152390047424,0.0000000000000000024854010669218853,-0.000000000000000004091325464132751
0.06688963210702341,-2.786037812107578,0.003093268447481919,0.000000000000000007519576968141071,0.00000000000000003919408194689452,-0.0000000000000000032566081218376694,-0.000000000000000004256856916379483
0.07357859531772576,-2.7637851161023144,0.0033407182858891035,-0.0000612797811041101,0.0000321275477973571,0.00007228032855632735,-0.00006076667847421463
0.0802675585284281,-2.7416875938781002,0.003622600127551839,-0.00008274457268957657,0.000039246543938713336,0.00010330840175435222,-0.00007194925518469983
0.08695652173913043,-2.719737454443192,0.0039411133178751875,-0.00007650912363103951,0.0000309176032386896,0.00010079931146789998,-0.000052927446864843174
0.09364548494983277,-2.698008602956806,0.004302316540941586,-0.00008083595640975034,0.000028643647504683402,0.00010693986680920464,-0.00004516744491839264
0.10033444816053512,-2.6764145751745447,0.004702690258234958,-0.00008866079559902284,0.00002792955318010424,0.00011373917629317592,-0.000039961259090055324
0.10702341137123746,-2.654979944471226,0.005151669800305691,-0.00009869166873254561,0.00002788796111697807,0.00011867639435393448,-0.000035608500277738535
0.11371237458193979,-2.63377256473073,0.005648505338778083,-0.00011065550599404783,0.000028170932176728518,0.00011963567262092573,-0.00003161410652316661
0.12040133779264214,-2.612744279598273,0.006200780358062037,-0.00011478825439482404,0.00002264472044149088,0.00011963664053403756,-0.00004526463573080249
0.12709030100334448,-2.5918696073324634,0.0068149926140385585,-0.000050331556884431136,-0.000027278624990359256,0.00014553254584539392,-0.00019092818680593307
0.13377926421404682,-2.5711823960201787,0.007491210850533567,-0.00008601278319257147,-0.000020182706190491996,0.00008192015932489873,-0.000177839376462609
0.14046822742474915,-2.550673830392789,0.008236934276384828,-0.0001066821216651498,-0.00002336144895372342,0.000014595155115708111,-0.0001876849842588231
0.14715719063545152,-2.5303429904179846,0.009061418331035857,-0.00012450726511070958,-0.000030200757172934546,-0.00007409899830428064,-0.00020390808124993686
0.15384615384615385,-2.510185173016507,0.009972124650390808,-0.00014163253288037962,-0.000039762193978308856,-0.00019424307096810076,-0.0002240614964948838
0.1605351170568562,-2.4902430927172747,0.010984115185132506,-0.00015855479747857432,-0.000051870960993317884,-0.00035599479855293915,-0.0002476864462286116
0.16722408026755853,-2.470487838945085,0.012122502669971055,-0.00017545658299451168,-0.00006657886721697359,-0.0005717975513446428,-0.00027493764150927447
0.17391304347826086,-2.450923317131784,0.013389440586214907,-0.00019204660218528227,-0.00008406780454537868,-0.0008563837450470542,-0.000306541772897013
0.1806020066889632,-2.4315712520667248,0.014829004453692203,-0.00020792030748028193,-0.00010452017885652548,-0.0012269698059494127,-0.0003434903514890692
0.18729096989966554,-2.412467881570328,0.016475777925077376,-0.00022243414243481362,-0.00012806485325998805,-0.0017029360988963188,-0.00038706479266492025
0.1939799331103679,-2.39353837951274,0.018410126327576822,-0.0002346448742373342,-0.00015509527231334739,-0.0023178571383909155,-0.0004396604477683138
0.20066889632107024,-2.374942830361975,0.020723970964395728,-0.00024337366797966227,-0.00018544006182567667,-0.0030972063931999374,-0.000503284704246761
0.20735785953177258,-2.3565947002530256,0.023549046458302608,-0.0002473362683975274,-0.00021903869828874647,-0.0040700142589383025,-0.0005802618336709247
0.2140468227424749,-2.3385605558609233,0.02711569654376111,-0.0002451185392087893,-0.0002555440004416996,-0.005264298429969996,-0.000672787101796974
0.22073578595317725,-2.320910399248465,0.03181970755037853,-0.00023523306323108647,-0.0002943653962791276,-0.006701163907342187,-0.0007821036234144589
0.22742474916387959,-2.3037522021354726,0.03841674986203062,-0.00021652596995382688,-0.00033457032977007514,-0.008386454860400237,-0.0009076615080626255
0.23411371237458195,-2.28737841454483,0.04868830600587753,-0.00018889885357310443,-0.00037458062535049226,-0.010281664277189734,-0.0010449514870576727
0.2408026755852843,-2.272103363970199,0.06450193545187967,-0.0001534193356612427,-0.00041278632868574534,-0.012317037986066003,-0.0011873881301453048
0.24749163879598662,-2.256898024941155,0.0826801348162616,-0.00010305030465201423,-0.0004502971961900884,-0.014712866127700036,-0.0013400197564926717
0.25418060200668896,-2.240108288421245,0.09344862154319841,-0.000034043349285325996,-0.0004894824728307215,-0.01764438969275667,-0.0015025118870657533
0.2608695652173913,-2.2218574416366463,0.09680807906220232,0.000058518709280882926,-0.0005270758551749765,-0.02115270579177786,-0.0016467427529350566
0.26755852842809363,-2.20273432380043,0.09450053365131106,0.00017468050375828913,-0.0005571268701823614,-0.02507166412202281,-0.001706860543426259
0.27424749163879597,-2.18308801442047,0.08632812559939565,0.0003105905368329549,-0.000573274729188934,-0.029109261030891544,-0.001576618470898875
0.2809364548494983,-2.163438145808267,0.07119941342021477,0.00045524944175793,-0.0005696527796279985,-0.032764525253792365,-0.0011103420676162642
0.28762541806020064,-2.144697523932021,0.046771608699964794,0.0005901985360302192,-0.0005445178557694948,-0.03541192258689831,-0.0001857700561563417
0.29431438127090304,-2.1263999075860855,0.014545641657922551,0.0007062864038326784,-0.0004984091094007824,-0.036691086074375864,0.0013470417958413683
0.3010033444816054,-2.1045679061363436,-0.017604421689170778,0.0008006541633338456,-0.00041740586923199577,-0.03553508959457279,0.004349965089084063
0.3076923076923077,-2.0846334218888507,-0.056863282627857586,0.0008274832498860524,-0.00033076940275539795,-0.03132778251832381,0.008405095582914763
0.31438127090301005,-2.0652357955299294,-0.09340184582479771,0.0007827698905868071,-0.0002504671589986136,-0.023663435979371115,0.013805275099629305
0.3210702341137124,-2.0449902213063393,-0.12466358246187675,0.0006475779882218782,-0.00019080923880152495,-0.011106291217748233,0.021281109489889347
0.3277591973244147,-2.023988265431936,-0.1519538227952822,0.0012747579077488323,-0.0006438261100451618,-0.010150685451494883,0.02934703446068832
0.33444816053511706,-2.0022930710978666,-0.1765209493767278,0.002615749748792453,-0.0013911930925250373,-0.022914184333262137,0.036840824068414914
0.3411371237458194,-1.9809404522112997,-0.18533850189463552,0.0008575423458861496,-0.00007104857228158802,0.023401478300265566,0.04774132419229987
0.34782608695652173,-1.9620588328379176,-0.16529843548263615,0.0008602395067187179,0.00014947989487479893,0.03005903194241053,0.05015005021398674
0.35451505016722407,-1.9452644978666478,-0.13569947288904716,0.0008847195278835953,0.00016022925610447523,0.029561806154950895,0.050589861519262064
0.3612040133779264,-1.9288883842345297,-0.1080147532674442,0.0009033017682686679,0.00014290697734488164,0.03053161921345417,0.05127116833575465
0.36789297658862874,-1.9129870813891565,-0.0818158163083078,0.0006045726570817841,0.0004621267954189911,0.04864321211037535,0.06891881194866228
0.3745819397993311,-1.897426928202641,-0.056458644369697525,0.000577606771603277,0.0005297540412778586,0.06310596404000264,0.07961358029671765
0.38127090301003347,-1.8821991654325416,-0.0318156403609224,0.000621441662229572,0.0004889336645108887,0.07667273112133206,0.08742141675427448
0.3879598662207358,-1.8672904878063714,-0.007804502469268245,0.0005769671527979855,0.0004607600625127127,0.091897197650747,0.0959874710105137
0.39464882943143814,-1.8528592454534605,0.014827271598126761,0.0004934721999773773,0.000425160204162265,0.10929152515735276,0.10543441248923009
0.4013377926421405,-1.8387171675403395,0.036131374788096415,0.00040991315267420794,0.0003886172577075702,0.12818798023494324,0.11575722048364079
0.4080267558528428,-1.8248434631691524,0.05596365341268706,0.0003343114187311111,0.0003575528475958332,0.1481643006595701,0.12694596325554072
0.41471571906354515,-1.8114044584745363,0.07275754401152494,0.00029349273306806964,0.0003527148107505242,0.16903148689017733,0.13968217128314434
0.4214046822742475,-1.7983529340151352,0.0831758283359446,0.0003553687040746669,0.00044820537149344757,0.18134168391445998,0.1529054721619345
0.4280936454849498,-1.7855865395177761,0.08598677269845771,0.0003877121269127646,0.0007628751533918284,0.18924574004743708,0.18181747116357883
0.43478260869565216,-1.773632563575758,0.053179191535477836,-0.00016667051957660044,0.0023971028304412673,0.19363589925477698,0.328738409365329
0.4414715719063545,-1.7614638860171596,0.01565341071710014,-0.0011836690079099273,0.004222670191432606,2.840620000645105,-6.3427700423806685
0.44816053511705684,-1.7490067820698345,-0.028210716824401634,-0.002822137510099575,0.006305279930299853,9.037618488311095,-22.174037032785712
0.45484949832775917,-1.737040461173133,-0.0699165430106001,-0.0023840812898982154,0.006320302420029083,5.208891948657304,-13.446667912318095
0.46153846153846156,-1.7253232320793805,-0.11045080343028982,-0.0015084360385925098,0.005964903479813777,-0.39853295144515527,-0.28488797100798774
0.4682274247491639,-1.7147628507368031,-0.145224371564015,-0.001187757828225896,0.006739331817100138,-0.3729202834300982,-0.23739365516644506
0.47491638795986624,-1.7042088667283282,-0.17798536456561082,-0.0008933333526007461,0.0074947081841637685,-0.3515768589896264,-0.19863683112646396
0.4816053511705686,-1.6936822311972972,-0.20214263846728484,-0.0007111430765507573,0.008168637753301886,-0.34848436684901585,-0.19723261266050132
0.4882943143812709,-1.6833470441691538,-0.22804453971019364,-0.0005500818580719455,0.008789071906389723,-0.3434602595471545,-0.19537210322119095
0.49498327759197325,-1.6735257820123117,-0.2586297232367918,-0.0004457395380394394,0.009265902822083878,-0.33325091935928947,-0.1922867250771553
0.5016722408026756,-1.664087616121089,-0.2961445992063247,-0.00034659817012354496,0.009708965669240366,-0.3234729389111043,-0.18941135844876344
0.5083612040133779,-1.656044141912061,-0.35888755823926366,-0.0002663912719676259,0.010029093242577081,-0.31526535706754216,-0.18730055503938373
0.5150501672240803,-1.648000667703033,-0.4216305172722027,-0.00018618437381170679,0.010349220815913798,-0.3070577752239801,-0.185189751630004
0.5217391304347826,-1.6408152456738567,-0.5025209664528574,-0.00010477539828819101,0.010598584079411876,-0.300178574556778,-0.1835940612674272
0.5284280936454849,-1.6339885885846763,-0.5909991630535427,-0.000022863815551754006,0.010818359686157545,-0.29385479068615206,-0.1822137476682534
0.5351170568561873,-1.6271619314954957,-0.6794773596542282,0.000059047767184683,0.011038135292903213,-0.2875310068155262,-0.18083343406907962
0.5418060200668896,-1.618210679449837,-0.7161039563131152,0.00018955342220358044,0.011261949998557544,-0.27981013591371295,-0.17933387486631222
0.5484949832775919,-1.6085412924809872,-0.7352041794729048,0.00033648437290516694,0.011487129961140348,-0.2716170352418094,-0.17779400942441137
0.5551839464882943,-1.598380940689438,-0.736107122321677,0.0005179518640770882,0.011647806255360245,-0.26333104395982765,-0.1763147294990612
0.5618729096989966,-1.587966722385722,-0.7276006739678814,0.0007172773985672704,0.011775129200109572,-0.2549970210998116,-0.17486677693783864
0.568561872909699,-1.5773788115129215,-0.7012626985085613,0.0009534042321289588,0.011793801563761383,-0.246600378956371,-0.17334345903212472
0.5752508361204013,-1.5667234529723595,-0.668000449188625,0.0012038216125232057,0.011770283128263904,-0.23817942072015708,-0.17179087552948413
0.5819397993311036,-1.556161786045935,-0.6113704722669933,0.0014892910394199766,0.011590417343905085,-0.22970901257680942,-0.17001321456528687
0.5886287625418061,-1.5456199504870138,-0.5497943323609017,0.0017821798071228192,0.011377458077679413,-0.22122813754920062,-0.16818791226308857
0.5953177257525084,-1.5355988788600785,-0.45372253626418513,0.0020912650531674922,0.01097498122972483,-0.2128338488295971,-0.1660005150352041
0.6020066889632107,-1.5256293643975658,-0.3542355685151197,0.002401953798313479,0.010553741582501676,-0.20444813240973322,-0.16377726934225992
0.6086956521739131,-1.5174814831545647,-0.18634009406214433,0.002666814551748962,0.010031644650284105,-0.19730826566028667,-0.16152721917892002
0.6153846153846154,-1.509571324896291,-0.009517315133045212,0.0029256947560504063,0.009496385850702914,-0.19033098218995528,-0.15927367103440684
0.6220735785953178,-1.5012288362122592,0.16738393963164402,0.003194457220764659,0.008845273246573231,-0.18288676447731314,-0.15670090828752886
0.6287625418060201,-1.4920161901782976,0.3444431437819472,0.0034831098459205353,0.007960980108437871,-0.17450274184076806,-0.153485657952678
0.6354515050167224,-1.48234380356747,0.5024990614399609,0.0037833724080256646,0.007003543476009969,-0.16366418914870295,-0.1489793540700002
0.6421404682274248,-1.4698515577976943,0.543996654334255,0.004154845536890727,0.005597474804825902,-0.1377705610374624,-0.13655425999405635
0.6488294314381271,-1.4563901527383154,0.5490886952766262,0.004309118403005199,0.0036445498287708167,-0.11198110827686032,-0.12377284076159646
0.6555183946488294,-1.4419623537576787,0.5181921211829639,0.004215855950865331,0.0010964676038123565,-0.08666661500489904,-0.11083057561942278
0.6622073578595318,-1.4268834213940642,0.4652221461783947,0.003740761058970715,-0.002199013716149173,-0.06425011185971238,-0.09913090476482438
0.6688963210702341,-1.4112726016413952,0.3882503255773418,0.002923973216223068,-0.006404481109158519,-0.043923609119953244,-0.08920631763808087
0.6755852842809364,-1.39521014191078,0.28374801472753536,0.00023646573656576752,-0.009846488593629249,-0.02601606764642088,-0.07541886263599876
0.6822742474916388,-1.3778947508588992,0.21231478243906565,-0.002879821296305318,-0.0126779019893988,-0.013280647614442267,-0.06264327211386347
0.6889632107023411,-1.357532468990812,0.3335997281286674,-0.002093578030003342,-0.017184094973473223,0.004568538617874476,-0.07012185298447056
0.6956521739130435,-1.3361625366871026,0.590026523704902,-0.00040311880569629077,-0.022624166499337718,0.024993932204754273,-0.07519073815263048
0.7023411371237458,-1.3152419798244497,0.8975078113821835,0.002169438329097527,-0.02608534571573633,-0.012142335465198079,-0.050138264893065713
0.7090301003344481,-1.2949992389933263,1.269320045970486,0.0030062737795172297,-0.027311063749882535,0.007093382603847707,-0.03803568743600084
0.7157190635451505,-1.2745824761174391,1.6866301124234067,0.0032171346765991603,-0.027411768377544436,0.025013631829020985,-0.0250221053876379
0.7224080267558528,-1.2533669412579382,2.096514869686392,0.0026761766474146928,-0.02630713286980722,0.0399363665088855,-0.01238741864093671
0.7290969899665551,-1.2318132356530334,2.39302555564152,0.0014547899695714294,-0.024164131601706273,0.04988869948952199,-0.0019119978334174535
0.7357859531772575,-1.208739424687729,2.49325742637949,-0.0003013814470178626,-0.021151042565957706,0.05453789496095515,0.00594529320485012
0.7424749163879598,-1.1855012758006414,2.510266857466349,-0.0021795770533291218,-0.017817535710052127,0.05391959515161869,0.010505592941969292
0.7491638795986622,-1.1625053892698705,2.469995943162372,-0.003850630854978912,-0.014572966147612781,0.04955785487212893,0.012375624785544614
0.7558528428093646,-1.140089259356238,2.380927045580829,-0.005107185503145059,-0.011690018514129926,0.04318013491814522,0.012440241744250896
0.7625418060200669,-1.118695820316576,2.2349020389217706,-0.005895829887015421,-0.009300331165162023,0.0363665285782102,0.011595178269290967
0.7692307692307693,-1.0989525655880679,2.0099701097253075,-0.006298567675383273,-0.0074068229354223546,0.030142214301144825,0.0104811649413641
0.7759197324414716,-1.0805492412685562,1.7334983546112794,-0.006418856445601949,-0.005905353450992877,0.02471576921151821,0.009357400022658441
0.782608695652174,-1.0598207916018383,1.6073831895967816,-0.006305166078197512,-0.00450592139217596,0.019303975693325887,0.008157473509096647
0.7892976588628763,-1.0379320268473087,1.5358226650003939,-0.005964526021833237,-0.003320685479205611,0.01448626335299244,0.007062982717815118
0.7959866220735786,-1.0153287369341764,1.4908133092862186,-0.005455830313897566,-0.0023542720856342984,0.010434049538300861,0.006152819730724269
0.802675585284281,-0.9920570832920501,1.4622633197452841,-0.00482886258487729,-0.001583368282437327,0.007133411007580201,0.005443169321435166
0.8093645484949833,-0.9681784597661227,1.4448072799505718,-0.004128203011499483,-0.0009839635750927304,0.0045194061669413515,0.004927200823796437
0.8160535117056856,-0.9437488633144598,1.4342957562845458,-0.003390051652641853,-0.0005331273500013619,0.0024979981295410736,0.004586064145206389
0.822742474916388,-0.9187686610848926,1.4289322199491599,-0.0026391452553119507,-0.00021123986189741742,0.0009619284021577215,0.004396626338228407
0.8294314381270903,-0.893216652873123,1.4277297498655515,-0.0018946955304364403,-0.0000205096323763274,-0.00013651244499386395,0.004358359457448353
0.8361204013377926,-0.8671384607887443,1.4292476725940682,-0.0011580490276936301,0.00006840639711150055,-0.0009605180767782468,0.004436750581328757
0.842809364548495,-0.8405470620256453,1.4329666209089889,-0.0004209933421344886,0.000057470943846466536,-0.0015835011181179197,0.004630354989826855
0.8494983277591973,-0.8134167257550992,1.4384039385423364,0.0003480490090300034,-0.00007438991635703876,-0.00205498585497371,0.00497337688688578
0.8561872909698997,-0.7857314791412101,1.4457159534156478,0.0012291443396912237,-0.0003602177780312728,-0.0024447090366995243,0.0055257537388329675
0.862876254180602,-0.7575705864120369,1.453991185117413,0.0023881981735672077,-0.0008701573594307539,-0.002811957345427525,0.006426017090161356
0.8695652173913043,-0.7287752323400162,1.4637911017650387,0.0049750100386492255,-0.0022479324574108343,-0.003317384163796482,0.008713196513825343
0.8762541806020067,-0.6994959936786136,1.4743445617554467,0.02884939100671614,-0.01580571116015439,-0.00651786250177862,0.029698114531796223
0.882943143812709,-0.6695971572342929,1.485940268965463,-0.003275318343075352,0.0029101108028029288,-0.002475078740403661,0.0021136302491845354
0.8896321070234113,-0.6391561362176977,1.4986398973677424,-0.0034233826027853186,0.003104813176192013,-0.0026921525010825615,0.0022946200102121777
0.8963210702341137,-0.608087606177284,1.512377486267898,-0.003697480138416569,0.003327850650147612,-0.002951342629467686,0.0025241746505830364
0.903010033444816,-0.5764802889530948,1.5269027656061418,-0.004108709807720083,0.003587476407612517,-0.003268791551536789,0.0028127851703569472
0.9096989966555183,-0.5441510058861044,1.5426667484925138,-0.00472834638625553,0.003914540083398672,-0.0036922301028631437,0.003200868910953618
0.9163879598662207,-0.5111995717981509,1.5597902473403658,-0.005614427866403741,0.004343143727392255,-0.0042681413577562635,0.0037261985381939174
0.9230769230769231,-0.47758494908698984,1.5780395037166577,-0.006957272318016402,0.004974059000270339,-0.005131171655490366,0.004501059205227752
0.9297658862876255,-0.44325650541983974,1.5975030106423975,-0.009288026392866864,0.006106334016719534,-0.006664167410894847,0.005843915274148866
0.9364548494983278,-0.4081766443387244,1.6187515874012182,-0.01488615020245411,0.009053588444650143,-0.010509185697012025,0.009129283176023299
0.9431438127090301,-0.3723765431911161,1.6416448999919377,-0.025025959970394224,0.01444801049956789,-0.017696336267538654,0.015090505401616324
0.9498327759197325,-0.3357004225948062,1.666411713450743,0.00000000000000010858374103265432,-0.000000000000006669298768007137,0.0000000000000010634623283048167,-0.0000000000000003923737848230826
0.9565217391304348,-0.2981469357786272,1.693692445625151,0.0000000000000003975783570828393,-0.0000000000000050222702727282315,0.0000000000000030184415459913393,0.00000000000000019977093059906378
0.9632107023411371,-0.25972042457267475,1.7234567693289229,0.0000000000000010783215846705305,0.000000000000002760692062722348,-0.0000000000000005258868154100516,-0.0000000000000016881909375585877
0.9698996655518395,-0.21424125813417821,1.463845375221923,-0.0000000000000002231617774328674,0.000000000000003250457964280386,-0.0000000000000015640827813494036,-0.0000000000000000554959003733771
0.9765886287625418,-0.166588298191874,1.1221736722131275,0.0000000000000002447257567284615,0.00000000000000010426916367981901,-0.0000000000000009368218507060435,0.00000000000000043631489219417696
0.9832775919732442,-0.11896990065524105,0.792993689821968,-0.00000000000000011870408725882278,0.0000000000000019832885979590537,-0.0000000000000027956161344197235,0.00000000000000029275280020011623
0.9899665551839465,-0.07138165036511677,0.47236273883835705,-0.00000000000000013957124474713176,0.00000000000000030638197461158826,-0.0000000000000013456443249655283,-0.00000000000000031503052199550454
0.9966555183946488,-0.023779784016156442,0.15691583275349974,-0.00000000000000016147096449970623,-0.000000000000003041679577447681,0.0000000000000004532472234778348,0.0000000000000002509655779429205
1.0033444816053512,0.023779784016155905,-0.1569158327538726,0.00000000000000014775975507312317,0.0000000000000030525738450722193,-0.0000000000000005389355125005379,-0.00000000000000026478589027335377
1.0100334448160535,0.07138165036511598,-0.4723627388387283,0.00000000000000015472226046890042,-0.00000000000000018639555055919095,0.0000000000000014968249386145895,0.00000000000000024772254240526106
1.0167224080267558,0.11896990065524184,-0.79299368982235,0.00000000000000012289344497869914,-0.0000000000000018657888358571176,0.0000000000000027215642588570762,-0.00000000000000027527676223350257
1.0234113712374582,0.1665882981918733,-1.1221736722135012,-0.00000000000000008636139341021767,0.0000000000000007409764215319309,0.0000000000000007295976531594828,0.0000000000000000725477592652285
1.0301003344481605,0.21424125813417752,-1.4638453752222942,0.0000000000000002451106197220897,-0.0000000000000029094895747701634,0.0000000000000015346175047537103,0.00000000000000005592556181228795
1.0367892976588629,0.2597204245726748,-1.723456769329299,-0.0000000000000013390154967671796,-0.0000000000000004526681061273115,0.0000000000000002622257748981416,0.0000000000000017336245644083537
1.0434782608695652,0.2981469357786266,-1.6936924456255276,-0.00000000000000006473470720997912,0.00000000000000012890468227737303,0.000000000000004322168829472774,-0.00000000000000036782383933829364
1.0501672240802675,0.33570042259480515,-1.6664117134511198,0.000000000000000011679643723836222,-0.000000000000003123341133841958,-0.0000000000000016916335442512412,0.00000000000000013850611160432828
1.0568561872909699,0.37237654319111624,-1.6416448999923139,0.02502595997036592,-0.014448010499547352,0.01769633626751636,-0.015090505401599008
1.0635451505016722,0.4081766443387236,-1.618751587401595,0.014886150202453811,-0.009053588444647678,0.010509185697011213,-0.009129283176023737
1.0702341137123745,0.44325650541983946,-1.5975030106427743,0.00928802639286697,-0.006106334016719431,0.006664167410894748,-0.005843915274149
1.0769230769230769,0.47758494908699023,-1.578039503717034,0.006957272318016449,-0.00497405900027039,0.005131171655490212,-0.00450105920522773
1.0836120401337792,0.5111995717981503,-1.5597902473407428,0.0056144278664037725,-0.004343143727392015,0.00426814135775625,-0.0037261985381940063
1.0903010033444815,0.5441510058861035,-1.5426667484928909,0.004728346386255463,-0.003914540083398636,0.0036922301028629047,-0.0032008689109536688
1.0969899665551839,0.5764802889530948,-1.5269027656065184,0.004108709807719906,-0.00358747640761293,0.0032687915515362525,-0.0028127851703565955
1.1036789297658862,0.6080876061772836,-1.5123774862682746,0.003697480138415705,-0.0033278506501468207,0.0029513426294678733,-0.002524174650583048
1.1103678929765886,0.6391561362176973,-1.4986398973681188,0.0034233826027864223,-0.0031048131761926925,0.0026921525010826074,-0.002294620010212466
1.117056856187291,0.6695971572342927,-1.4859402689658392,0.003275318343075342,-0.0029101108028026577,0.002475078740403708,-0.0021136302491845224
1.1237458193979932,0.699495993678613,-1.4743445617558228,-0.028849391006716213,0.01580571116015626,0.006517862501778329,-0.0296981145317978
1.1304347826086956,0.728775232340016,-1.4637911017654144,-0.004975010038649429,0.00224793245741026,0.003317384163796668,-0.00871319651382564
1.137123745819398,0.7575705864120359,-1.453991185117789,-0.002388198173567116,0.0008701573594308157,0.002811957345427946,-0.006426017090161096
1.1438127090301002,0.7857314791412087,-1.4457159534160238,-0.001229144339690215,0.0003602177780319499,0.0024447090366995234,-0.005525753738832696
1.1505016722408026,0.8134167257550985,-1.438403938542712,-0.0003480490090294761,0.00007438991635659467,0.002054985854974832,-0.004973376886885679
1.157190635451505,0.8405470620256446,-1.4329666209093648,0.0004209933421347493,-0.00005747094384650221,0.001583501118119662,-0.004630354989831638
1.1638795986622072,0.867138460788744,-1.429247672594444,0.0011580490276936074,-0.00006840639711222411,0.0009605180767782209,-0.004436750581328648
1.1705685618729098,0.8932166528731237,-1.4277297498659274,0.0018946955304365099,0.000020509632376292962,0.0001365124449935331,-0.004358359457448713
1.1772575250836121,0.9187686610848931,-1.4289322199495358,0.0026391452553118327,0.0002112398619042699,-0.000961928402158939,-0.00439662633823151
1.1839464882943145,0.9437488633144608,-1.434295756284922,0.0033900516526430596,0.0005331273499989469,-0.0024979981295390244,-0.00458606414520771
1.1906354515050168,0.9681784597661235,-1.444807279950948,0.004128203011499571,0.0009839635750920608,-0.004519406166937439,-0.0049272008237962964
1.1973244147157192,0.9920570832920513,-1.462263319745661,0.004828862584877039,0.0015833682824332117,-0.0071334110075809845,-0.005443169321436214
1.2040133779264215,1.0153287369341772,-1.4908133092865952,0.005455830313898113,0.0023542720856341375,-0.010434049538297595,-0.006152819730721618
1.2107023411371238,1.0379320268473091,-1.5358226650007707,0.005964526021833774,0.003320685479206729,-0.014486263352991476,-0.007062982717814097
1.2173913043478262,1.059820791601839,-1.60738318959716,0.006305166078196713,0.004505921392177674,-0.01930397569332566,-0.008157473509096926
1.2240802675585285,1.0805492412685562,-1.7334983546116554,0.006418856445602738,0.005905353450992863,-0.02471576921151915,-0.009357400022660216
1.2307692307692308,1.0989525655880676,-2.0099701097256837,0.006298567675386648,0.00740682293541943,-0.030142214301156513,-0.010481164941381115
1.2374581939799332,1.1186958203165762,-2.2349020389221503,0.005895829887016331,0.009300331165160953,-0.03636652857820465,-0.011595178269305102
1.2441471571906355,1.1400892593562377,-2.3809270455812044,0.005107185503143611,0.011690018514139389,-0.04318013491815009,-0.012440241744242622
1.2508361204013378,1.1625053892698707,-2.469995943162748,0.003850630854981681,0.014572966147611001,-0.04955785487213618,-0.012375624785531596
1.2575250836120402,1.1855012758006416,-2.5102668574667235,0.0021795770533293173,0.017817535710050805,-0.053919595151617504,-0.01050559294196647
1.2642140468227425,1.2087394246877292,-2.4932574263798633,0.00030138144701906064,0.021151042565951524,-0.054537894960951176,-0.005945293204852942
1.2709030100334449,1.231813235653033,-2.3930255556418953,-0.0014547899695751556,0.02416413160170261,-0.049888699489524894,0.00191199783341474
1.2775919732441472,1.253366941257938,-2.0965148696867697,-0.0026761766474199906,0.02630713286980712,-0.03993636650889019,0.01238741864093533
1.2842809364548495,1.274582476117439,-1.6866301124237784,-0.0032171346765987496,0.02741176837754223,-0.0250136318290181,0.025022105387637265
1.2909698996655519,1.2949992389933263,-1.269320045970855,-0.003006273779515672,0.02731106374988242,-0.007093382603840622,0.03803568743600577
1.2976588628762542,1.3152419798244495,-0.8975078113825554,-0.002169438329098131,0.02608534571573918,0.012142335465195185,0.05013826489306858
1.3043478260869565,1.3361625366871024,-0.5900265237052716,0.0004031188056922315,0.022624166499340452,-0.024993932204753724,0.07519073815262145
1.3110367892976589,1.357532468990812,-0.33359972812903566,0.0020935780300034247,0.017184094973468733,-0.004568538617879876,0.07012185298446585
1.3177257525083612,1.3778947508588992,-0.2123147824394341,0.002879821296307449,0.012677901989393048,0.013280647614438063,0.06264327211387187
1.3244147157190636,1.3952101419107803,-0.28374801472790484,-0.00023646573656796975,0.009846488593628824,0.026016067646420553,0.07541886263599475
1.3311036789297659,1.411272601641395,-0.38825032557771066,-0.0029239732162254007,0.006404481109161041,0.043923609119948324,0.0892063176380763
1.3377926421404682,1.4268834213940633,-0.46522214617876323,-0.0037407610589705914,0.002199013716149934,0.06425011185971159,0.09913090476482055
1.3444816053511706,1.441962353757678,-0.5181921211833336,-0.004215855950873345,-0.0010964676038173588,0.0866666150049593,0.11083057561935145
1.351170568561873,1.4563901527383147,-0.5490886952769968,-0.004309118403013281,-0.003644549828786825,0.111981108276869,0.12377284076154237
1.3578595317725752,1.4698515577976938,-0.543996654334625,-0.004154845536900434,-0.005597474804847203,0.13777056103744692,0.13655425999401208
1.3645484949832776,1.4823438035674696,-0.5024990614403284,-0.003783372408039874,-0.007003543476029521,0.16366418914870975,0.1489793540699454
1.37123745819398,1.4920161901782971,-0.34444314378231444,-0.0034831098459296187,-0.007960980108449155,0.17450274184075518,0.15348565795263905
1.3779264214046822,1.5012288362122588,-0.16738393963201142,-0.0031944572207670456,-0.008845273246575186,0.18288676447727373,0.1567009082875101
1.3846153846153846,1.5095713248962905,0.00951731513267852,-0.002925694756048958,-0.009496385850700501,0.19033098218991557,0.15927367103437984
1.391304347826087,1.5174814831545642,0.18634009406177876,-0.002666814551745101,-0.010031644650279791,0.19730826566025966,0.16152721917887067
1.3979933110367893,1.5256293643975654,0.3542355685147538,-0.0024019537983080547,-0.010553741582496891,0.2044481324097212,0.1637772693421971
1.4046822742474916,1.535598878860078,0.45372253626381787,-0.0020912650531670204,-0.010974981229730568,0.2128338488296172,0.16600051503519625
1.411371237458194,1.5456199504870134,0.5497943323605339,-0.0017821798071269157,-0.011377458077695655,0.22122813754924575,0.16818791226312635
1.4180602006688963,1.556161786045934,0.6113704722666243,-0.001489291039424761,-0.011590417343931571,0.22970901257680817,0.17001321456527627
1.4247491638795986,1.5667234529723588,0.6680004491882567,-0.0012038216125276754,-0.011770283128295048,0.23817942072012427,0.17179087552943278
1.431438127090301,1.5773788115129208,0.7012626985081927,-0.0009534042321284064,-0.01179380156377076,0.24660037895637607,0.17334345903206833
1.4381270903010033,1.5879667223857212,0.727600673967513,-0.0007172773985625984,-0.011775129200110757,0.25499702109984446,0.17486677693779623
1.4448160535117056,1.5983809406894374,0.7361071223213085,-0.0005179518640706228,-0.01164780625538818,0.2633310439598623,0.17631472949908178
1.451505016722408,1.6085412924809865,0.735204179472537,-0.0003364843729051589,-0.011487129961180361,0.2716170352418374,0.1777940094244454
1.4581939799331103,1.6182106794498363,0.7161039563127485,-0.00018955342222598849,-0.011261949998581254,0.2798101359137181,0.17933387486626393
1.4648829431438126,1.6271619314954953,0.6794773596538635,-0.00005904776721824494,-0.011038135292914092,0.287531006815512,0.18083343406899058
1.471571906354515,1.6339885885846757,0.5909991630531788,0.00002286381554035289,-0.010818359686165853,0.2938547906861289,0.18221374766824663
1.4782608695652173,1.6408152456738563,0.502520966452494,0.00010477539829895072,-0.010598584079417614,0.30017857455674574,0.1835940612675027
1.4849498327759196,1.6480006677030326,0.4216305172718385,0.00018618437384474546,-0.010349220815910656,0.3070577752239515,0.18518975163013246
1.491638795986622,1.6560441419120606,0.3588875582388984,0.00026639127202322593,-0.010029093242549962,0.3152653570675476,0.18730055503949514
1.4983277591973243,1.6640876161210887,0.29614459920595826,0.0003465981702017064,-0.009708965669189266,0.3234729389111437,0.18941135844885781
1.5050167224080269,1.6735257820123117,0.2586297232364234,0.00044573953800579184,-0.009265902822164064,0.3332509193593225,0.1922867250772013
1.5117056856187292,1.6833470441691536,0.2280445397098244,0.0005500818578895755,-0.008789071906643865,0.34346025954716947,0.1953721032211799
1.5183946488294315,1.693682231197297,0.20214263846691266,0.0007111430765819827,-0.00816863775350626,0.34848436684907386,0.1972326126603185
1.5250836120401339,1.704208866728328,0.17798536456523503,0.0008933333529805396,-0.0074947081842350344,0.35157685898974994,0.19863683112606664
1.5317725752508362,1.714762850736803,0.14522437156362417,0.001187757820716426,-0.006739331818217085,0.3729202834291881,0.23739365516522476
1.5384615384615385,1.7253232320793803,0.11045080342988138,0.0015084360212667875,-0.005964903482252146,0.3985329514429541,0.28488797100580165
1.5451505016722409,1.7370404611731327,0.06991654293148136,0.0023840501695670206,-0.0063202505343280205,-5.208891929175762,13.446667908047015
1.5518394648829432,1.7490067820698345,0.028210716692537927,0.0028220855582887245,-0.006305193299766918,-9.037618455780892,22.17403702565585
1.5585284280936456,1.7614638860171599,-0.015653410757012487,0.0011836534465320177,-0.004222644317602787,-2.8406199909186585,6.342770040248812
1.565217391304348,1.7736325635757582,-0.0531791915360558,0.00016667049813530048,-0.0023971028652781273,-0.1936358992578981,-0.32873840936446297
1.5719063545150502,1.7855865395177761,-0.08598677269886917,-0.0003877121293110104,-0.0007628751563779476,-0.18924574004765646,-0.1818174711633434
1.5785953177257526,1.7983529340151352,-0.08317582833633527,-0.00035536870418764207,-0.00044820537113166633,-0.1813416839143774,-0.15290547216187222
1.585284280936455,1.811404458474536,-0.07275754401191437,-0.0002934927331068068,-0.0003527148106699975,-0.16903148689013256,-0.1396821712831568
1.5919732441471572,1.8248434631691524,-0.05596365341307548,-0.0003343114187282902,-0.0003575528475668919,-0.14816430065956013,-0.12694596325554458
1.5986622073578596,1.8387171675403395,-0.0361313747884847,-0.00040991315267154574,-0.00038861725769181673,-0.12818798023494868,-0.11575722048363467
1.605351170568562,1.8528592454534607,-0.014827271598514944,-0.0004934721999820854,-0.00042516020415209893,-0.1092915251573574,-0.10543441248922214
1.6120401337792643,1.8672904878063719,0.007804502468880436,-0.000576967152805984,-0.0004607600625102368,-0.09189719765073057,-0.09598747101051844
1.6187290969899666,1.8821991654325423,0.031815640360534574,-0.0006214416622286964,-0.0004889336645124815,-0.076672731121326,-0.08742141675426587
1.625418060200669,1.8974269282026412,0.05645864436930907,-0.0005776067716023261,-0.0005297540412831567,-0.06310596404000862,-0.07961358029672028
1.6321070234113713,1.9129870813891563,0.08181581630791888,-0.0006045726570832143,-0.0004621267954253856,-0.048643212110388405,-0.06891881194868164
1.6387959866220736,1.9288883842345297,0.10801475326705533,-0.0009033017682653039,-0.0001429069773465081,-0.030531619213462497,-0.05127116833576725
1.645484949832776,1.9452644978666478,0.1356994728886582,-0.0008847195278820025,-0.0001602292560931743,-0.029561806154952883,-0.05058986151926432
1.6521739130434783,1.9620588328379178,0.1652984354822462,-0.0008602395068599734,-0.00014947989482606939,-0.030059031942362504,-0.05015005021390665
1.6588628762541806,1.9809404522113,0.1853385018942632,-0.0008575423459694838,0.00007104857231871736,-0.0234014783003784,-0.04774132419222488
1.665551839464883,2.002293071097867,0.17652094937636756,-0.0026157497487946913,0.0013911930925400266,0.022914184333182548,-0.0368408240684113
1.6722408026755853,2.023988265431936,0.1519538227949224,-0.0012747579077501785,0.0006438261100474517,0.010150685451509114,-0.029347034460693287
1.6789297658862876,2.044990221306339,0.1246635824615174,-0.000647577988221835,0.00019080923879346112,0.011106291217763013,-0.021281109489897247
1.68561872909699,2.06523579552993,0.09340184582443775,-0.0007827698905857447,0.00025046715899988117,0.023663435979351565,-0.013805275099571319
1.6923076923076923,2.0846334218888507,0.05686328262749843,-0.0008274832498878188,0.0003307694027636075,0.031327782518318796,-0.008405095582892872
1.6989966555183946,2.1045679061363436,0.017604421688811805,-0.000800654163333383,0.00041740586923325626,0.035535089594589994,-0.0043499650890515915
1.705685618729097,2.126399907586086,-0.014545641658282243,-0.0007062864038338114,0.0004984091094031235,0.03669108607439154,-0.001347041795826947
1.7123745819397993,2.1446975239320216,-0.04677160870032447,-0.0005901985360305948,0.000544517855767754,0.035411922586907195,0.00018577005616001862
1.7190635451505016,2.1634381458082674,-0.07119941342057481,-0.00045524944140667864,0.000569652779110538,0.0327645252537597,0.001110342067561896
1.725752508361204,2.1830880144204703,-0.08632812559976424,-0.0003105905365572968,0.00057327472879804,0.02910926103085903,0.0015766184708443608
1.7324414715719063,2.2027343238004304,-0.0945005336516842,-0.00017468050368553992,0.0005571268700800318,0.025071664122021754,0.001706860543416598
1.7391304347826086,2.221857441636646,-0.09680807906257595,-0.00005851870922884221,0.0005270758550864949,0.02115270579179136,0.0016467427529355183
1.745819397993311,2.2401082884212444,-0.09344862154357256,0.000034043349310877904,0.000489482472785964,0.01764438969275776,0.0015025118870587502
1.7525083612040133,2.256898024941154,-0.08268013481663569,0.0001030503046433904,0.00045029719620495463,0.0147128661276888,0.001340019756484786
1.7591973244147157,2.2721033639701975,-0.06450193545225395,0.0001534193356635993,0.0004127863286823469,0.012317037986069828,0.0011873881301381654
1.765886287625418,2.2873784145448295,-0.048688306006251375,0.00018889885357325966,0.00037458062534973956,0.010281664277191347,0.001044951487054642
1.7725752508361203,2.303752202135472,-0.0384167498624045,0.00021652596995365062,0.00033457032976977097,0.008386454860402633,0.0009076615080636049
1.7792642140468227,2.3209103992484645,-0.03181970755075229,0.000235233063231087,0.0002943653962787306,0.006701163907345256,0.0007821036234161147
1.785953177257525,2.3385605558609237,-0.027115696544134732,0.0002451185392088433,0.0002555440004414652,0.0052642984299716465,0.0006727871017966661
1.7926421404682273,2.3565947002530256,-0.023549046458676268,0.00024733626839771054,0.00021903869828858737,0.004070014258937595,0.0005802618336699463
1.7993311036789297,2.3749428303619746,-0.02072397096476948,0.0002433736679795976,0.0001854400618257035,0.003097206393199132,0.0005032847042463845
1.806020066889632,2.393538379512739,-0.018410126327950537,0.00023464487423727063,0.0001550952723133416,0.00231785713839139,0.0004396604477682325
1.8127090301003344,2.4124678815703278,-0.016475777925451067,0.00022243414243489304,0.00012806485325992227,0.0017029360988966781,0.0003870647926652616
1.8193979933110367,2.4315712520667248,-0.014829004454065878,0.00020792030748033224,0.00010452017885646537,0.0012269698059494466,0.0003434903514890602
1.826086956521739,2.450923317131784,-0.013389440586588568,0.00019204660218521323,0.00008406780454533039,0.0008563837450468476,0.00030654177289702103
1.8327759197324414,2.470487838945085,-0.012122502670344716,0.00017545658299443818,0.00006657886721697603,0.0005717975513443627,0.0002749376415092427
1.839464882943144,2.490243092717275,-0.010984115185506134,0.00015855479747852485,0.00005187096099338836,0.000355994798553268,0.00024768644622869126
1.8461538461538463,2.5101851730165072,-0.009972124650764441,0.00014163253288034645,0.00003976219397830096,0.00019424307096860404,0.0002240614964953262
1.8528428093645486,2.530342990417985,-0.009061418331409488,0.00012450726511072796,0.000030200757172889138,0.00007409899830409242,0.0002039080812499934
1.859531772575251,2.55067383039279,-0.008236934276758439,0.00010668212166514094,0.000023361448953811128,-0.000014595155115717307,0.00018768498425856292
1.8662207357859533,2.5711823960201796,-0.0074912108509071805,0.00008601278319257624,0.000020182706190520795,-0.00008192015932501703,0.0001778393764624973
1.8729096989966556,2.591869607332464,-0.006814992614412493,0.00005033155686167698,0.00002727862502797042,-0.00014553254584815512,0.00019092818680725108
1.879598662207358,2.6127442795982727,-0.006200780358435973,0.00011478825439196358,-0.000022644720436348804,-0.00011963664053450532,0.00004526463573094032
1.8862876254180603,2.63377256473073,-0.005648505339152007,0.00011065550599413889,-0.000028170932176970142,-0.0001196356726210233,0.00003161410652327091
1.8929765886287626,2.654979944471226,-0.005151669800679608,0.00009869166873246149,-0.00002788796111685591,-0.0001186763943539124,0.00003560850027767134
1.899665551839465,2.676414575174545,-0.004702690258608858,0.00008866079559901078,-0.00002792955318008498,-0.00011373917629317926,0.00003996125909001551
1.9063545150501673,2.698008602956807,-0.004302316541315483,0.00008083595640968823,-0.000028643647504566884,-0.00010693986680913907,0.000045167444918407776
1.9130434782608696,2.719737454443192,-0.00394111331824909,0.00007650912363102288,-0.00003091760323870997,-0.00010079931146790317,0.00005292744686485114
1.919732441471572,2.7416875938781,-0.0036226001279257357,0.00008274457268957687,-0.00003924654393869194,-0.00010330840175434638,0.00007194925518469163
1.9264214046822743,2.7637851161023144,-0.003340718286262996,0.00006127978110410525,-0.00003212754779732642,-0.00007228032855633883,0.00006076667847420377
1.9331103678929766,2.786037812107578,-0.0030932684478558116,-0.000000000000000003857830818584655,-0.000000000000000006589467834006648,-0.000000000000000014174897524405212,-0.0000000000000000010017551735025139
1.939799331103679,2.8084843681899883,-0.0028785120949435428,-0.000000000000000003799256692415023,-0.000000000000000006396835640746424,-0.000000000000000000038311706848653826,0.000000000000000001542416980839616
1.9464882943143813,2.8311020822340507,-0.002693354344919772,0.000000000000000003324988952740405,-0.000000000000000005144087344764427,-0.000000000000000006543145640163919,0.0000000000000000001072212696109501
1.9531772575250836,2.8538871572189515,-0.0025366222310939704,-0.000000000000000002089649253093043,0.0000000000000000021961529636994982,-0.000000000000000006267091403732624,-0.0000000000000000026090740901437256
1.959866220735786,2.8768518113281254,-0.0024060083225115494,0.0000000000000000024904536772069785,0.000000000000000003424227056944439,-0.0000000000000000061898149935950014,-0.0000000000000000000003544804541667471
1.9665551839464883,2.8999953369147566,-0.0023008053403816837,-0.0000000000000000015458129638196706,-0.000000000000000001841855451142998,0.000000000000000001103589595164891,-0.000000000000000003825886219471783
1.9732441471571907,2.923701354652439,-0.0022061763855949715,0.00000000000000000027840201004657117,-0.0000000000000000038213623001193446,-0.0000000000000000033016728752490376,-0.0000000000000000019763718952978554
1.979933110367893,2.9579052152289758,-0.0018162872263330354,0.0000000000000000065741601873440445,-0.000000000000000003692812167711751,0.0000000000000000016111433553306147,0.000000000000000005043757661093377
1.9866220735785953,3.0044012098058936,-0.001143842066303299,-0.0000000000000000001252775060295116,-0.0000000000000000007164320615230909,0.0000000000000000011091808147504816,-0.0000000000000000003324978100940888
1.9933110367892977,3.0515741103028935,-0.0005452324905033344,0.0000000000000000010428249539348573,-0.0000000000000000012368858743192266,0.00000000000000000003463698141228093,0.0000000000000000005586022545364636
1.9971875,3.079244708227886,-0.00022342132163141287,-0.00000000000000000040225131443963693,-0.0000000000000000018329263582991025,-0.0000000000000000004728296730251115,-0.000000000000000000629358714699746
