# n,energy,berry,bcd_x,bcd_y,qmd_x,qmd_y,stable
0.00000384375,0,-0.0000000000000006571732678498635,0.000000000000000000000000017954073609401796,-0.00000000000000000000000000000002465190328815662,-0.00000000000000000000000000000019721522630525295,-0.000000000000000000000000012731000904030189,FmTmd
0.006666666666666667,0,-0.000003867073205701071,-0.00000000000000000000949887578676566,0.000000000000000000005260145039707007,0.000000000000000000003916382740008735,-0.0000000000000000000014642575763364365,FmTmd
0.013333333333333334,0,-0.0000297662366967137,-0.00000000000000000011175892274577519,0.000000000000000000013552527156068805,-0.000000000000000000008911362344889399,0.000000000000000000026453824655160277,FmTmd
0.02,0,-0.00010102223953525927,-0.00000000000000000012694366839199492,0.000000000000000000023139870147600863,-0.00000000000000000005817529278881197,0.00000000000000000014256019198528457,FmTmd
0.02666666666666667,0,-0.0002433618578672574,0.0000000000000000009153317447489333,-0.0000000000000000005403978248183937,0.00000000000000000005506173933645449,-0.0000000000000000009527957110464674,FmTmd
0.03333333333333333,0,-0.0004851890399532006,0.0000000000000000007408475008882602,-0.00000000000000000032038593306803237,0.00000000000000000007082732268648176,0.00000000000000000030794101025400335,FmTmd
0.04,0,-0.0008577498835758307,-0.000000000000000001392059479267213,0.0000000000000000005313993400283339,-0.0000000000000000002864538143528719,0.00000000000000000020546332546152493,FmTmd
0.04666666666666667,0,-0.0013955261291777672,0.000000000000000003596376402446686,-0.0000000000000000009601560513737643,0.00000000000000000027886349505297095,-0.0000000000000000024628937438871694,FmTmd
0.05333333333333334,0,-0.002136334929724755,-0.000000000000000002329585474680492,0.000000000000000000051020423905598055,0.0000000000000000009833192284456587,0.0000000000000000016152886413071914,FmTmd
0.06,0,-0.0031216805814408897,-0.000000000000000001734723475976807,-0.0000000000000000018419530980652263,-0.0000000000000000004336808689942018,0.0000000000000000011433282397501088,FmTmd
0.06666666666666667,0,-0.004397327817565068,0.00000000000000000010748606765349384,0.0000000000000000016257427689712228,0.0000000000000000005956572901504878,-0.0000000000000000030902564364622046,FmTmd
0.07333333333333333,0,-0.006012226703463383,0.000000000000000011696251243283256,0.0000000000000000004380582755142657,0.0000000000000000026108400270053386,0.0000000000000000017084590368564233,FmTmd
0.08,0,-0.008021026634970004,0.000000000000000007434992532347296,0.000000000000000004319438393975607,0.0000000000000000014866741617567737,-0.0000000000000000065320793406443564,FmTmd
0.08666666666666667,0,-0.010493756067824309,0.0000000000000000013375864687900866,0.0000000000000000061446198895337874,-0.0000000000000000026751729375801732,0.00000000000000000006618950119778678,FmTmd
0.09333333333333334,0,-0.013511146383738862,-0.00000000000000002757307190740092,0.000000000000000003469446951953614,0.0000000000000000029797493032119405,0.000000000000000005336985692806314,FmTmd
0.1,0,-0.01713089178786462,0.000000000000000010507697553370907,0.0000000000000000015640556892038432,0.000000000000000004080807009782572,-0.000000000000000020311889264905416,FmTmd
0.10666666666666667,0,-0.021432054614541955,-0.000000000000000040761866663060985,-0.000000000000000033887585397691916,0.0000000000000000007745778025751452,0.000000000000000030990995217852393,FmTmd
0.11333333333333333,0,-0.026513726236651373,-0.0000000000000000009946395041339679,-0.0000000000000000004499649905126635,-0.000000000000000025730733158321927,0.000000000000000008111161141743206,FmTmd
0.12,0,-0.03253790710618512,-0.00000000000000002947605897651415,0.000000000000000008989796898062227,-0.0000000000000000050987772552043574,0.000000000000000007648165882806536,FmTmd
0.12666666666666668,0,-0.03758693482831882,-0.00000000000000003743786351872817,-0.00000000000000001862196651236806,0.0000000000000000012747317525999894,0.0000000000000000287559679683097,FmTmd
0.13333333333333333,0,-0.04202544163659146,-0.00000000000000004023467175804995,0.00000000000000005120594738895787,0.000000000000000009009649190467425,0.000000000000000006294112494270376,FmTmd
0.14,0,-0.046767785321615914,0.00000000000000015985503556241686,0.00000000000000004924009914048626,0.00000000000000000788973586853759,-0.00000000000000005037209974646506,FmTmd
0.14666666666666667,0,-0.05193536125842351,0.00000000000000009696061012253343,0.00000000000000006852919231576188,-0.000000000000000006509020542252029,-0.00000000000000006042366274163278,FmTmd
0.15333333333333332,0,-0.0575591511257148,-0.000000000000000014045391798745555,0.000000000000000044531089613034255,0.0000000000000000016164670857265374,0.00000000000000000452908648121353,FmTmd
0.16,0,-0.06366735207526866,-0.000000000000000022356098789204555,-0.000000000000000005399476826424359,0.00000000000000000745203292973485,0.00000000000000006810609147450323,FmTmd
0.16666666666666666,0,-0.07029742083617388,0.00000000000000006499930873258239,-0.0000000000000000427554160923787,-0.0000000000000000049999468255832614,0.00000000000000003298674542382029,FmTmd
0.17333333333333334,0,-0.07748812490736026,0.00000000000000018041124150158794,-0.00000000000000005900300467823226,-0.00000000000000001041580968753445,-0.00000000000000006764301231558507,FmTmd
0.18,0,-0.08527206132474287,0.00000000000000016769610975860965,-0.000000000000000009591101697088525,0.000000000000000005449342175562117,-0.00000000000000007055159510390847,FmTmd
0.18666666666666668,0,-0.09370268491192334,0.00000000000000008319013216007894,0.00000000000000011056273434166883,0.000000000000000041097200615788746,0.000000000000000013762895777602751,FmTmd
0.19333333333333333,0,-0.10293989114368618,0.00000000000000007119585773948154,0.000000000000000038597087818084465,-0.00000000000000004286272032839302,-0.0000000000000000042285158532933405,FmTmd
0.2,0,-0.11295694652017786,0.00000000000000011983400728327352,-0.00000000000000001260047897973207,-0.000000000000000035333123933577335,-0.00000000000000011287353721672981,FmTmd
0.20666666666666667,0,-0.12379282159546923,0.000000000000000018935229249597212,-0.00000000000000005971361530324154,-0.000000000000000011776555771822599,-0.00000000000000006077630178407271,FmTmd
0.21333333333333335,0,-0.13551236212214557,-0.00000000000000005783260818317543,-0.0000000000000000023724108556087186,0,0.00000000000000003294063832967516,FmTmd
0.22,0,-0.14818166606543082,0.00000000000000003797074163432626,0.00000000000000009717811027855571,0.00000000000000001730524022994992,0.00000000000000003823950662516243,FmTmd
0.22666666666666666,0,-0.16185929641333624,0.000000000000000258887644139414,0.00000000000000006380808990542455,0.00000000000000006835182170480144,-0.00000000000000004513997788854943,FmTmd
0.23333333333333334,0,-0.17680892385476457,0.000000000000000055118577388595294,0.00000000000000015437211957245508,0.00000000000000005703131799642262,0.00000000000000006806505919523876,FmTmd
0.24,0,-0.19312397692842823,-0.00000000000000006890939836376423,-0.00000000000000006546248385677004,-0.000000000000000002487833156378052,0.00000000000000006876698074997777,FmTmd
0.24666666666666667,0,-0.2107802159750035,-0.00000000000000030291805067156947,-0.000000000000000002051383800298783,-0.000000000000000007195316878944576,0.00000000000000006587675492461245,FmTmd
0.25333333333333335,0,-0.22985136498240927,-0.0000000000000004839178862425614,0.0000000000000000881210794999781,0.000000000000000033480881356263304,0.00000000000000009683327000690066,FmTmd
0.26,0,-0.25040606748851757,-0.0000000000000004109910159266238,-0.0000000000000001075382820495221,0.0000000000000000780406962273964,0.00000000000000015695239755804118,FmTmd
0.26666666666666666,0,-0.27313378167589536,-0.000000000000000005352592476281669,-0.0000000000000000648395006336966,0.000000000000000013992524103658173,0.00000000000000003953074866452109,FmTmd
0.2733333333333333,0,-0.29796978613455527,-0.00000000000000013000538110138571,-0.00000000000000008832224476176128,-0.000000000000000016405546765251728,0.00000000000000007129720148619551,FmTmd
0.28,0,-0.32483657967522667,-0.00000000000000018303554357166448,-0.00000000000000011102230246251565,-0.000000000000000018303554357166447,0.00000000000000006376219617020333,FmTmd
0.2866666666666667,0,-0.3538124719088049,-0.00000000000000020087579091820872,-0.00000000000000008870277013827024,0.000000000000000006695859697273624,0.00000000000000006152255368135274,FmTmd
0.29333333333333333,0,-0.38610435808317034,-0.0000000000000020176002477492318,0.00000000000000011315550284295454,0.00000000000000006725334159164106,0.0000000000000008689556456062519,FmTmd
0.3,0,-0.42159418037606067,-0.0000000000000025704351696924362,0.00000000000000005064007083643879,-0.00000000000000006884333815336504,0.0000000000000010426290986523188,FmTmd
0.30666666666666664,0,-0.459979461542646,-0.000000000000002141498027338399,0.000000000000000007182729293596348,-0.00000000000000017055048880230433,0.0000000000000010045722690534267,FmTmd
0.31333333333333335,0,-0.5019698315285972,-0.0000000000000006234660368510023,0.00000000000000019933867745655796,-0.00000000000000005525691990452739,0.0000000000000009997683703493527,FmTmd
0.32,0,-0.5497043803204498,-0.0000000000000016417790792201696,-0.0000000000000002045298690971986,-0.00000000000000006214175159758904,0.0000000000000014421819067241874,FmTmd
0.32666666666666666,0,-0.6014620916228234,-0.000000000000002162130365978753,-0.0000000000000003315371626382911,-0.000000000000000050067958186256174,0.0000000000000015175143659254562,FmTmd
0.3333333333333333,0,-0.6583082064507464,-0.00000000000000137212134053977,0.00000000000000009937685123751768,0.00000000000000001726235648183895,0.000000000000000925007596846219,FmTmd
0.34,0,-0.7243992154502611,-0.0000000000000010318834742745155,-0.0000000000000003255993840781407,0.0000000000000001290770422157289,0.00000000000000042738140206846745,FmTmd
0.3466666666666667,0,-0.7956122806654636,-0.0000000000000008000630708992659,-0.0000000000000006938342790041835,0.00000000000000022566729354387594,0.00000000000000005732249554068013,FmTmd
0.35333333333333333,0,-0.024342927060303277,-1.439527004294659,2.493334570786767,4.639899466258901,-2.6788472929724407,TwinTmd
0.36,0,0.09558702881208558,-0.5981353752452938,1.0360008771356375,2.4700160733637553,-1.4260644281175594,TwinTmd
0.36666666666666664,0,0.16283997807743672,-0.3026845746356053,0.5242650867043853,1.3886776415319142,-0.8017532506281313,TwinTmd
0.37333333333333335,0,0.2211444747511802,-0.13550684864008733,0.23470474598844773,0.5957779327413177,-0.3439726312865259,TwinTmd
0.38,0,0.2761962098200742,-0.03832721079025371,0.0663846797323124,0.029361513539778727,-0.016951878076088195,TwinTmd
0.38666666666666666,0,-1.5405454846779416,-0.0000000000000010517861935727739,-0.000000000000000636877016563845,-0.0000000000000002512246377661651,0.0000000000000002220446049250313,FmTmd
0.3933333333333333,0,-1.7098318444850018,-0.0000000000000010293319719665673,-0.0000000000000004123348005017792,-0.00000000000000004913664331030585,0.0000000000000002220446049250313,FmTmd
0.4,0,-1.879118204292063,-0.0000000000000010068777503603605,-0.0000000000000001877925844397115,0.00000000000000015295135114555502,0.0000000000000002220446049250313,FmTmd
0.4066666666666667,0,-1.9948745855429297,-0.00000000000000021719795756088767,0.000000000000000023035314326356328,0.00000000000000008798698813615933,0.0000000000000002220446049250313,FmTmd
0.41333333333333333,0,-2.0825181314273467,0.0000000000000009428437716060538,0.0000000000000002220446049250313,-0.0000000000000001076391051611984,0.00000000000000021950720694904337,FmTmd
0.42,0,-2.1573144219950655,0.000000000000000906137216495801,0.0000000000000002220446049250313,0.00000000000000003918711527981222,0.0000000000000001093875416182854,FmTmd
0.4266666666666667,0,-2.228112009178082,0.00000000000000021926877953121816,-0.000000000000000053388776320989286,-0.00000000000000004636820110663896,0.00000000000000037029215836956705,FmTmd
0.43333333333333335,0,-2.294700022302289,-0.0000000000000009714314697213079,-0.0000000000000005106807084064455,-0.00000000000000031640535592274716,0.0000000000000008992587670252503,FmTmd
0.44,0,-2.3562224657066255,-0.0000000000000005726538638144238,0.00000000000000012736346104456901,-0.00000000000000007713879237861672,0.00000000000000026121459757423577,FmTmd
0.44666666666666666,0,2.7969814922315663,0.000000000000005719501758702978,0.0000000000000006068176298354881,0.0000000000000040436329677786845,-0.000000000000004483423794212878,One2Tmd
0.4533333333333333,0,2.9585092163148485,0.000000000000004157518232635371,-0.00000000000000019648818357070956,0.000000000000010023798467580378,0.00000000000000997608084709868,One2Tmd
0.46,0,3.1325459830762252,0.000000000000010175873133329451,-0.000000000000002148409031025467,0.000000000000031981969841486364,0.00000000000002777337626638039,One2Tmd
0.4666666666666667,0,3.3219974320574526,0.0000000000000004320554355265609,-0.000000000000007871176084193329,-0.000000000000007937195207752933,-0.000000000000008142275283329496,One2Tmd
0.47333333333333333,0,3.5332651568426603,0.000000000000005146425065778113,0.0000000000000018800060124965234,-0.000000000000013144474518131143,-0.00000000000001450886715797827,One2Tmd
0.48,0,3.779670151736806,-0.0000000000000033703331702361833,-0.000000000000007173022310120569,0.000000000000008075931690752454,0.000000000000012681540026835173,One2Tmd
0.4866666666666667,0,4.097387034818021,-0.000000000000010400440707012137,-0.00000000000002119891814619024,-0.00000000000002566610493811937,0.0000000000000052209600972673775,One2Tmd
0.49333333333333335,0,4.475300023758414,0.0000000000000003266041203002797,-0.0000000000000069356625103635946,-0.000000000000030289122750015485,0.000000000000041915127814817805,One2Tmd
0.5,0,4.704790917993903,-0.000000000000005044572037822974,-0.000000000000003870890187481723,-0.00000000000005905884015874159,-0.000000000000031900473590804556,One2Tmd
0.5066666666666667,0,4.956083460623288,-0.000000000000002242968316664911,0.000000000000011738044830398914,-0.000000000000009030202280919031,0.000000000000041141337710816366,One2Tmd
0.5133333333333333,0,5.2535465986474925,0.000000000000007036316746118332,0.000000000000010751604961061507,-0.00000000000000014557760820385042,0.000000000000049324489092045424,One2Tmd
0.52,0,5.606552202981084,-0.000000000000007683598309515512,-0.000000000000003672322212636588,-0.000000000000013036876327117953,0.000000000000033646817129106124,One2Tmd
0.5266666666666666,0,5.684893870775715,-0.000000000000008016103508014273,0.000000000000002834981718495494,-0.000000000000047475599955919374,-0.000000000000023552380144858697,One2Tmd
0.5333333333333333,0,5.5756642173446505,-0.000000000000006203645028694203,0.0000000000000017254566139632017,-0.0000000000000051207231142327866,0.0000000000000265628136630599,One2Tmd
0.54,0,5.454456239233496,-0.000000000000004071823779411527,0.0000000000000034621665381284916,-0.00000000000001375523684733863,-0.00000000000000795956341467932,One2Tmd
0.5466666666666666,0,5.329959036816708,0.000000000000008514983749219681,0.000000000000011136375919109259,0.000000000000011563625442482764,-0.00000000000007672403072530128,One2Tmd
0.5533333333333333,0,5.1998352125364145,0.0000000000000034553846661031633,0.000000000000011943053684095906,0.00000000000001978493831118721,-0.000000000000019838563482427073,One2Tmd
0.56,0,5.061694546651851,-0.0000000000000045372563936671364,0.000000000000004500522747533428,0.000000000000024101077249817766,0.000000000000016131281636744465,One2Tmd
0.5666666666666667,0,4.9129676557482105,-0.0000000000000031408858492987535,0.0000000000000023650363700491935,0.000000000000025231374054467127,0.0000000000000002040481843919659,One2Tmd
0.5733333333333334,0,4.750856961349731,-0.0000000000000029282096971206198,0.0000000000000008202394996351449,0.000000000000035344670777237377,-0.00000000000003169174631636015,One2Tmd
0.58,0,4.572780326538432,-0.000000000000008818791239856232,-0.0000000000000022353373500920414,0.000000000000050831172570442044,-0.00000000000004710805799076574,One2Tmd
0.5866666666666667,0,4.368863429659095,-0.000000000000009099513264744129,0.000000000000005464466761118815,0.000000000000030940011949814,-0.000000000000014865128275070286,One2Tmd
0.5933333333333334,0,4.1141076389333735,-0.00000000000001966106049775563,0.000000000000009369949307918649,0.00000000000003510790148278928,-0.0000000000000032381096816340687,One2Tmd
0.6,0,3.8302776676498915,-0.00000000000002612075849444633,0.000000000000011361579529041906,0.00000000000003678335818651489,-0.00000000000000011486179908430163,One2Tmd
0.6066666666666667,0,3.4989621975806426,-0.000000000000011215150882056577,0.000000000000010603667277564461,0.000000000000010509066801963464,-0.000000000000006051841102324287,One2Tmd
0.6133333333333333,0,3.2174865416902243,-0.000000000000005801093697475148,0.0000000000000052311555689481695,0.000000000000009611556046349622,-0.000000000000016699707243394686,One2Tmd
0.62,0,2.9887356492384267,-0.000000000000010427999931745475,-0.000000000000005023069058353638,0.000000000000035559746414216994,-0.000000000000032331147224037685,One2Tmd
0.6266666666666667,0,2.781480678576236,0.000000000000033961575909430957,-0.00000000000001752283449141687,0.00000000000008678681115281306,-0.00000000000010998587694109558,One2Tmd
0.6333333333333333,0,2.8482034163469705,-0.000000000000027251031015924572,-0.000000000000008951482816282793,0.00000000000007467431270729504,0.000000000000017571730677363225,Tri2Tmd
0.64,0,2.4514166916483244,-0.000000000000013003727685002526,0.00000000000004256968550685128,-0.000000000000020563234806502676,0.0000000000000007054134389207499,Tri2Tmd
0.6466666666666666,0,1.9967421308219515,0.000000000000014485949622977515,0.000000000000028699062199067395,0.0000000000000067185871919048394,-0.00000000000004744304861534293,Tri2Tmd
0.6533333333333333,0,1.4680403087121658,0.00000000000002207388089887617,0.000000000000016232312172375805,0.00000000000001537342816879634,-0.00000000000005618418760938907,Tri2Tmd
0.66,0,0.917737191148357,0.000000000000015832654067691633,0.000000000000010666525117740989,0.000000000000001151278313074368,-0.000000000000037678752154416835,Tri2Tmd
0.6666666666666666,0,4.434074809852367,0.1556131278945383,0.0000008494810600002498,0.0000016314702541855655,-0.30468484032833576,UuudddTmd
0.6733333333333333,0,4.569735327223145,0.11537071653601642,0.0000012522725314569479,-0.0000015946414342658535,0.48521863634460405,UuudddTmd
0.68,0,4.6328316235134075,-0.7248295009248644,0.000000684294167305414,-0.0000010735624792736557,1.5070324605602192,UuudddTmd
0.6866666666666666,0,4.266578317729103,-0.9200574715839043,-0.0000008345028833072734,0.0000013212037857787731,1.5925794245364222,UuudddTmd
0.6933333333333334,0,3.7312070215136677,-0.7882973716655933,-0.0000006589363757052189,0.0000018581702814021665,1.2249637197686476,UuudddTmd
0.7,0,3.271746649388538,-0.7738304795960406,0.00000011084042845178447,0.00000020937587315686955,0.8482426263200378,UuudddTmd
0.7066666666666667,0,2.870131777450246,-0.8427381777965345,0.000001080878792733431,-0.0000008790286244209374,0.5467969777791464,UuudddTmd
0.7133333333333334,0,2.529271132951088,-0.9651327793557946,0.0000004140839877328404,-0.0000004900889238089222,0.3523514411620439,UuudddTmd
0.72,0,2.2309478868342745,-1.0964308863292265,0.00000038031598363400394,-0.00000011492563149583155,0.2337657078954279,UuudddTmd
0.7266666666666667,0,1.9656891269911336,-1.2159026566799325,0.0000002520659310045451,-0.00000006390311109790692,0.17221832123876152,UuudddTmd
0.7333333333333333,0,3.2591487973415463,0.000000000000014163598828193378,0.0000000000000158936275716121,-0.00000000000003616990379319295,0.000000000000007727523367801929,Tri1Tmd
0.74,0,3.354886257751597,0.000000000000011960467574060567,0.00000000000000754063731592648,0.000000000000006568106006742808,-0.000000000000007878091085067625,Tri1Tmd
0.7466666666666667,0,3.4102889379381462,-0.00000000000000028488388305903264,0.000000000000007430615938625123,-0.000000000000004321441270214004,-0.00000000000001486893466969979,Tri1Tmd
0.7533333333333333,0,3.4344395117735385,-0.0000000000000025141919014770813,0.0000000000000053774254134549105,0.0000000000000016063298396081083,0.000000000000004617198029513448,Tri1Tmd
0.76,0,3.4323075340054023,0.0000000000000015195967340648609,-0.000000000000003770574130625122,-0.000000000000009759886143304053,0.000000000000013237958054803476,Tri1Tmd
0.7666666666666667,0,3.404917281924841,0.0000000000000008226464265905001,0.0000000000000016510122592085492,0.000000000000009751507016545593,0.000000000000002013684877279163,Tri1Tmd
0.7733333333333333,0,3.351914218806128,0.0000000000000018690957597068123,-0.0000000000000034340964940103552,0.000000000000005100967134973506,0.000000000000008100191043286295,Tri1Tmd
0.78,0,2.004367568067249,-0.000000000000001889965296392153,0.0000000000000010636722430961984,-0.0000000000000003447046027697865,0.0000000000000039070251899049336,SatoTmd
0.7866666666666666,0,2.0343592804133253,-0.000000000000001750491434750438,-0.0000000000000008006807692619451,-0.0000000000000008326672684688674,0.0000000000000025613896156640778,SatoTmd
0.7933333333333333,0,2.063284097559601,0.0000000000000003013829674228399,-0.00000000000000033987468203513293,-0.0000000000000005528208353323761,0.0000000000000031715000000010775,SatoTmd
0.8,0,2.0912820675329677,-0.00000000000000015277715247711811,-0.000000000000000008929721161637895,0.0000000000000003863456283283953,0.0000000000000035087574552180983,SatoTmd
0.8066666666666666,0,2.1184740986677646,0.0000000000000002856057219361458,0.0000000000000002171337854311574,0.000000000000000342204809836249,0.000000000000002766963627448612,SatoTmd
0.8133333333333334,0,2.145093052551936,0.0000000000000028962068007465057,-0.00000000000000004248353364078653,0.0000000000000001216431858727123,0.0000000000000010108155522619355,SatoTmd
0.82,0,2.1710290196322535,0.000000000000003173369589733958,0.0000000000000010766828012996531,0.0000000000000000282597197792863,0.000000000000002882387336109719,SatoTmd
0.8266666666666667,0,2.1964952129772404,-0.000000000000004637189815851531,0.0000000000000004816322941486352,-0.0000000000000006823580453515691,0.000000000000003229836017704198,SatoTmd
0.8333333333333334,0,2.221561351585176,-0.0000000000000031329000727735853,0.0000000000000006037961416920547,-0.00000000000000031017312362320653,0.0000000000000024624206652222976,SatoTmd
0.84,0,2.2462900108551853,-0.0000000000000005123107342896385,-0.000000000000000164976900894445,-0.00000000000000019351075290973815,0.0000000000000011998449380762022,SatoTmd
0.8466666666666667,0,2.270706730114561,-0.0000000000000009992007221626409,0.0000000000000014683398766333043,0.00000000000000008800484650484176,-0.0000000000000005786370904359839,SatoTmd
0.8533333333333334,0,2.2950326215626977,0.0000000000000007713976720917894,0.00000000000000034415483901154377,0.00000000000000026092385872029397,-0.00000000000000015263779260814056,SatoTmd
0.86,0,2.3192271573829495,0.0000000000000008840249058567499,0.00000000000000003288270419050472,-0.00000000000000030018420319704224,0.0000000000000011616670136521634,SatoTmd
0.8666666666666667,0,2.343300305316489,-0.00000000000000063312707796759,-0.0000000000000005238193600822178,-0.00000000000000011102230246251565,0.0000000000000008161639000651155,SatoTmd
0.8733333333333333,0,2.3674123316638966,-0.000000000000000530441384309828,0.00000000000000005427697218610637,-0.0000000000000002787899352014406,-0.0000000000000001998428350125839,SatoTmd
0.88,0,2.3916462621920744,-0.0000000000000014255210583330436,0.0000000000000014499698386602556,-0.00000000000000062505158389972,0.0000000000000008792939828602953,SatoTmd
0.8866666666666667,0,2.4159946514853017,-0.0000000000000014690804979537598,0.000000000000000068406434201786,-0.0000000000000006577211636152573,0.0000000000000004401591905009175,SatoTmd
0.8933333333333333,0,2.4405112743032027,-0.0000000000000002888857766426303,-0.0000000000000007108030674630597,0.00000000000000028856036201393086,0.00000000000000035523882641718013,SatoTmd
0.9,0,2.465371226049441,-0.00000000000000007622391852757275,-0.00000000000000032743266073209575,-0.000000000000000345328304700685,0.0000000000000009352382009482062,SatoTmd
0.9066666666666666,0,2.490553295195132,-0.0000000000000001208417293179988,0.0000000000000005986652310370722,-0.00000000000000025577889679404215,0.000000000000000921912711569136,SatoTmd
0.9133333333333333,0,2.5162072019461865,-0.0000000000000005878695058939003,-0.0000000000000003546442854144128,-0.0000000000000000335418466633687,-0.0000000000000008478704856364585,SatoTmd
0.92,0,2.5423303843793335,-0.0000000000000007785537047749517,0.0000000000000007352233623554833,0.00000000000000025798696625256817,0.000000000000000192092637152084,SatoTmd
0.9266666666666666,0,2.56910023910187,-0.0000000000000015773719716665312,-0.00000000000000012400286807849396,-0.00000000000000017302373650176263,-0.0000000000000008672568742558355,SatoTmd
0.9333333333333333,0,2.596519580794235,0.0000000000000011436432445225238,0.0000000000000006995540346724612,0.00000000000000014120558277031817,0.000000000000000043919156667351285,SatoTmd
0.94,0,2.6248313847546494,0.00000000000000017833772100359244,-0.00000000000000001404074127134795,-0.000000000000000959004023559039,0.0000000000000005402784409875327,SatoTmd
0.9466666666666667,0,2.6540010728259795,0.0000000000000014230550387139082,0.00000000000000005746718369002119,-0.0000000000000006132532647137613,0.0000000000000007111902350013732,SatoTmd
0.9533333333333334,0,2.6728807924470277,-0.00000000000000041851954677958286,0.00000000000000015795512538100438,-0.0000000000000006104573416760085,-0.0000000000000005911974334392349,SatoTmd
0.96,0,2.308259668520516,0.000000000000014026644192305842,0.0000000000000012704514448100838,-0.0000000000000007472368975365612,-0.000000000000008313939978831305,SatoTmd
0.9666666666666667,0,1.830459450914315,0.000000000000005841344291512079,0.0000000000000006200060114361153,0.0000000000000010007785944074755,-0.0000000000000028504061392763385,SatoTmd
0.9733333333333334,0,1.4102438793554595,0.000000000000002561755109207367,-0.00000000000000016953912582087086,-0.00000000000000005601209658577405,-0.0000000000000014590462648999537,SatoTmd
0.98,0,1.0289168623335618,0.000000000000004664206556982813,-0.000000000000001825085998696521,0.0000000000000016575992698695537,-0.0000000000000028181924187734125,SatoTmd
0.9866666666666667,0,0.6731056753297583,0.0000000000000043671458982561685,0.0000000000000004239836708570009,0.00000000000000030467595090065945,-0.00000000000000568137202166374,SatoTmd
0.9933333333333333,0,0.3328385899242845,0.0000000000000005744658215300032,-0.0000000000000012569716911461558,0.00000000000000001477142456466078,0.0000000000000007624539805175066,SatoTmd
1,0,0.000000000000006987466161234579,0.0000000000000005381979584218044,-0.0000000000000006288372600415926,0.0000000000000012203779653496838,-0.0000000000000004831204880595408,SatoTmd
1.0066666666666666,0,-0.3328385899242618,-0.0000000000000024687348360272942,-0.00000000000000041431037830708266,0.000000000000000007881234022705287,0.0000000000000008050823135744624,SatoTmd
1.0133333333333334,0,-0.6731056753297463,-0.000000000000003938488230739257,-0.000000000000001871637230616963,0.0000000000000006287673076636045,0.0000000000000027056847653472922,SatoTmd
1.02,0,-1.0289168623335478,-0.00000000000000690190952668876,0.0000000000000014248505064741296,-0.0000000000000001282428675839398,0.0000000000000023076950246061633,SatoTmd
1.0266666666666666,0,-1.4102438793554437,-0.000000000000005808292524755554,0.0000000000000009481980791220535,-0.0000000000000007226468567153897,0.0000000000000015251907820247063,SatoTmd
1.0333333333333334,0,-1.8304594509143086,-0.000000000000005756323429784182,-0.00000000000000160631511594387,0.0000000000000009573701247086098,0.0000000000000030609187933667458,SatoTmd
1.04,0,-2.3082596685205017,-0.000000000000014489031427508262,-0.0000000000000008669137763407547,0.0000000000000003417214837292248,0.000000000000008551933066275863,SatoTmd
1.0466666666666666,0,-2.6728807924470135,0.00000000000000010471254762880946,0.0000000000000007428428039865332,0.0000000000000003414799138324884,-0.0000000000000005274385976308632,SatoTmd
1.0533333333333332,0,-2.6540010728259658,-0.0000000000000005721089094050813,-0.00000000000000022595666984253166,0.0000000000000005185537906325736,-0.0000000000000013133141999989347,SatoTmd
1.06,0,-2.6248313847546347,-0.0000000000000003496550713715422,0.00000000000000070633051337871925,0.0000000000000012011469777858595,-0.0000000000000004983266497249577,SatoTmd
1.0666666666666667,0,-2.5965195807942205,-0.0000000000000011436432445224516,-0.0000000000000009215986395974203,-0.0000000000000003632501876953185,0.0000000000000003344226711817937,SatoTmd
1.0733333333333333,0,-2.5691002391018567,0.000000000000001667727129449239,0.0000000000000004440892098500626,0.00000000000000013168944714226832,0.0000000000000006387219865227211,SatoTmd
1.08,0,-2.542330384379319,0.0000000000000005219643260597298,-0.0000000000000010742806632976177,-0.00000000000000009444870933609143,-0.00000000000000018909744037478744,SatoTmd
1.0866666666666667,0,-2.5162072019461723,0.0000000000000008769978041456687,-0.0000000000000003322830543054973,-0.00000000000000014378029604383558,-0.00000000000000027157352183803605,SatoTmd
1.0933333333333333,0,-2.490553295195118,0.00000000000000008156402189604785,-0.00000000000000010674629115997469,0.00000000000000032324748053205773,-0.0000000000000006112563656690397,SatoTmd
1.1,0,-2.465371226049427,0.00000000000000023994024889361535,0.000000000000000549477265657124,0.0000000000000003453283047006768,-0.0000000000000007597569252701363,SatoTmd
1.1066666666666667,0,-2.440511274303188,-0.000000000000002110074576045196,0.0000000000000002220446049250313,-0.00000000000000019970997858104843,-0.0000000000000007772374708947845,SatoTmd
1.1133333333333333,0,-2.415994651485287,0.00000000000000012895282970539204,-0.00000000000000030727634144646857,0.0000000000000001878413878241328,0.00000000000000019204771340404283,SatoTmd
1.12,0,-2.39164626219206,0.0000000000000013144987558705123,-0.0000000000000012279252337352788,0.0000000000000003741491382629325,-0.0000000000000007016715621344449,SatoTmd
1.1266666666666667,0,-2.3674123316638824,0.0000000000000004736960540334187,-0.0000000000000002220446049250313,0.00000000000000039228059575425913,0.00000000000000010238977559659486,SatoTmd
1.1333333333333333,0,-2.343300305316475,0.000000000000000744149380430118,0.0000000000000005238193600822354,0.00000000000000003815049053893769,-0.0000000000000008716750512963794,SatoTmd
1.14,0,-2.3192271573829366,-0.00000000000000037417028762566413,0.00000000000000004932405628574063,0.0000000000000005140081320744611,-0.0000000000000009601740988462292,SatoTmd
1.1466666666666667,0,-2.295032621562683,0.00000000000000021109965952360718,0.0000000000000005661994439365728,-0.0000000000000002498359270963028,-0.00000000000000007775850759053207,SatoTmd
1.1533333333333333,0,-2.2707067301145467,0.0000000000000011982278711299984,-0.0000000000000011582904252034311,-0.00000000000000019902714896735743,0.0000000000000005351427893492946,SatoTmd
1.16,0,-2.2462900108551715,0.0000000000000004552430302590691,0.000000000000000387021505819486,0.00000000000000017211036389827674,-0.000000000000001137200323841126,SatoTmd
1.1666666666666667,0,-2.2215613515851613,0.0000000000000027365298050195483,0.00000000000000019087576838352126,-0.00000000000000014267398264583332,-0.000000000000002589993073239254,SatoTmd
1.1733333333333333,0,-2.196495212977226,0.000000000000004304122908464034,-0.00000000000000002735383800731846,-0.000000000000000032448461152952145,-0.000000000000003988220592792538,SatoTmd
1.18,0,-2.1710290196322406,-0.0000000000000033996067225742455,-0.0000000000000010766828012995983,-0.00000000000000021365954909364175,-0.0000000000000031295871085289122,SatoTmd
1.1866666666666668,0,-2.145093052551921,-0.0000000000000030757678720307235,0.00000000000000008496706728158202,-0.0000000000000003166386089276896,-0.000000000000001782661227794471,SatoTmd
1.1933333333333334,0,-2.1184740986677504,-0.0000000000000007687019513279534,0.000000000000000004910819493873909,0.0000000000000002220446049250313,-0.0000000000000032528571348568796,SatoTmd
1.2,0,-2.091282067532953,0.00000000000000008495657792599862,-0.00000000000000040981720310030445,-0.000000000000000002232430290409474,-0.0000000000000023905400648394096,SatoTmd
1.2066666666666668,0,-2.0632840975595856,-0.0000000000000007476985979600879,0.00000000000000043047366055492026,0.00000000000000007816089586120833,-0.0000000000000010099689893058068,SatoTmd
1.2133333333333334,0,-2.034359280413311,0.0000000000000014409491793872748,-0.00000000000000010538107100747453,-0.0000000000000005085420713659739,-0.0000000000000026072685434000462,SatoTmd
1.22,0,-2.004367568067234,0.0000000000000005835592121358081,-0.0000000000000002220446049250313,0.0000000000000004195207418209095,-0.0000000000000035365502129918475,SatoTmd
1.2266666666666666,0,-3.351914218806119,-0.0000000000000005067791032279605,0.000000000000003434096494010323,-0.000000000000006202059173245552,-0.000000000000003674488709440555,Tri1Tmd
1.2333333333333334,0,-3.4049172819248357,-0.00000000000000019237860019021925,0.0000000000000015835817183097599,-0.00000000000000730074971751707,0.000000000000002049923623894224,Tri1Tmd
1.24,0,-3.4323075340053952,-0.0000000000000002653009413176971,0.000000000000002861216150750012,0.0000000000000064376716405197955,-0.000000000000010132749920245682,Tri1Tmd
1.2466666666666666,0,-3.434439511773531,0.000000000000004330393040306511,-0.000000000000006038757571460669,-0.000000000000002444583631248948,0.00000000000000014663441856761849,Tri1Tmd
1.2533333333333334,0,-3.4102889379381383,0.0000000000000012274730550690151,-0.0000000000000064995691564299344,0.0000000000000014641739137995288,0.000000000000016025327253584403,Tri1Tmd
1.26,0,-3.35488625775159,-0.000000000000012536672585144781,-0.000000000000007776000798138392,-0.000000000000008726376189717475,0.000000000000007771497855565885,Tri1Tmd
1.2666666666666666,0,-3.259148797341541,-0.000000000000011692203804428838,-0.000000000000013944772305702657,0.00000000000002869057521298353,-0.0000000000000043050967068301,Tri1Tmd
1.2733333333333334,0,-1.965689126991174,1.2159026566799305,-0.00000025206593088258743,0.00000006390310728788657,-0.17221832123876218,UuudddTmd
1.28,0,-2.230947886834312,1.096430886329225,-0.000000380315985385658,0.00000011492563510279103,-0.23376570789542364,UuudddTmd
1.2866666666666666,0,-2.5292711329511337,0.9651327793557823,-0.00000041408399515355553,0.0000004900889253102244,-0.3523514411620349,UuudddTmd
1.2933333333333332,0,-2.870131777450284,0.842738177796534,-0.0000010808788077265696,0.0000008790286223907687,-0.5467969777791828,UuudddTmd
1.3,0,-3.271746649388573,0.7738304795960386,-0.00000011084043942611814,-0.00000020937588256181411,-0.8482426263200473,UuudddTmd
1.3066666666666666,0,-3.7312070215136997,0.7882973716656031,0.0000006589363674494755,-0.0000018581702933664194,-1.2249637197686432,UuudddTmd
1.3133333333333332,0,-4.266578317729139,0.9200574715839082,0.0000008345028797527846,-0.0000013212037896155279,-1.5925794245364369,UuudddTmd
1.32,0,-4.632831623513436,0.7248295009247996,-0.0000006842941750820055,0.000001073562491175615,-1.5070324605601773,UuudddTmd
1.3266666666666667,0,-4.569735327223175,-0.11537071653604947,-0.0000012522725381680843,0.0000015946414417906602,-0.485218636344549,UuudddTmd
1.3333333333333333,0,-4.4340748098523965,-0.1556131278945528,-0.0000008494810626098495,-0.000001631470264133514,0.3046848403283542,UuudddTmd
1.34,0,-0.9177371911483717,-0.000000000000019136379477783304,-0.000000000000014862620988202737,-0.00000000000001312338331369096,0.00000000000000959754931939714,Tri2Tmd
1.3466666666666667,0,-1.4680403087121747,-0.000000000000023428825021226872,-0.000000000000020018408702501597,-0.000000000000010783241266852339,0.00000000000004149050862205612,Tri2Tmd
1.3533333333333333,0,-1.9967421308219526,-0.000000000000014250089297849574,-0.00000000000002992188771450908,-0.0000000000000003505395451351426,0.000000000000047405890761885994,Tri2Tmd
1.36,0,-2.45141669164834,0.000000000000013992115615571251,-0.0000000000000386152621882533,0.000000000000003792025885297722,0.00000000000001083273269394422,Tri2Tmd
1.3666666666666667,0,-2.84820341634698,0.000000000000023431867972542313,0.000000000000015181597274698534,-0.00000000000009292456392526054,0.000000000000006412604912420821,Tri2Tmd
1.3733333333333333,0,-2.781480678576307,-0.00000000001091698537594731,0.000000000004874246749126163,0.000000000003994106314595479,-0.0000000000002689153333498135,One2Tmd
1.38,0,-2.988735649238499,-0.00000000000012699717651232827,0.00000000000015854157519059132,-0.00000000000024658590062877356,-0.00000000000017663373814161005,One2Tmd
1.3866666666666667,0,-3.217486541690301,-0.000000000000034208948787229894,0.00000000000006350242010828031,-0.00000000000007989222467519388,-0.00000000000007046499779308103,One2Tmd
1.3933333333333333,0,-3.4989621975807195,0.000000000000013737365615422019,0.00000000000001056614469992675,-0.0000000000000025424218286219125,-0.000000000000014588021457484433,One2Tmd
1.4,0,-3.8302776676499626,0.00000000000001929538879292319,-0.000000000000002571000992348745,-0.000000000000009647849186222842,-0.0000000000000062509866912326765,One2Tmd
1.4066666666666667,0,-4.114107638933455,0.000000000000015182018260718057,-0.000000000000008167166891052144,-0.00000000000001573252629877391,0.000000000000005683636680657179,One2Tmd
1.4133333333333333,0,-4.368863429659172,0.000000000000009449673511678365,-0.000000000000008572753611705414,-0.00000000000002455199842562811,0.00000000000002152545356772957,One2Tmd
1.42,0,-4.572780326538503,0.000000000000009249157779615588,0.0000000000000012124141129581002,-0.00000000000004468377792473091,0.000000000000047512292443065465,One2Tmd
1.4266666666666667,0,-4.75085696134981,0.00000000000000330061114994707,-0.000000000000002561689669763337,-0.00000000000003232101769381082,0.00000000000003030873493134942,One2Tmd
1.4333333333333333,0,-4.9129676557482895,0.000000000000003348274756485839,-0.0000000000000036408095200773235,-0.000000000000022390970422510268,0.000000000000000030442979416123037,One2Tmd
1.44,0,-5.061694546651931,0.000000000000004959618137506819,-0.000000000000004267072370419073,-0.000000000000023340096849592687,-0.000000000000017468752842464702,One2Tmd
1.4466666666666668,0,-5.199835212536494,-0.00000000000000235901892950348,-0.000000000000011272009767869533,-0.00000000000002739004802899943,0.000000000000010538658618970814,One2Tmd
1.4533333333333334,0,-5.329959036816787,-0.000000000000008210422202143629,-0.000000000000010572266990443396,-0.00000000000001687093189170608,0.0000000000000732853384877465,One2Tmd
1.46,0,-5.454456239233576,0.0000000000000041053507351733816,-0.000000000000000698287639712481,0.000000000000003706617149365323,0.000000000000005656673106847978,One2Tmd
1.4666666666666666,0,-5.575664217344728,0.000000000000005808767217099154,-0.00000000000000007162606857339244,-0.0000000000000038006861848335446,-0.000000000000026902089212273313,One2Tmd
1.4733333333333334,0,-5.684893870775793,0.000000000000008402192991161204,-0.0000000000000020480870599477374,0.00000000000003565786659131307,0.000000000000019343486953170178,One2Tmd
1.48,0,-5.6065522029811605,0.000000000000008174930012059865,0.0000000000000044165563705672975,0.000000000000018102571170863502,-0.000000000000035718451771000355,One2Tmd
1.4866666666666666,0,-5.253546598647573,-0.0000000000000069598497493972185,-0.000000000000009454454087116377,0.0000000000000013232077157170027,-0.00000000000004939812966044458,One2Tmd
1.4933333333333334,0,-4.956083460623358,-0.000000000000002162985657215668,-0.000000000000005533211749702823,0.000000000000011804605118985558,-0.000000000000048633828197343484,One2Tmd
1.5,0,-4.704790917993981,0.0000000000000010388471669648502,0.000000000000012477097886312594,0.00000000000006563541947552053,0.000000000000009799620843950974,One2Tmd
1.5066666666666666,0,-4.475300023758491,-0.0000000000000005616631395520725,0.0000000000000034742274121549023,0.000000000000020440585026516317,-0.00000000000003612855389175516,One2Tmd
1.5133333333333334,0,-4.097387034818099,0.0000000000000056373963154357095,0.00000000000002042924690064327,0.000000000000017719694886043133,-0.000000000000010233648322772275,One2Tmd
1.52,0,-3.779670151736861,0.000000000000004440892098500626,0.0000000000000033070737721132783,0.000000000000014210983536560106,-0.00000000000001389761985599493,One2Tmd
1.5266666666666666,0,-3.533265156842709,-0.000000000000004271379696912265,-0.000000000000003028212956047468,0.000000000000013186902112108456,0.00000000000001582072759448875,One2Tmd
1.5333333333333334,0,-3.3219974320574925,0.000000000000002310659199475642,0.000000000000006717622239279733,0.000000000000016988291427797493,0.000000000000015173074774675484,One2Tmd
1.54,0,-3.132545983076272,-0.000000000000009185507839308156,0.000000000000003426987295180491,-0.000000000000026720615973291222,-0.0000000000000274601403993851,One2Tmd
1.5466666666666666,0,-2.958509216314894,-0.0000000000000018074535605364396,0.0000000000000031375761125316537,0.0000000000000031148592935500283,-0.000000000000012309555371402814,One2Tmd
1.5533333333333332,0,-2.796981492231613,-0.000000000000004529767705968531,-0.0000000000000029318455887595656,-0.000000000000003668612019657805,-0.000000000000008382282505861436,One2Tmd
1.56,0,2.356222465706681,0.0000000000000003248963280965223,0.000000000000000017542351501848114,0.00000000000000007713879237861826,-0.0000000000000010459406976429746,FmTmd
1.5666666666666667,0,2.294700022302346,0.000000000000000643918412822025,0.00000000000000041631995740872646,0.0000000000000003164053559227453,-0.0000000000000008465518946895355,FmTmd
1.5733333333333333,0,2.2281120091781403,-0.00000000000000030147431892295337,0.00000000000000037241453327983687,0.0000000000000002613922308173212,-0.00000000000000043845654733262596,FmTmd
1.58,0,2.1573144219951224,-0.0000000000000006710380973077856,0.00000000000000008164375224808634,0.00000000000000011429182415097676,-0.0000000000000002220446049250313,FmTmd
1.5866666666666667,0,2.082518131427404,-0.0000000000000003406791013155162,-0.0000000000000004322480192954438,-0.00000000000000010594750651053614,-0.0000000000000002220446049250313,FmTmd
1.5933333333333333,0,1.9948745855429877,-0.000000000000000233562262088212,-0.00000000000000004607062865272286,-0.00000000000000014419051756229397,-0.0000000000000004210538955237012,FmTmd
1.6,0,1.8791182042921184,-0.0000000000000001511793972983342,0.0000000000000002373986613204706,-0.00000000000000012814831270517528,-0.0000000000000004668256880388024,FmTmd
1.6066666666666667,0,1.7098318444850589,-0.00000000000000010627095408592112,0.0000000000000002823071045328837,-0.000000000000000015877204674142572,-0.00000000000000020860213956742717,FmTmd
1.6133333333333333,0,1.5405454846779991,-0.00000000000000006136251087350803,0.00000000000000032721554774529677,0.00000000000000009639390335689016,0.00000000000000004962140890394813,FmTmd
1.62,0,-0.27619620982008974,0.03832721079025624,-0.06638467973231756,-0.029361513539801355,0.01695187807610044,TwinTmd
1.6266666666666667,0,-0.2211444747511967,0.1355068486400874,-0.2347047459884475,-0.5957779327413174,0.3439726312865153,TwinTmd
1.6333333333333333,0,-0.162839978077454,0.30268457463559884,-0.5242650867043749,-1.3886776415318847,0.8017532506281101,TwinTmd
1.64,0,-0.09558702881210325,0.5981353752452873,-1.0360008771356262,-2.470016073363732,1.4260644281175499,TwinTmd
1.6466666666666667,0,0.024342927060289087,1.4395270042947215,-2.4933345707868217,-4.63989946625898,2.6788472929724736,TwinTmd
1.6533333333333333,0,0.7956122806655206,0.000000000000000924350194502029,0.0000000000000004862804285545263,-0.00000000000000018342096345286785,-0.000000000000000024160442690056414,FmTmd
1.66,0,0.7243992154503194,0.000000000000001183942432739693,0.00000000000000017660072128186512,-0.000000000000000114602546987147,-0.00000000000000038455462380346255,FmTmd
1.6666666666666667,0,0.6583082064508039,0.0000000000000014938837259293589,-0.00000000000000020374318738922904,-0.000000000000000029854219442386525,-0.0000000000000008929415625398219,FmTmd
1.6733333333333333,0,0.6014620916228794,0.0000000000000019966167421178145,0.0000000000000000027364442596009602,-0.000000000000000043320282376005874,-0.000000000000001368742452861039,FmTmd
1.68,0,0.5497043803205062,0.0000000000000013869210532165187,0.00000000000000004922013161795017,-0.000000000000000028711743443804265,-0.0000000000000012961255539891168,FmTmd
1.6866666666666668,0,0.501969831528653,0.00000000000000037871550445749837,0.00000000000000003178829845586288,-0.000000000000000005676481867118372,-0.0000000000000009359287975140337,FmTmd
1.6933333333333334,0,0.4599794615427022,0.000000000000001704591546781919,0.0000000000000003008066258840062,-0.00000000000000005371546890785825,-0.0000000000000010464184677077353,FmTmd
1.7,0,0.42159418037611657,0.000000000000002349481766538818,0.00000000000000014973780896648911,-0.00000000000000006275448765984129,-0.0000000000000011090052545264516,FmTmd
1.7066666666666668,0,0.38610435808322524,0.000000000000002106204769681152,-0.00000000000000006831994178185617,-0.00000000000000003415997089092808,-0.0000000000000009137912066673232,FmTmd
1.7133333333333334,0,0.35381247190886084,0.00000000000000030966614014831025,0.0000000000000000931666766031184,0.0000000000000000465833383015592,-0.00000000000000006598646014620665,FmTmd
1.72,0,0.3248365796752828,0.0000000000000001659329655340143,0.0000000000000000012009763195183392,0.00000000000000003720759687409161,0.00000000000000004605912997279513,FmTmd
1.7266666666666666,0,0.297969786134612,0.00000000000000009213876965601437,-0.00000000000000005551115123125783,0.000000000000000005055517914876019,0.000000000000000049836136806069604,FmTmd
1.7333333333333334,0,0.27313378167595165,0.0000000000000001450483609211594,-0.00000000000000003685445242638181,-0.00000000000000003241975031684792,-0.00000000000000000267629623813718,FmTmd
1.74,0,0.25040606748857325,0.0000000000000010630721613614291,0.00000000000000004854311040527119,-0.00000000000000005376914102476117,-0.00000000000000020549550796331305,FmTmd
1.7466666666666666,0,0.22985136498246503,0.0000000000000007596061745120448,-0.0000000000000000639748779462392,-0.000000000000000045553982133133074,-0.00000000000000009260140664940953,FmTmd
1.7533333333333334,0,0.21078021597505892,0.0000000000000003155991979291981,0.00000000000000005756253503156319,0.000000000000000021585950636836203,-0.000000000000000034608995194523416,FmTmd
1.76,0,0.19312397692848396,0.00000000000000006986847971438114,0.00000000000000013781879672752685,0.00000000000000006642156520738585,-0.000000000000000010910413976128024,FmTmd
1.7666666666666666,0,0.17680892385482047,0.00000000000000012092845073883089,-0.00000000000000005551115123125783,0.000000000000000023195075320134656,0.000000000000000027755575615628914,FmTmd
1.7733333333333334,0,0.16185929641339186,-0.00000000000000021868666051254065,-0.00000000000000005551115123125783,-0.000000000000000010766435805002504,0.000000000000000027755575615628914,FmTmd
1.78,0,0.14818166606548666,-0.000000000000000041465385304171013,-0.00000000000000005551115123125783,-0.000000000000000034711267331463375,-0.00000000000000006599508224079124,FmTmd
1.7866666666666666,0,0.13551236212220158,0.000000000000000027755575615628914,0.000000000000000009285827807669224,-0.000000000000000017334496283845726,-0.00000000000000005259659156543885,FmTmd
1.7933333333333332,0,0.1237928215955254,-0.000000000000000025238925357569763,0.000000000000000020181483915792043,0.000000000000000017664833657732892,0.00000000000000005867506974807633,FmTmd
1.8,0,0.1129569465202338,-0.0000000000000000592567730649602,-0.000000000000000005022930661784321,0.000000000000000030267040946521074,0.00000000000000012296255086557133,FmTmd
1.8066666666666666,0,0.1029398911437422,0.00000000000000003079185122098926,0.000000000000000051897313830439795,0,-0.00000000000000000209569959813786,FmTmd
1.8133333333333332,0,0.09370268491197915,-0.00000000000000004117379530259683,0.000000000000000027908764989244425,0,-0.00000000000000006206707170112628,FmTmd
1.82,0,0.08527206132479868,-0.00000000000000016224676758304794,0.0000000000000000036328947837079995,0.000000000000000012061340415960457,0.00000000000000007625536964838019,FmTmd
1.8266666666666667,0,0.07748812490741629,-0.00000000000000021165867056419043,-0.000000000000000020831619375068316,0.000000000000000029501502339115694,0.00000000000000007631289527963288,FmTmd
1.8333333333333333,0,0.07029742083622992,-0.00000000000000009775483117379949,0.000000000000000007755788313294463,0.000000000000000021377708046189876,-0.000000000000000034925692502140137,FmTmd
1.84,0,0.06366735207532448,-0.000000000000000005399476826424205,0.00000000000000003520760854536382,0.00000000000000002132982073754936,-0.000000000000000039647828962169537,FmTmd
1.8466666666666667,0,0.05755915112577069,-0.0000000000000000014488630947951805,-0.00000000000000001967324018699518,0.00000000000000002162491525458506,0.000000000000000034526865528604575,FmTmd
1.8533333333333333,0,0.05193536125847943,-0.0000000000000001018731216329052,-0.0000000000000000725819571028274,0.000000000000000006509020542252319,0.00000000000000007061706691666597,FmTmd
1.86,0,0.04676778532167165,-0.00000000000000016232271979466027,-0.000000000000000023952207757107176,-0.000000000000000003135526045385491,0.0000000000000000452839690167433,FmTmd
1.8666666666666667,0,0.042025441636647155,0.00000000000000006379417237749775,-0.000000000000000011080404477027192,0.000000000000000006239548071210412,-0.000000000000000024958192284841647,FmTmd
1.8733333333333333,0,0.03758693482837461,0.000000000000000036695254224897286,-0.000000000000000001097357599676908,0.000000000000000004018125751792068,-0.000000000000000017444200006764407,FmTmd
1.88,0,0.03253790710624087,0.0000000000000000037713863550398255,-0.000000000000000025522366506206074,0.000000000000000004284112103578822,-0.000000000000000021827893093706713,FmTmd
1.8866666666666667,0,0.02651372623670731,0.0000000000000000175722172550243,-0.0000000000000000055889989323698566,0.00000000000000001991675173069677,-0.000000000000000011805590588953307,FmTmd
1.8933333333333333,0,0.02143205461459767,0.000000000000000050460242354886556,0.000000000000000024657264405328955,-0.0000000000000000011457135442286456,-0.000000000000000032540150823004166,FmTmd
1.9,0,0.01713089178792056,-0.000000000000000025963962877394603,-0.000000000000000008502949593111523,-0.0000000000000000031281113784085894,0.000000000000000020034653867119537,FmTmd
1.9066666666666667,0,0.013511146383794663,0.000000000000000018857891116754824,-0.000000000000000006938893903907228,-0.0000000000000000004896976487417151,-0.000000000000000008163138025761516,FmTmd
1.9133333333333333,0,0.010493756067880148,0.000000000000000001734723475976807,-0.00000000000000000961406684148737,0.0000000000000000018009129771745967,-0.0000000000000000041382401863486494,FmTmd
1.92,0,0.008021026635025852,-0.000000000000000009948604542917011,0.000000000000000004673331207557527,0.0000000000000000018231966793722895,0.000000000000000000991386395098417,FmTmd
1.9266666666666667,0,0.006012226703519207,-0.000000000000000004774866965456246,0.0000000000000000025933304009251567,-0.0000000000000000004468130885542831,0.000000000000000007254305390982818,FmTmd
1.9333333333333333,0,0.004397327817620891,0.0000000000000000009763424449939074,-0.0000000000000000005419142563237677,-0.00000000000000000010748606765362788,0.0000000000000000030902564364621645,FmTmd
1.94,0,0.0031216805814967396,-0.0000000000000000006639250062523525,0.000000000000000002441240780832613,0.0000000000000000008405543324663039,-0.0000000000000000022622302642983574,FmTmd
1.9466666666666668,0,0.002136334929780586,0.000000000000000002471053177090568,0.000000000000000000626168995310087,0.0000000000000000006099365451210288,-0.0000000000000000012830696682384235,FmTmd
1.9533333333333334,0,0.0013955261292336162,-0.000000000000000003951447197228076,0.0000000000000000009611171611675526,-0.0000000000000000005733528939691352,0.0000000000000000013408281989859267,FmTmd
1.96,0,0.0008577498836316808,-0.0000000000000000006424689790994304,-0.000000000000000000017403344963946702,0.0000000000000000001519285796584172,0.0000000000000000001023939813201792,FmTmd
1.9666666666666666,0,0.0004851890400090515,-0.0000000000000000010993425807583254,0.00000000000000000022954348343111843,0.00000000000000000013991971346359417,-0.00000000000000000033822182679966897,FmTmd
1.9733333333333334,0,0.00024336185792310185,-0.0000000000000000010546893545143634,0.00000000000000000018334814984363546,-0.00000000000000000008259260900467839,0.0000000000000000006766353836519828,FmTmd
1.98,0,0.00010102223959110535,0.00000000000000000017718859285173086,-0.00000000000000000006181485953353852,-0.000000000000000000019500303402874315,-0.00000000000000000015231034368671977,FmTmd
1.9866666666666666,0,0.000029766236752560613,0.0000000000000000000614480443777365,-0.000000000000000000017822724689779165,-0.000000000000000000025526406461485728,-0.00000000000000000002431872588830271,FmTmd
1.9933333333333334,0,0.000003867073261547306,0.000000000000000000018823854430879664,-0.000000000000000000002331629887034247,-0.0000000000000000000036235312247414085,0.0000000000000000000031639145883969087,FmTmd
0,0,0,0,0,0,0,None
0,0,0,0,0,0,0,None
0,0,0,0,0,0,0,None
0,0,0,0,0,0,0,None
0,0,0,0,0,0,0,None
0,0,0,0,0,0,0,None
0,0,0,0,0,0,0,None
