# n,energy,berry,bcd_x,bcd_y,qmd_x,qmd_y
0.0000012604166666666667,0,-0.000000050561853673358644,0.0000000068258997525381505,-0.000000003952282849933829,0.0000000023792252713659056,-0.000000004136187555918592
0.006666666666666667,0,-0.00027141458529010543,-0.000000000000000005038201942713847,-0.000000000000000009948854216131418,0.000000000000000006438929583512552,0.0000000000000000058693636413517484
0.013333333333333334,0,-0.0005353515638865418,0.000000000000000011263478797523473,-0.000000000000000003655224800079744,0.000000000000000002508341872133181,-0.000000000000000006691834778962974
0.02,0,-0.000768558209021747,0.000000000000000002407161165172004,-0.0000000000000000008763891424214353,0.0000000000000000027842344865527653,0.000000000000000001203754636887917
0.02666666666666667,0,-0.0009423675731070702,0.0000000000000000027264602293606846,-0.0000000000000000002847595778640218,0.000000000000000001653053820758566,0.000000000000000001820546510914937
0.03333333333333333,0,-0.0010015764116016405,-0.0000000000000000052010465071624995,-0.000000000000000004310772691769159,-0.00000000000000003364650100237161,-0.00000000000000003559361242334465
0.04,0,-0.0008711718261788514,0.00000000000000001235779116648539,-0.0000000000000000014848892383567261,-0.000000000000000009089137927252818,0.000000000000000006302397255061156
0.04666666666666667,0,-0.0006978788713078418,0.00000000000000000902191564798072,-0.000000000000000010507430550655207,0.0000000000000000008903993543394375,0.00000000000000001174980079512907
0.05333333333333334,0,-0.0004865348243584996,0.00000000000000001100019545797301,-0.000000000000000021260252320260597,-0.000000000000000013372316017645573,0.00000000000000001306842103531606
0.06,0,-0.00023509345045531047,-0.00000000000000001511260662231841,-0.000000000000000010509227024946591,-0.0000000000000000042355501347417834,0.000000000000000017923905126089296
0.06666666666666667,0,0.00005853009884017156,-0.000000000000000012464667439936435,-0.000000000000000001402723553056667,0.000000000000000006644637112031723,0.000000000000000009116543431461106
0.07333333333333333,0,0.0003965633181567061,0.000000000000000015921339166854906,0.000000000000000016200979081572447,0.00000000000000006923251289528735,0.000000000000000024871066158415884
0.08,0,0.0007840233203792543,-0.000000000000000026580532168359968,-0.000000000000000017961948386943458,-0.00000000000000000032717654847533083,-0.000000000000000008748795608932045
0.08666666666666667,0,0.0012208710364281872,-0.00000000000000005794198426867031,-0.00000000000000005703633144509109,-0.0000000000000000859844226625659,-0.00000000000000002493971630509632
0.09333333333333334,0,0.0017083665514113315,-0.000000000000000009728486519271681,-0.00000000000000001575851184654888,0.00000000000000001237565148770334,-0.000000000000000007542008441848473
0.1,0,0.002248351881704599,-0.000000000000000003569622655329426,-0.00000000000000004171780511675792,0.0000000000000000475930498686945,-0.00000000000000006338296775439449
0.10666666666666667,0,0.0028424634311007483,-0.00000000000000002568751217401857,-0.00000000000000003041234183918509,0.00000000000000004101866825839046,0.000000000000000031555804868505113
0.11333333333333333,0,0.0034917162470689245,0.00000000000000001919608039888884,-0.00000000000000003686408303682573,0.000000000000000012734147831737653,0.000000000000000023524508127836485
0.12,0,0.0041966621360007604,0.000000000000000010074588970782491,0.00000000000000003419216150723716,0.00000000000000007807386406186069,0.000000000000000010967926363942542
0.12666666666666668,0,0.004956616777284989,-0.00000000000000003411381124348779,0.000000000000000025305040883686748,0.00000000000000012600091776518157,-0.000000000000000038505752436276355
0.13333333333333333,0,0.0057694563932550735,-0.00000000000000002823562347514869,-0.0000000000000000665118660020712,0.00000000000000013509965390190466,-0.0000000000000001281681943736022
0.14,0,0.006631360116740807,0.000000000000000022219894877497304,-0.0000000000000000037899971588528086,0.00000000000000008151053436616283,-0.00000000000000004366671689971537
0.14666666666666667,0,0.007535294215833615,-0.00000000000000007644590687586845,0.0000000000000000007702360561476804,-0.0000000000000002043909680924487,0.00000000000000010713007185450308
0.15333333333333332,0,0.008469819927902439,-0.0000000000000002329096601212221,-0.00000000000000007846815039386044,-0.00000000000000018725463257164917,0.00000000000000019010389724148657
0.16,0,0.009415950740082972,-0.0000000000000002086193050037616,-0.00000000000000010848664951972832,0.0000000000000001128002532926076,0.00000000000000016258270061919835
0.16666666666666666,0,0.01034519708087333,-0.00000000000000005179115354023898,-0.00000000000000007137083707220612,0.0000000000000003314153256932688,0.000000000000000013048620778767158
0.17333333333333334,0,0.011213530067690854,0.00000000000000003629818249380672,0.000000000000000007190385922721065,0.00000000000000023448654170637657,-0.000000000000000023772615641449007
0.18,0,0.011951768358065029,0.00000000000000005763522406497232,-0.00000000000000009815235213616909,0.0000000000000005805661554105906,0.0000000000000002550789842939316
0.18666666666666668,0,0.012447634131940263,-0.00000000000000008526154618040405,-0.0000000000000006456164318416758,0.000000000000000037158965119450684,0.0000000000000009361381342744476
0.19333333333333333,0,0.012518185476195568,-0.00000000000000039045043201143313,-0.000000000000001101469407338821,-0.0000000000000019601193032636853,0.0000000000000023825032690679223
0.2,0,0.011861051488647046,-0.00000000000000030657263788052016,-0.000000000000000830613820356576,-0.0000000000000001808515104265926,0.0000000000000026555021397742078
0.20666666666666667,0,0.00993787881553009,-0.000000000000000747882268725268,-0.000000000000000506569040294266,0.0000000000000003553442015762346,-0.0000000000000022512170403211217
0.21333333333333335,0,0.005784816169238563,-0.0000000000000006062022235999003,-0.0000000000000019927493793660544,0.0000000000000021742108546584186,0.0000000000000014135061831179834
0.22,0,-0.0032366349865277522,-0.0000000000000017659956199707407,-0.000000000000005644864755172105,0.0000000000000017547111155455617,0.000000000000008298237195617226
0.22666666666666666,0,-0.02493404373042734,0.0000000000000009991680806757374,-0.0000000000000011823147158729338,0.000000000000011104665597915833,0.000000000000005733362930469814
0.23333333333333334,0,-0.07754818748234468,0.0000000000000027462083209637104,0.0000000000000027411280151769833,-0.000000000000016261709279237645,0.00000000000001935056272828026
0.24,0,-0.1277918502824298,0.000000000000004899100713965228,0.000000000000003202889604767534,0.00000000000008254785460717163,-0.000000000000021185719200153484
0.24666666666666667,0,-0.15965313023189576,0.000000000000004062403729886145,-0.0000000000000008453071633234659,0.00000000000006245755689220802,-0.00000000000003711625886305796
0.25333333333333335,0,-0.18034291396932406,-0.000000000000002619516207275475,-0.00000000000001166015296508523,-0.00000000000013241935363445322,0.000000000000018859564109643554
0.26,0,-0.18583961987081066,0.000000000000007640179141852722,-0.000000000000009800505533783496,-0.00000000000006350112067463625,0.00000000000004862862518915175
0.26666666666666666,0,-0.14662947404199356,-0.000000000000007423456802061127,-0.000000000000010572374796024708,-0.000000000000032221260889568764,-0.00000000000010239174919335888
0.2733333333333333,0,-0.08204500467945713,-0.000000000000037997749941732377,-0.000000000000014731516810897835,-0.00000000000000017735842481760005,-0.00000000000026334030842020567
0.28,0,-0.029795161688511707,-0.000000000000018107862022712316,0.0000000000000160787483397161,-0.00000000000006037062096545183,0.0000000000000010910442950454452
0.2866666666666667,0,0.015234188940201884,-0.000000000000018523698602285225,0.000000000000006618466154432424,-0.00000000000007404702402696082,0.00000000000008536725775515494
0.29333333333333333,0,0.056447441420511724,0.000000000000016120716182785214,0.00000000000000552397241148658,0.000000000000047241140734230185,-0.00000000000011727956308573632
0.3,0,0.09734782953917644,0.00000000000003027054047725088,-0.00000000000000917803373423464,-0.00000000000006261679461788572,-0.00000000000030448390736176736
0.30666666666666664,0,0.14084205950620884,0.000000000000021857894817466824,-0.00000000000001247837338697939,-0.00000000000012312819478587645,-0.00000000000018011119057091916
0.31333333333333335,0,0.19196163350106332,0.0000000000000039250549864856365,0.00000000000000028429876240423103,-0.000000000000051652134028929505,0.00000000000017062607559538256
0.32,0,0.2642944568849157,0.00000000000001332778314620006,0.000000000000006346838068667741,-0.00000000000003311698200977992,0.00000000000009401411391623095
0.32666666666666666,0,0.3295378109317123,0.00000000000000826305429315482,0.000000000000017795267296817086,-0.0000000000001026943062623988,0.000000000000037470688838813123
0.3333333333333333,0,0.38785924938658767,-0.000000000000019178675866849956,0.0000000000000006356704031231014,-0.00000000000006993719200815529,0.00000000000017789409932355473
0.34,0,0.4396293358347647,-0.00000000000002774594869831629,-0.00000000000002091678590056359,-0.00000000000000754046043007643,0.0000000000003451610762462038
0.3466666666666667,0,0.48767404034213835,0.00000000000003625281519407725,0.00000000000002885405435551115,-0.00000000000024525344229119707,0.00000000000006379147779498616
0.35333333333333333,0,0.533251878282965,-0.00000000000007434921290786221,0.00000000000001540592758305749,-0.0000000000003563092079866456,0.0000000000001790154658569549
0.36,0,0.5770789198881914,-0.00000000000007389607320342976,-0.00000000000002312389414239882,-0.0000000000011882219179298315,0.0000000000006496593097291955
0.36666666666666664,0,0.5609389566658948,0.000000000000341064565293045,-0.0000000000003228747939786566,-0.00000000000029344338637044706,0.0000000000006766170658319086
0.37333333333333335,0,0.5445454766449326,-0.00000000000002244713806519108,-0.00000000000006769463514313281,-0.000000000000825640625186367,-0.00000000000840356258895976
0.38,0,0.5272515752725433,-0.0000000000004576571061006652,0.0000000000002454492783347234,-0.0000000000014574612105609404,-0.00000000001485791740028736
0.38666666666666666,0,0.506025297690984,-0.00000000000002746395685395103,-0.00000000000003945141362622267,-0.00000000000038934919004247743,-0.0000000000023882612098794628
0.3933333333333333,0,0.5166103196811873,0.000000000000024695960300533885,-0.00000000000005942505274388536,-0.00000000000012720828565330943,0.000000000000004856874413878473
0.4,0,0.5403645594184863,-0.000000000000009562686024844011,-0.0000000000000274856456605378,-0.0000000000000823198029336948,-0.0000000000001740387949306692
0.4066666666666667,0,0.5757263148320709,-0.00000000000000787485413354265,-0.000000000000042199136712969233,-0.00000000000004269244548574979,-0.00000000000006102744220875194
0.41333333333333333,0,0.6201772364065505,0.00000000000004101272023185809,-0.00000000000004874735983015754,0.00000000000021871796077392113,0.00000000000009649575849282202
0.42,0,0.6700380789295275,0.0000000000000760338372328498,-0.00000000000005684394956374063,0.0000000000003991685100104667,0.00000000000018850959921586084
0.4266666666666667,0,0.7291563634676875,0.000000000000018458977320523935,-0.00000000000007810798584714955,0.00000000000009154530205785811,0.000000000000017422054213232497
0.43333333333333335,0,0.7973202999094192,0.0000000000000045077820652596185,-0.00000000000005233840264836325,-0.000000000000043724445198932725,-0.00000000000009380909025493352
0.44,0,0.8706612027416809,0.000000000000015523084323808163,0.00000000000000034924791360990115,-0.0000000000000803536430707327,-0.00000000000017078349157973059
0.44666666666666666,0,0.9630131144444708,-0.000000000000004926100015989244,0.000000000000011084388501894494,-0.000000000000005554095859368321,-0.00000000000016748945158684305
0.4533333333333333,0,1.0618137457354677,-0.000000000000023237414789276864,0.000000000000012784528364323766,0.000000000000050855790039196874,-0.0000000000001538713043054915
0.46,0,1.1917939721634812,-0.00000000000002327612872849483,-0.00000000000002598102943926403,-0.000000000000016454845614436262,-0.00000000000010080739828406904
0.4666666666666667,0,1.3219457707062081,-0.000000000000023312398953958374,-0.00000000000006446521186160504,-0.00000000000008350637104956517,-0.00000000000004804150976130294
0.47333333333333333,0,1.493661517247259,-0.000000000000022756670930870183,-0.000000000000034785218924820885,-0.0000000000000877875350792816,-0.000000000000067471408050016
0.48,0,1.6653772637883097,-0.000000000000022200942907781993,-0.000000000000005105225988036733,-0.00000000000009206869910899804,-0.00000000000008690130633872908
0.4866666666666667,0,1.8146807794630317,-0.000000000000015563516079421238,0.000000000000020254977530698256,-0.000000000000052026687386189346,-0.00000000000006208195609359055
0.49333333333333335,0,1.9134177739717482,0.0000000000000047954520446824676,0.00000000000003586886332036519,0.00000000000008801736421394449,0.00000000000006257263928674835
0.5,0,2.0041339027325034,0.0000000000000031378091582235923,0.0000000000000193579649392731,0.00000000000013083649361234415,0.00000000000010013908004605322
0.5066666666666667,0,2.0889386022793666,-0.000000000000014746216466513097,-0.000000000000020829104269800914,0.00000000000010200023524067569,0.00000000000007352099539528234
0.5133333333333333,0,2.166681796092812,0.000000000000009927507969811425,-0.000000000000019061798232154748,0.00000000000004691599108824149,0.00000000000014901355238479065
0.52,0,2.2420189964591377,0.000000000000020529520140208755,-0.000000000000014269617748251562,0.000000000000022139525848254935,0.00000000000020820677325800098
0.5266666666666666,0,2.314411669764958,0.000000000000010945880666893742,-0.0000000000000069447177309564065,0.00000000000003852681777209129,0.0000000000002421518779573763
0.5333333333333333,0,2.3822760093869038,-0.0000000000000016428925131870845,-0.0000000000000044379480274082825,0.000000000000012046294215038094,0.00000000000016029812695085242
0.54,0,2.4460455066721924,-0.000000000000008735635401965017,0.000000000000015343338482261133,-0.00000000000000007877368708337181,0.00000000000010787429115002352
0.5466666666666666,0,2.50440543683298,-0.000000000000007272579238277118,0.0000000000000613564548302455,0.00000000000001513701041527076,0.0000000000001154821832012006
0.5533333333333333,0,2.5262239614921778,0.0000000000004744271532059059,0.00000000000020190708566451818,0.0000000000003730964932490531,0.00000000000026853324720313375
0.56,0,2.5449923873545144,0.0000000000005947650052155335,0.0000000000005660021624160652,0.0000000000009670236860789863,0.0000000000006745465451355314
0.5666666666666667,0,2.567304997707378,-0.00000000000018694431175128227,0.0000000000013804772871378016,0.0000000000019695820796835655,0.0000000000015796360761312203
0.5733333333333334,0,2.6049980615109614,-0.00000000000014406793773920982,0.0000000000005829877487328952,0.0000000000010223369482379788,0.0000000000006563248529180544
0.58,0,2.6470449039992765,-0.000000000000025803015310849874,-0.00000000000005959833156390918,0.00000000000018455966312791382,-0.0000000000001722416591254838
0.5866666666666667,0,2.691586552404299,-0.000000000000029410334788239404,0.00000000000002502337117652017,0.00000000000010038887532215817,-0.00000000000030691491961469284
0.5933333333333334,0,2.7411514093203913,-0.00000000000007872833306646111,-0.00000000000000799493663665564,-0.00000000000008318779156576914,-0.0000000000008828155154510099
0.6,0,2.7944534577423594,-0.00000000000007936276798290934,-0.00000000000003368630340993702,-0.0000000000000890747581130179,-0.0000000000009216828165807105
0.6066666666666667,0,2.852500113565739,-0.0000000000000008831544260569894,-0.000000000000030223967517722945,0.0000000000001832956654078226,-0.00000000000009764687423376086
0.6133333333333333,0,2.9209638259849986,-0.000000000000019264732493843062,-0.000000000000016316432215404704,0.00000000000009933034448468564,-0.00000000000015087898194640603
0.62,0,2.9956549784524458,-0.000000000000031353206677153295,-0.0000000000000021898943011062332,-0.000000000000004105552039260902,-0.0000000000002603635734758586
0.6266666666666667,0,3.083095604109683,0.00000000000001627939761622927,0.000000000000007989127986246753,-0.000000000000006193556611025617,-0.00000000000014343531745703458
0.6333333333333333,0,3.1468678059090887,0.00000000000002684080938246539,0.000000000000012534082702122806,-0.000000000000009761022726162385,-0.00000000000009768174638593579
0.64,0,3.192289593094726,0.00000000000000866047826010821,0.000000000000012710876845938272,-0.00000000000001447553322790817,-0.00000000000010711076738942736
0.6466666666666666,0,2.993090597467366,-0.000000000000001480806629120642,0.000000000000010854446030803898,0.000000000000024982962342635898,-0.0000000000000828206747779901
0.6533333333333333,0,2.67843505731113,-0.000000000000007827808429596913,0.000000000000008038370146633539,0.00000000000008529031050825344,-0.000000000000042615776000911736
0.66,0,2.366110710512089,-0.000000000000013865331570811843,0.00000000000000682908725841921,0.00000000000013286843430158257,-0.000000000000003584656441825732
0.6666666666666666,0,2.0714198933399937,-0.00000000000001756190727832345,0.000000000000017773850627718285,0.00000000000008416061321437078,0.00000000000002656780423121013
0.6733333333333333,0,1.763823186091963,-0.000000000000007174201775880067,0.000000000000017406574575335743,0.00000000000012245501765236542,-0.00000000000001141177693510208
0.68,0,1.428028519116145,0.000000000000017206599743219398,0.000000000000025321520131093306,0.00000000000010471074546838701,-0.00000000000004299163222066296
0.6866666666666666,0,1.0419207915606687,0.00000000000005007564305921468,0.00000000000007186584335610008,-0.00000000000019534338149513893,0.000000000000056853898057654
0.6933333333333334,0,0.4760248485729206,0.000000000000007358948466071745,0.00000000000003079844199049163,-0.00000000000004492783914399469,-0.000000000000040784261012387
0.7,0,0.06112443406208243,-0.0000000000000011505198412961028,-0.000000000000007838604388793552,0.000000000000007316101649694454,-0.000000000000006700810737952232
0.7066666666666667,0,-0.23803166446733479,0.0000000000000025012012943240526,-0.000000000000020493360934109298,-0.0000000000000659389290656029,0.00000000000007562137327493497
0.7133333333333334,0,-0.4754689041421048,-0.0000000000000011761262959113528,-0.0000000000000032900022424616904,-0.0000000000001483984739242111,0.00000000000010181446229515939
0.72,0,-0.6990946955166428,-0.000000000000004471540356104298,0.000000000000006177201472060668,0.000000000000031432805424237194,0.000000000000039784945987563
0.7266666666666667,0,-0.9357860964268683,0.000000000000016209377378737065,0.000000000000028500638947104866,0.00000000000010516011513055885,0.000000000000055607046166913064
0.7333333333333333,0,-1.2116428054281883,-0.0000000000000004450879507296615,-0.0000000000000031217635771990498,-0.00000000000002048623089934203,0.000000000000010070786531915427
0.74,0,-1.5636268705491507,0.0000000000000007902970931564869,-0.000000000000004972067572547729,-0.00000000000004370388126780825,-0.00000000000004878221989331234
0.7466666666666667,0,-1.7927567820222372,0.0000000000000060512624076744136,-0.0000000000000035125725268882776,0.00000000000004771501698480949,0.00000000000002920144939855276
0.7533333333333333,0,-1.5814608141049193,-0.0000000000000012281578379670526,-0.000000000000005547588512954021,0.00000000000000944644071256934,-0.000000000000027415877616290273
0.76,0,-1.3305653381365967,-0.0000000000000017609849225390214,-0.000000000000005956774540822772,-0.0000000000000014175021744102802,-0.00000000000002037976170870974
0.7666666666666667,0,-1.0127817609048675,-0.0000000000000009491922270725588,-0.000000000000013262278429538179,0.000000000000011380578562931722,-0.00000000000004724769341639806
0.7733333333333333,0,-0.5574672061913062,0.000000000000014417775710174217,-0.000000000000006632524586602983,0.000000000000013679480850505673,-0.000000000000027325430641021096
0.78,0,-0.220156290006163,0.00000000000001093127267082147,0.000000000000006315328895428741,0.000000000000018210637308744855,-0.000000000000021543603737268945
0.7866666666666666,0,-0.06667892669280755,-0.000000000000006007067569842115,0.000000000000011749718571594038,0.000000000000010605597596095095,-0.00000000000001423967168177587
0.7933333333333333,0,0.012016194001394101,-0.000000000000008467350520296305,0.000000000000005435089391908544,0.000000000000012462855208265257,-0.0000000000000015070500137027118
0.8,0,0.056955455409472444,0.0000000000000060743737215318395,0.000000000000005535728561362963,0.000000000000007855093034381945,-0.000000000000004505754715674684
0.8066666666666666,0,0.08300198806441489,-0.0000000000000020872813700649813,-0.0000000000000006218490613294618,0.000000000000004865739512049509,-0.0000000000000004381328395825725
0.8133333333333334,0,0.09979581557912184,-0.0000000000000007773118870801091,0.000000000000004715164166955959,0.000000000000004041622583623401,-0.0000000000000020620828723483053
0.82,0,0.11094097424540948,-0.0000000000000014670911090238723,0.0000000000000012262226019777677,0.0000000000000024826395600932735,-0.000000000000001378366829720909
0.8266666666666667,0,0.11853614124510703,0.0000000000000045042075885352134,0.0000000000000014544287134067306,0.000000000000002029894413172474,-0.000000000000001809919980183657
0.8333333333333334,0,0.12373814932650132,0.0000000000000032555815295897967,0.000000000000004691741294709356,0.000000000000002308082366526769,-0.000000000000002186467360554049
0.84,0,0.1275578718721363,0.0000000000000015617739709247286,0.000000000000003938464613474676,0.0000000000000016065443896217848,0.0000000000000001921976591269937
0.8466666666666667,0,0.1306379966166112,0.000000000000004015204693687554,0.00000000000000284125306068907,-0.000000000000000420114547679993,-0.0000000000000012849739354609994
0.8533333333333334,0,0.13333898120347273,0.0000000000000039968028886505635,0.00000000000000556910891075575,-0.00000000000000030874586360019264,-0.000000000000003373053272890112
0.86,0,0.13599717586445811,0.0000000000000007621647934655717,0.000000000000001316769386106629,0.0000000000000044222877474061795,0.00000000000000011980141093277747
0.8666666666666667,0,0.13881811846266526,0.000000000000007981546233458979,0.000000000000003843356282351133,0.0000000000000010499476061343795,0.0000000000000031635028678509186
0.8733333333333333,0,0.1420546551564033,-0.0000000000000018667190384238893,-0.0000000000000024316812100668286,0.0000000000000020174378196124534,0.000000000000004515439625019056
0.88,0,0.14583199343457703,0.0000000000000008919982007546348,0.0000000000000014167350932830706,0.0000000000000032444753482672665,-0.00000000000000021945664224173526
0.8866666666666667,0,0.15037521728383135,0.000000000000008480640278439252,0.000000000000009978669179823483,0.000000000000012244059338497827,0.0000000000000035338010829646692
0.8933333333333333,0,0.1558302144807856,0.000000000000002270371259699509,0.0000000000000052569477386015594,0.000000000000004771236991294238,0.000000000000002534420115383698
0.9,0,0.1624021995159925,-0.0000000000000015681096425534205,-0.000000000000000562396039053822,0.0000000000000009718631211410003,0.0000000000000019981442291905196
0.9066666666666666,0,0.17021528905374084,-0.0000000000000012212453270876722,0.0000000000000004497333860057611,0.0000000000000004805487451307826,-0.000000000000000050688823385737616
0.9133333333333333,0,0.179801170735159,0.0000000000000001476380911327182,-0.000000000000004056269352861819,0.0000000000000007387779238895447,-0.00000000000000007264410911445076
0.92,0,0.19118278038009318,-0.000000000000005620302020533883,-0.000000000000004281618716704288,0.00000000000000033888945734315125,0.0000000000000004184989749207154
0.9266666666666666,0,0.20496342020973907,0.0000000000000003054511722655301,0.00000000000000003970293321245351,-0.000000000000000426505613086133,0.0000000000000004538173440154807
0.9333333333333333,0,0.2217478074006969,0.0000000000000003128359508573158,0.0000000000000006596163991322332,0.0000000000000010598935917533344,0.0000000000000002876712344214047
0.94,0,0.24214915762882108,0.0000000000000023409682642652528,0.0000000000000005876170442044191,0.0000000000000022074119787943197,0.00000000000000014745398434078307
0.9466666666666667,0,0.26749190259996114,-0.0000000000000010874922616955187,0.0000000000000004953097921126734,-0.00000000000000014126646325260444,0.000000000000000528185465088436
0.9533333333333334,0,0.2997119107276878,-0.000000000000006859432441075186,-0.000000000000004776126990579407,0.000000000000006366677383998732,0.000000000000004473637684972815
0.96,0,0.3412218650866507,-0.00000000000000010635576746701988,-0.0000000000000024077053795428372,0.000000000000000051511264092261495,0.00000000000000014847416852102046
0.9666666666666667,0,0.3957557508194209,-0.00000000000000006583054826057975,-0.0000000000000009850178929899879,0.0000000000000009117274713515966,0.0000000000000006716112381399227
0.9733333333333334,0,0.470746163891251,0.0000000000000009985194348096262,-0.0000000000000024739786199327526,0.0000000000000005426555215401782,-0.0000000000000004860039946206285
0.98,0,0.5568993995440426,-0.0000000000000009247020866207907,0.0000000000000007912099653427136,0.0000000000000004890288474811859,-0.000000000000001377082757096084
0.9866666666666667,0,0.4293877134898986,0.0000000000000002562683795335341,0.0000000000000010108718579977535,-0.00000000000000021342033960119947,0.0000000000000006063105308819202
0.9933333333333333,0,0.1434365637020887,0.0000000000000010547589227408949,0.000000000000000003390051178897632,0.0000000000000002741657049773915,-0.0000000000000005516273624396884
1,0,0.00000000000001339206523454095,0,0,0,0
1.0066666666666666,0,-0.14343656370205835,-0.0000000000000011380962236082592,-0.00000000000000018047005318532478,-0.00000000000000016654521603052084,0.0000000000000005690245871306348
1.0133333333333334,0,-0.4293877134898763,-0.00000000000000017515771901762297,-0.0000000000000009582354618743558,0.00000000000000025541304741311894,-0.0000000000000005529554459816159
1.02,0,-0.5568993995440156,0.0000000000000008491256796340981,-0.0000000000000007982991444378728,-0.0000000000000004462243300489873,0.0000000000000013800262058786303
1.0266666666666666,0,-0.4707461638912228,-0.0000000000000010236683056719965,0.000000000000002375871396577983,-0.0000000000000006175392914328809,0.00000000000000025557643274150085
1.0333333333333334,0,-0.395755750819394,0.000000000000000487323881009678,0.0000000000000016269418394426122,-0.000000000000000910920475740851,-0.0000000000000008429866654981918
1.04,0,-0.34122186508662394,0.0000000000000008132746875831156,0.000000000000001203352703879044,-0.00000000000000006990387319326428,-0.0000000000000006109559874720858
1.0466666666666666,0,-0.29971191072766107,0.000000000000007571253731139881,0.000000000000005224457492093708,-0.000000000000007117044658637733,-0.000000000000005042439805295127
1.0533333333333332,0,-0.26749190259993516,0.0000000000000002750671709817934,-0.00000000000000003112133151864521,0.0000000000000013556849938602359,0.00000000000000006731511806032587
1.06,0,-0.24214915762879494,-0.0000000000000012509241555723228,-0.0000000000000008211644587991153,-0.0000000000000011665978042702552,0.0000000000000005551115123125783
1.0666666666666667,0,-0.2217478074006703,-0.0000000000000004972977280489225,-0.0000000000000010767310002753324,-0.0000000000000004845511229105074,-0.0000000000000008360390945572379
1.0733333333333333,0,-0.20496342020971237,-0.0000000000000005485875837729132,0.0000000000000011471108876235503,0.00000000000000031426729385293153,-0.0000000000000006461181844698043
1.08,0,-0.19118278038006636,0.00000000000000416088349726971,0.000000000000004470238006025795,-0.0000000000000014589963244551938,-0.0000000000000010666263621464018
1.0866666666666667,0,-0.1798011707351322,0.0000000000000010876660831970668,0.000000000000003821556088958727,0.0000000000000008295931578278266,-0.000000000000000578255921966646
1.0933333333333333,0,-0.17021528905371397,0.0000000000000018270456627859652,-0.0000000000000011602632284241329,0.0000000000000010574151137558717,-0.0000000000000026012608442299103
1.1,0,-0.16240219951596566,0.0000000000000008188055566069727,0.0000000000000025122493399705706,-0.0000000000000022484266881088187,-0.00000000000000113768923321423
1.1066666666666667,0,-0.15583021448075887,-0.0000000000000023651173432311724,-0.000000000000006109459307770098,-0.000000000000004218034763106992,-0.0000000000000020826937690319312
1.1133333333333333,0,-0.15037521728380462,-0.000000000000009049502617798678,-0.000000000000009165422350234946,-0.000000000000011433562674318615,-0.000000000000005010431561919143
1.12,0,-0.1458319934345502,-0.0000000000000006444469468192614,0.0000000000000001180770368712028,-0.0000000000000045697193248939445,0.0000000000000003049722956938655
1.1266666666666667,0,-0.14205465515637666,0.0000000000000017082527184455681,0.0000000000000026592903345091315,-0.000000000000001916745568869294,-0.000000000000003955163086846572
1.1333333333333333,0,-0.13881811846263847,-0.000000000000007123218921977535,-0.000000000000003595651634413518,-0.0000000000000017733717285783837,-0.0000000000000034213688026383568
1.14,0,-0.13599717586443147,-0.0000000000000009403138560390396,-0.0000000000000015943251422628289,-0.000000000000003637905575523603,-0.0000000000000010591014276290335
1.1466666666666667,0,-0.13333898120344592,-0.000000000000004305479384653423,-0.000000000000005518728932047793,-0.00000000000000002818676507894916,0.000000000000002936028096209263
1.1533333333333333,0,-0.13063799661658443,-0.000000000000004125571365899119,-0.0000000000000023978194810899577,-0.0000000000000013431076076960592,0.00000000000000041847547205261664
1.16,0,-0.12755787187210954,-0.0000000000000006362868689770654,-0.0000000000000034052864383705408,-0.000000000000001491565282864477,-0.000000000000001324579957030658
1.1666666666666667,0,-0.12373814932647449,-0.0000000000000039638022346947004,-0.0000000000000030377329873370004,-0.0000000000000007941454615857125,0.000000000000001926878983486263
1.1733333333333333,0,-0.11853614124508023,-0.0000000000000032018391048375118,-0.0000000000000021466508825020823,-0.000000000000002538087034770071,0.0000000000000011013191913374354
1.18,0,-0.1109409742453827,0.0000000000000011508771365705503,-0.00000000000000021908815414475794,-0.000000000000001916132665302569,0.0000000000000007152143941875936
1.1866666666666668,0,-0.0997958155790946,0.0000000000000011462657044142893,-0.0000000000000042579402063021726,-0.000000000000004004895280521158,0.0000000000000016360150023928015
1.1933333333333334,0,-0.08300198806438779,0.0000000000000038547812587762145,-0.0000000000000014358056668221819,-0.0000000000000048464977157483345,-0.0000000000000007446288949027897
1.2,0,-0.05695545540944574,-0.000000000000008066180925101627,-0.000000000000002906362586291889,-0.000000000000006457967600093958,0.0000000000000019896091233179562
1.2066666666666668,0,-0.012016194001366358,0.000000000000007206997215909054,-0.000000000000006323267811608836,-0.000000000000013311462497156561,0.0000000000000028361668285349333
1.2133333333333334,0,0.06667892669283541,0.000000000000005495178654827793,-0.000000000000012387037321503495,-0.000000000000009784793564492475,0.000000000000012395513235503226
1.22,0,0.2201562900061974,-0.00000000000001032678000462382,-0.0000000000000063153288954284945,-0.000000000000012060693189685943,0.00000000000001422941529479942
1.2266666666666666,0,0.5574672061913382,-0.000000000000014518877458238948,0.000000000000006467644558642356,-0.000000000000017237628857527264,0.00000000000002718582605007683
1.2333333333333334,0,1.0127817609049037,0.0000000000000012407469184916363,0.000000000000009013232002979827,-0.000000000000017136437762035338,0.0000000000000584144156828227
1.24,0,1.3305653381366216,0.000000000000004322952433450538,0.000000000000002134363314827188,0.000000000000002278011143759729,0.00000000000003282544402109658
1.2466666666666666,0,1.5814608141049413,0.0000000000000022527982396636346,0.000000000000006195195159074996,-0.000000000000008868240594169433,0.000000000000031623251161553346
1.2533333333333334,0,1.7927567820222676,-0.0000000000000070410619765630755,0.000000000000005572453968489766,-0.00000000000007116569203551547,-0.000000000000015338484666591487
1.26,0,1.5636268705491831,0.0000000000000054125584282823,0.000000000000011330636599045517,0.000000000000015390639486204233,-0.000000000000008664848899401973
1.2666666666666666,0,1.2116428054282153,0.0000000000000026509106152126286,0.000000000000009545737383602023,-0.000000000000004460756237687331,-0.0000000000000023278673506259937
1.2733333333333334,0,0.9357860964268905,-0.000000000000016217122890955703,-0.000000000000024395641325818106,-0.0000000000001419127992099974,-0.00000000000008581101001478979
1.28,0,0.6990946955166696,0.0000000000000049457349436291245,-0.000000000000005106483033346812,0.000000000000005001029086762597,-0.00000000000003274490976427807
1.2866666666666666,0,0.47546890414213444,0.0000000000000007875933197329548,-0.00000000000000359301985069187,0.00000000000013635031094683862,-0.00000000000011957658805107092
1.2933333333333332,0,0.2380316644673671,-0.0000000000000055670387362015015,0.000000000000013789235759284954,0.00000000000003437049662528879,-0.00000000000003789820504484014
1.3,0,-0.06112443406205556,0.000000000000006116094782988684,0.000000000000007417255804606645,-0.00000000000003199916662190934,0.00000000000006822053950205916
1.3066666666666666,0,-0.4760248485728936,0.000000000000010414631653226066,-0.00000000000003131566859311268,0.00000000000003394286694596716,0.00000000000006185211416955906
1.3133333333333332,0,-1.0419207915606323,-0.000000000000026859395289052476,-0.00000000000009019543681609251,0.0000000000001968930378263707,-0.00000000000011231325065807873
1.32,0,-1.4280285191161295,-0.000000000000015003745912352833,-0.00000000000005530156580083793,-0.0000000000000658599560092174,-0.000000000000055045600662118056
1.3266666666666667,0,-1.7638231860919387,-0.0000000000000057185858430531714,-0.00000000000002305040868704664,-0.00000000000014485980642761567,-0.0000000000000626509569684851
1.3333333333333333,0,-2.071419893339962,0.0000000000000036720254163834615,-0.000000000000008376136808857134,-0.00000000000011293744759926472,-0.0000000000000661643997409881
1.34,0,-2.3661107105120673,0.000000000000015196643798625917,-0.00000000000001598673385373423,-0.00000000000003407716583901444,-0.00000000000002441483880909089
1.3466666666666667,0,-2.6784350573111033,0.000000000000011988733100800633,-0.000000000000019477441383510494,0.0000000000000290087746037645,0.0000000000000006642386498602479
1.3533333333333333,0,-2.993090597467334,0.000000000000006833148020550368,-0.00000000000002242349000079636,0.00000000000009000931067933066,0.000000000000023539439678197554
1.36,0,-3.192289593094698,-0.00000000000000558823305362009,-0.000000000000024349322625418737,0.00000000000010726355288851194,0.000000000000021544381877153224
1.3666666666666667,0,-3.1468678059090616,-0.00000000000003340384501391975,-0.00000000000002411359710033145,0.00000000000003183138486058065,-0.00000000000003314393994309696
1.3733333333333333,0,-3.0830956041096558,-0.000000000000025876145572420343,-0.00000000000001828162516580717,0.000000000000009403015388257158,0.000000000000007177072014471695
1.38,0,-2.9956549784524196,0.000000000000027237470721844237,-0.00000000000000523159659227779,0.00000000000005533911596708057,0.00000000000017004142861211837
1.3866666666666667,0,-2.9209638259849724,-0.000000000000011570163929068546,-0.0000000000000017763568394002505,0.000000000000054437044574862185,0.0000000000001690700815151078
1.3933333333333333,0,-2.852500113565714,-0.00000000000005954076335908957,0.0000000000000013177470075766709,0.00000000000006038608455231747,0.0000000000002303505882367374
1.4,0,-2.7944534577423346,0.00000000000004490636938936887,0.000000000000024111458297986108,0.00000000000021734531166602296,0.0000000000010636194262962622
1.4066666666666667,0,-2.741151409320364,0.00000000000006904156776231907,-0.000000000000027751852490945757,0.00000000000038936976394748085,0.0000000000010058886446823934
1.4133333333333333,0,-2.691586552404273,0.000000000000035530187979063466,-0.0000000000000359410428794221,0.000000000000439217720292329,0.0000000000006972215813024798
1.42,0,-2.6470449039992534,-0.000000000000029702172570395346,0.000000000000850106803754356,-0.0000000000007680318648073326,0.0000000000037273699423095985
1.4266666666666667,0,-2.6049980615105714,0.00000000040744166509871813,-0.0000000002994161519857385,0.000000000007748114028709684,0.0000000002831094120384356
1.4333333333333333,0,-2.567304997706589,0.0000000008643716888327969,-0.0000000006370237724259967,0.000000000010822787494515842,0.0000000005955244570883808
1.44,0,-2.544992387354376,0.00000000021360252396641078,-0.00000000016042950662560315,-0.00000000004875464049484086,0.00000000015404203087816054
1.4466666666666668,0,-2.5262239614922093,0.0000000000032551311080590223,-0.0000000000046624606578056966,-0.00000000003832715711398224,0.000000000007310283036056635
1.4533333333333334,0,-2.5044054368329642,0.00000000000000515964518540772,-0.000000000000042444686131250244,0.000000000000005300187046299464,-0.0000000000001401027245839072
1.46,0,-2.446045506672177,0.000000000000011450786689265679,-0.00000000000001164735388562,-0.000000000000010500819521529829,-0.00000000000012254605061965245
1.4666666666666666,0,-2.3822760093868887,0.000000000000006788759444214939,0.000000000000006001583124928963,-0.00000000000006920746554714351,-0.00000000000015128783689947129
1.4733333333333334,0,-2.31441166976494,-0.000000000000004167375668060797,0.000000000000014193088917788824,-0.00000000000013454450423790379,-0.0000000000002054397314642515
1.48,0,-2.2420189964591204,-0.0000000000000035821152422095055,0.00000000000001651584123288614,0.00000000000003225471712971445,-0.00000000000019841660635403597
1.4866666666666666,0,-2.1666817960927958,-0.000000000000004888715983961618,0.000000000000015760965439614926,0.000000000000022570425904627308,-0.00000000000013438941543381204
1.4933333333333334,0,-2.0889386022793457,-0.000000000000007700533906798272,0.000000000000012556769747017156,-0.00000000000011667498156503186,-0.00000000000003104663989089809
1.5,0,-2.004133902732485,-0.000000000000013523239924154245,0.0000000000000044292425977911095,-0.00000000000012915220874508035,-0.00000000000006376470227413642
1.5066666666666666,0,-1.9134177739717306,-0.000000000000013134417057526798,0.000000000000003715631111241457,-0.00000000000007190903202815411,-0.00000000000006954119666809507
1.5133333333333334,0,-1.8146807794630115,-0.000000000000004317541098269026,0.000000000000013061519628054695,0.000000000000079933602673827,-0.000000000000038762284228504305
1.52,0,-1.6653772637882924,-0.0000000000000033497262677625932,0.000000000000015928135028612685,0.00000000000011920649130611247,-0.000000000000013451100925133629
1.5266666666666666,0,-1.4936615172472458,-0.000000000000005860793631346214,0.000000000000015922989398769274,0.00000000000010858591130931618,0.000000000000009436660618349861
1.5333333333333334,0,-1.3219457707061935,-0.000000000000008371860994929918,0.000000000000015917843768925867,0.00000000000009796533131251953,0.00000000000003232442216183413
1.54,0,-1.1917939721634623,-0.000000000000007521126889772677,0.000000000000010031791550855083,0.000000000000013203948548017864,0.00000000000009621383591121834
1.5466666666666666,0,-1.0618137457354462,-0.000000000000006656515580571492,0.000000000000004121463496912655,-0.00000000000007186348056025393,0.00000000000016027250067054195
1.5533333333333332,0,-0.963013114444448,-0.000000000000008922619520731569,0.0000000000000042371457968979644,-0.00000000000003138554280856217,0.00000000000019354911752317593
1.56,0,-0.8706612027416556,-0.000000000000011414879807739207,0.00000000000000550956817964241,0.00000000000002908443745970665,0.00000000000021672337378925193
1.5666666666666667,0,-0.7973202999093932,-0.000000000000004878691419383584,0.000000000000008130679259236796,0.000000000000011035267493892143,0.0000000000001241550204719312
1.5733333333333333,0,-0.7291563634676616,0.00000000000000010243467294433085,0.000000000000010387252087874034,-0.00000000000010866476302651202,0.000000000000014771371054428136
1.58,0,-0.6700380789295011,0.0000000000000023664188800231114,0.00000000000001200687155909193,-0.00000000000040597813520535,-0.00000000000012399344557636974
1.5866666666666667,0,-0.6201772364065249,-0.0000000000000009058136528286065,0.000000000000013264801268653184,-0.00000000000022160867742027973,-0.00000000000007194438460553717
1.5933333333333333,0,-0.5757263148320454,-0.000000000000004999944732678121,0.000000000000014196740163679746,0.00000000000004049912858225154,0.00000000000004184264230907598
1.6,0,-0.5403645594184591,-0.000000000000006247472652335701,0.000000000000014380200151864685,0.00000000000007631051827595148,0.00000000000017217261791565609
1.6066666666666667,0,-0.5166103196811607,-0.000000000000028126237971622604,0.00000000000007093385591938747,0.00000000000011989213211724947,-0.0000000000000023804284803032856
1.6133333333333333,0,-0.5060252976909569,-0.000000000001226562339977679,-0.00000000000165282246835114,-0.0000000000007881748728110637,0.0000000000011956244177098176
1.62,0,-0.5272515752725175,-0.0000000000068017037868309,-0.0000000000101314461878984,-0.000000000005273231517316637,0.000000000007996116528247288
1.6266666666666667,0,-0.5445454766449064,-0.000000000004221641883598336,-0.00000000000605659372765476,-0.000000000003278230455366029,0.000000000004585198382931289
1.6333333333333333,0,-0.5609389566658679,-0.0000000000003281441031845654,-0.00000000000010990720005290988,0.00000000000009728966003097148,-0.00000000000038467208329273626
1.64,0,-0.5770789198881661,-0.000000000000009425466635871786,0.000000000000050228746718865374,0.0000000000012411016435255402,-0.0000000000006973772976473773
1.6466666666666667,0,-0.533251878282938,-0.000000000000020663331305797087,0.000000000000011763659236897551,0.00000000000024181207361365735,0.000000000000008588468161017709
1.6533333333333333,0,-0.48767404034211104,-0.0000000000000047237232949733306,0.0000000000000014993015621725934,0.00000000000017203304654443875,-0.000000000000003631397890512335
1.66,0,-0.43962933583473773,-0.0000000000000037940775375830374,0.0000000000000034112710879460193,-0.000000000000004471454492642508,-0.00000000000025236793764430796
1.6666666666666667,0,-0.38785924938656,0.0000000000000018578064055415703,0.000000000000005254866468896427,0.00000000000010131344237902383,-0.0000000000001415603181966209
1.6733333333333333,0,-0.3295378109316862,0.0000000000000024023460179400633,0.000000000000004004276366086204,0.0000000000001223538071347732,-0.00000000000007941013564469335
1.68,0,-0.26429445688489106,-0.0000000000000016792663101859563,0.0000000000000016130031417174107,0.000000000000018272329355751906,-0.00000000000017364491511219017
1.6866666666666668,0,-0.1919616335010338,0.0000000000000006762425922477914,0.000000000000001844692541956796,0.00000000000005534263339405351,-0.00000000000022801469436836586
1.6933333333333334,0,-0.1408420595061818,-0.0000000000000014873970527072766,-0.0000000000000002569649488210545,0.00000000000012800210959382263,0.000000000000158061661084077
1.7,0,-0.09734782953915036,-0.0000000000000016564304539753213,-0.0000000000000025289092756898845,0.00000000000008889713791716313,0.000000000000291400252229225
1.7066666666666668,0,-0.056447441420484495,0.00000000000000023746071197725805,-0.000000000000003500898189337837,-0.0000000000000033979270357533954,0.00000000000009332085813141033
1.7133333333333334,0,-0.015234188940174642,0.00000000000000003075569936892879,-0.000000000000001821706976883634,0.00000000000006221881819437902,-0.00000000000010115206316485305
1.72,0,0.029795161688537235,-0.0000000000000002349176709137533,-0.0000000000000010651154223829526,-0.000000000000001727606931052627,-0.00000000000005531763128304077
1.7266666666666666,0,0.0820450046794827,-0.000000000000000041149527628276104,-0.0000000000000013771009898994069,-0.00000000000002176186611177623,0.00000000000025716000428968205
1.7333333333333334,0,0.146629474042021,-0.0000000000000030679832584375107,-0.0000000000000008042047589825318,0.000000000000030000814840319467,0.00000000000007387258386872356
1.74,0,0.1858396198708373,-0.0000000000000040271167087018785,0.00000000000000008068970396603428,0.000000000000054130378567768185,-0.00000000000007086340904597885
1.7466666666666666,0,0.18034291396935076,-0.0000000000000022827706170168,0.00000000000000021656137686349152,0.00000000000011002053736253075,-0.000000000000010753903236981537
1.7533333333333334,0,0.15965313023192235,-0.0000000000000046409292643743674,-0.0000000000000007892710873333872,-0.00000000000007407529006842183,0.00000000000002911065024309597
1.76,0,0.12779185028245676,-0.000000000000004713637632825247,-0.0000000000000025258396798381953,-0.00000000000009298460942917834,0.00000000000000940859355439105
1.7666666666666666,0,0.07754818748237169,-0.00000000000000214746125399662,-0.0000000000000014950960116178891,0.0000000000000105398703507132,-0.000000000000017861291173357772
1.7733333333333334,0,0.02493404373045345,0.00000000000000024622497331654034,0.000000000000001474653356339424,-0.000000000000002516249435181893,0.000000000000007244217772977147
1.78,0,0.003236634986554446,0.0000000000000023960047236640465,0.000000000000001982464772618663,-0.000000000000004610340921153423,-0.0000000000000095516839087451
1.7866666666666666,0,-0.00578481616921207,0.00000000000000010109438616425006,0.000000000000001785053130683197,-0.0000000000000018959308445407613,-0.0000000000000013467625408022788
1.7933333333333332,0,-0.009937878815503409,0.000000000000000012048172275792838,0.0000000000000003787688554082811,-0.0000000000000003546725108566955,0.0000000000000012676852812184343
1.8,0,-0.011861051488620464,0.0000000000000003312480413277156,0.000000000000000910711979188714,0.00000000000000017859237544175656,-0.000000000000002505046108206724
1.8066666666666666,0,-0.012518185476168975,0.0000000000000006013681592073933,0.0000000000000011402286232694203,0.000000000000001668940171521492,-0.0000000000000024980176801940013
1.8133333333333332,0,-0.01244763413191367,0.0000000000000001208109382714553,0.0000000000000006180033433213055,-0.0000000000000003913275284091855,-0.0000000000000010322995638502056
1.82,0,-0.011951768358038432,-0.00000000000000008058168376150174,0.00000000000000013339638160518706,-0.0000000000000007230426192066764,-0.000000000000000395494131918337
1.8266666666666667,0,-0.01121353006766426,-0.00000000000000004523908536940255,0.000000000000000016016071773508596,-0.00000000000000022220193788823433,-0.00000000000000016596729574855377
1.8333333333333333,0,-0.010345197080846746,0.0000000000000000470824576205896,0.00000000000000004675439206967473,-0.00000000000000022518598632607005,-0.00000000000000008277012694463307
1.84,0,-0.009415950740056368,0.00000000000000021501766507288995,0.0000000000000000807310739040997,-0.00000000000000004095463159362439,-0.00000000000000014210005136970454
1.8466666666666667,0,-0.008469819927875847,0.00000000000000023701642716674794,0.00000000000000007928607624067447,0.00000000000000018567327019194948,-0.00000000000000011464174156224424
1.8533333333333333,0,-0.007535294215807036,0.00000000000000006322366589060533,0.000000000000000011026222050424984,0.000000000000000195447768092916,-0.0000000000000000730894568078699
1.86,0,-0.006631360116714198,-0.000000000000000046561275259539173,0.000000000000000006585463387103525,-0.00000000000000010411719127223473,0.00000000000000004561148714586192
1.8666666666666667,0,-0.005769456393228461,0.00000000000000001689793053803933,0.00000000000000008069166808290924,-0.0000000000000001538795978646217,0.0000000000000001380848327388501
1.8733333333333333,0,-0.004956616777258381,0.000000000000000039667068988372254,-0.000000000000000014814784752989644,-0.00000000000000010551189715282215,0.00000000000000002158952026830038
1.88,0,-0.004196662135974175,-0.000000000000000006430604434142784,-0.000000000000000024687155143391685,-0.00000000000000009036016413777442,-0.00000000000000003832313077188285
1.8866666666666667,0,-0.0034917162470423325,-0.000000000000000018660285844700833,0.000000000000000031989061448058574,-0.00000000000000004393031675414557,-0.000000000000000044365206795458286
1.8933333333333333,0,-0.0028424634310741667,0.00000000000000002540359930988682,0.000000000000000019113204526939957,-0.000000000000000051450443832647327,-0.000000000000000024710649838183445
1.9,0,-0.0022483518816780097,0.000000000000000003636100727328216,0.00000000000000003428930748352237,-0.000000000000000046683467284048914,0.0000000000000000710805244776335
1.9066666666666667,0,-0.0017083665513847295,0.000000000000000009993024370324019,0.0000000000000000152470526244477,0.000000000000000003124596386429802,0.00000000000000001922571508813953
1.9133333333333333,0,-0.0012208710364015937,0.0000000000000000568678837218853,0.00000000000000005169824900548076,0.00000000000000009024792909503199,0.000000000000000027383455421556477
1.92,0,-0.000784023320352668,0.000000000000000026488503268105357,0.000000000000000015486781041121823,0.0000000000000000028679091622725803,0.00000000000000000998848561574486
1.9266666666666667,0,-0.0003965633181301018,-0.000000000000000008746734566726543,-0.000000000000000018365853123502336,-0.00000000000000005561298361443523,-0.00000000000000003977751683408578
1.9333333333333333,0,-0.0000585300988135658,-0.000000000000000006043415417813447,0.0000000000000000007371828434532647,-0.000000000000000037066235756655786,0.000000000000000017231686039818788
1.94,0,0.00023509345048190234,-0.000000000000000002454197146567745,0.00000000000000001789668370111631,-0.000000000000000033229045525611346,-0.000000000000000004804965742486037
1.9466666666666668,0,0.00048653482438509806,-0.000000000000000006459732652926865,0.000000000000000021609565584978904,0.00000000000000001801887901412679,-0.000000000000000010776090127890492
1.9533333333333334,0,0.0006978788713344354,-0.000000000000000003706933709737898,0.000000000000000012897020259107203,0.000000000000000007195276356401377,-0.000000000000000016595467118220165
1.96,0,0.000871171826205444,-0.000000000000000007830527931272478,0.0000000000000000008092410522766924,0.00000000000000001549869639292453,-0.000000000000000006243063329071153
1.9666666666666666,0,0.0010015764116282312,0.000000000000000005772536019173819,0.000000000000000003811900634399374,0.00000000000000003536209572125496,0.000000000000000035532583206109573
1.9733333333333334,0,0.0009423675731336628,-0.0000000000000000034625078978102355,0.00000000000000000007900654612343837,-0.0000000000000000027221912050376656,-0.0000000000000000013555493855869134
1.98,0,0.0007685582090483421,-0.000000000000000002507418756088906,0.0000000000000000006661808418188056,-0.0000000000000000028855124057611134,-0.0000000000000000013070732126791652
1.9866666666666666,0,0.0005353515639131454,-0.000000000000000011336003556947206,0.000000000000000004023352425474544,-0.0000000000000000026640164039194387,0.000000000000000006786343408039015
1.9933333333333334,0,0.00027141458531669354,0.000000000000000005092412051337268,0.00000000000000000988324039549583,-0.000000000000000006439799104059088,-0.0000000000000000057871789578666715
