# n,energy,berry,bcd_x,bcd_y,qmd_x,qmd_y
0.00000384375,0,-0.0000000000000006571732678498557,0.000000000000000000000000016801060951783957,0.00000000000000000000000000000026500796034768365,-0.0000000000000000000000000000009583427403270886,-0.000000000000000000000000010691690693444899
0.006666666666666667,0,-0.0000038137082029403945,0.000000000000000000006215584564981789,0.000000000000000000006679165034202445,-0.0000000000000000000013761332410358809,-0.0000000000000000000030313163329604044
0.013333333333333334,0,-0.000029642469009509532,-0.00000000000000000005935954770952627,-0.00000000000000000005935954770952627,0.00000000000000000000704522918493541,-0.000000000000000000004201544035408876
0.02,0,-0.0001008798319562749,-0.00000000000000000006792212187703835,-0.000000000000000000021516243159778138,0.000000000000000000025628108475700582,-0.00000000000000000007482839276914053
0.02666666666666667,0,-0.00024329190104601842,-0.00000000000000000030765870845314024,-0.0000000000000000002559141641287029,0.000000000000000000004400485823127772,0.0000000000000000002473785138707213
0.03333333333333333,0,-0.0004851890711785461,-0.0000000000000000028652472847952906,0.0000000000000000009353080412626807,0.0000000000000000001152474995748996,0.000000000000000002137355054513223
0.04,0,-0.0008577695535312824,0.0000000000000000015925064790923567,0.000000000000000001096891295620462,-0.000000000000000000013655775209034334,-0.0000000000000000006768662018352947
0.04666666666666667,0,-0.0013951312585493024,-0.0000000000000000010923241867057975,0.0000000000000000006104020222799997,0.00000000000000000035420542900460896,-0.00000000000000000008112438232815958
0.05333333333333334,0,-0.00213468781814963,0.000000000000000003958953885850617,-0.000000000000000001734723475976807,-0.000000000000000000440144694108306,0.0000000000000000010863567808568725
0.06,0,-0.003117251119485351,0.0000000000000000013832106985832232,-0.0000000000000000029889719344113255,-0.0000000000000000010431181266851955,-0.0000000000000000038532002893843744
0.06666666666666667,0,-0.00438696191080236,0.000000000000000010330806653718462,-0.0000000000000000042252708562394905,-0.0000000000000000012917477875073948,-0.000000000000000001788904569657723
0.07333333333333333,0,-0.006008077754347533,0.000000000000000010269564072766621,-0.0000000000000000043894102296938135,0.0000000000000000006345731099208012,-0.000000000000000006753111198326316
0.08,0,-0.00802982217816205,-0.000000000000000017829528303636822,-0.0000000000000000011840784551091973,-0.000000000000000004378202896629006,0.0000000000000000064782557646011544
0.08666666666666667,0,-0.010509148025780466,0.000000000000000008296162223646153,0.0000000000000000009145436325181388,0.0000000000000000032807193738346727,-0.000000000000000006292894509529217
0.09333333333333334,0,-0.013509898660463001,-0.00000000000000001051012819960997,-0.000000000000000005918851150295133,0.000000000000000001734723475976807,-0.000000000000000009387755773218543
0.1,0,-0.017105650020587004,-0.000000000000000003518848743602146,0.000000000000000009716715772781394,-0.000000000000000003321241577008018,0.0000000000000000031977370978866883
0.10666666666666667,0,-0.02143717408792569,-0.000000000000000028338807406431545,-0.00000000000000000026457716608395675,-0.00000000000000001289769026788589,0.000000000000000029385049237881096
0.11333333333333333,0,-0.026540410196038408,0.00000000000000004271057344094852,-0.000000000000000021038369301982578,0.000000000000000006764563556622923,0.000000000000000009069635317429234
0.12,0,-0.03249796008887826,-0.000000000000000037074112923862505,-0.00000000000000003435032103081175,0.000000000000000013189490830365665,0.000000000000000021920466291703766
0.12666666666666668,0,-0.039557160685709615,0.00000000000000003221449744049901,-0.00000000000000003171347510729485,0.00000000000000001014525989576692,-0.000000000000000007809398090268591
0.13333333333333333,0,-0.04772441575678107,0.000000000000000024515462617929423,0.000000000000000013489300189305378,-0.00000000000000002626365690122028,0.000000000000000008267584688875164
0.14,0,-0.05719645968229598,0.00000000000000032883077847362477,0.000000000000000010237345449456352,-0.000000000000000011318451445450369,-0.00000000000000014349942643249668
0.14666666666666667,0,-0.06705400033476314,-0.00000000000000009816459863975705,-0.0000000000000000406581003253839,0.000000000000000007426525452936964,-0.00000000000000003148004356384649
0.15333333333333332,0,-0.07421999980195779,0.000000000000000013241819304439847,0.000000000000000010567332981704495,0.0000000000000000297287872803712,-0.000000000000000016042644675709626
0.16,0,-0.08187775053318565,0.00000000000000011061157901476527,-0.000000000000000013918860152589496,-0.0000000000000000069183577315197095,-0.00000000000000008293814808868644
0.16666666666666666,0,-0.0903028459796171,-0.000000000000000010747149775651777,-0.000000000000000026054733031631197,-0.0000000000000000008504212919988573,0.000000000000000014148834943647197
0.17333333333333334,0,-0.09944596951216626,0.00000000000000006515877508869905,0.00000000000000003418732485392306,0.000000000000000010323816744925328,0.000000000000000017431758870703587
0.18,0,-0.10936768954738729,-0.000000000000000011553855450636071,0.0000000000000000889568035713616,0.000000000000000005516374722788513,0.00000000000000007658838594550903
0.18666666666666668,0,-0.12012963983511774,-0.00000000000000007068122349371489,0.00000000000000008585129575617194,0.0000000000000000062927516765859265,0.00000000000000009279018966007917
0.19333333333333333,0,-0.13178429018000704,-0.00000000000000005551115123125783,0.00000000000000003905888229970256,-0.0000000000000000025744811237408045,0.00000000000000003160204088849894
0.2,0,-0.14438278621740772,-0.000000000000000015529694187310697,0.000000000000000003634677913086103,-0.00000000000000003981602446690032,-0.000000000000000046176710814801
0.20666666666666667,0,-0.1580747653153983,0.00000000000000023680382166111074,0.00000000000000002657408844476078,-0.00000000000000002834631920106298,-0.00000000000000007485097397939434
0.21333333333333335,0,-0.1731449441888454,0.000000000000000013633288449750996,0.000000000000000027755575615628914,-0.000000000000000017020716884223948,-0.0000000000000000494906861144671
0.22,0,-0.18946650548949967,0.000000000000000009016617841315242,-0.00000000000000008516802026137395,0.00000000000000009097983693511678,0.000000000000000018861420082093885
0.22666666666666666,0,-0.20713135180649894,-0.00000000000000014514015878727557,-0.00000000000000014541226316550682,0.00000000000000011901077500517347,0.00000000000000007565078921533173
0.23333333333333334,0,-0.22622744983096796,-0.0000000000000004148073972782004,-0.00000000000000007299737700418826,0.000000000000000022620900694279672,0.000000000000000037730568626064634
0.24,0,-0.2469777794981447,-0.00000000000000015457250930977773,0.00000000000000010049254830809355,-0.00000000000000006412406196186123,-0.00000000000000023334743967437567
0.24666666666666667,0,-0.2699848042945285,-0.00000000000000015882087097743732,-0.000000000000000049321640731826367,0.0000000000000000208045290077451,-0.00000000000000006941324444702545
0.25333333333333335,0,-0.2949315809795594,-0.0000000000000002870496256991022,-0.00000000000000013780367401925538,0.0000000000000000956832085663674,0.00000000000000015399288645125342
0.26,0,-0.32192140811298003,-0.0000000000000003255764164099435,-0.0000000000000001406028200296334,0.00000000000000008691661074986444,0.0000000000000002284319017552423
0.26666666666666666,0,-0.35114597866917874,-0.00000000000000003744968938595398,-0.00000000000000005828089802277927,-0.00000000000000007772723326384385,-0.00000000000000005969482526874722
0.2733333333333333,0,-0.3840740712362082,-0.0000000000000006704699473909314,-0.00000000000000036713024057685904,-0.000000000000000015100051052536472,0.0000000000000001351110883439785
0.28,0,-0.4198137454146391,-0.000000000000001650597575540279,-0.0000000000000003373591796956722,0.00000000000000005443808315422652,0.0000000000000006189560665292065
0.2866666666666667,0,-0.4584099191168682,-0.0000000000000024254441448315284,-0.00000000000000008375320070081005,0.00000000000000010420502702208925,0.0000000000000010934222427653646
0.29333333333333333,0,-0.5015590999904885,-0.0000000000000012383534047969804,0.00000000000000006941979801332517,0.00000000000000006591177734355544,0.0000000000000006482632152524092
0.3,0,-0.5497206594279217,-0.0000000000000012813983482550994,0.00000000000000011102230246251565,0.000000000000000018287930098546748,0.0000000000000007913024138198097
0.30666666666666664,0,-0.6017719915198281,-0.0000000000000013886291954336489,0.00000000000000006071224037086367,-0.00000000000000003653857611536293,0.0000000000000008463868869635836
0.31333333333333335,0,-0.6604092433511416,-0.00000000000000021010180340877927,-0.00000000000000015356546727002173,-0.00000000000000010350035975313961,-0.00000000000000010000632178366016
0.32,0,-0.7269510948206519,-0.0000000000000005118477095409449,-0.000000000000000030706328115238936,-0.000000000000000026331887065285558,-0.00000000000000003137555200762797
0.32666666666666666,0,-0.7980376136099531,-0.0000000000000014617018381567373,0.0000000000000002223200377241879,0.00000000000000011102230246251565,0.0000000000000005017980837382835
0.3333333333333333,0,-0.8843414996703372,-0.0000000000000015491644861518153,-0.000000000000000040067906261046085,0.00000000000000011102230246251565,0.0000000000000008118929266299236
0.34,0,-0.9786321198511083,-0.00000000000000157482147565886,-0.00000000000000021329412741312707,0.00000000000000008477086992680291,0.0000000000000009744534327068443
0.3466666666666667,0,-1.0909973203039338,-0.000000000000001460607609473117,-0.00000000000000018474066086669128,-0.0000000000000000008895297125044122,0.0000000000000008031326334282297
0.35333333333333333,0,-1.2289388599630364,-0.0000000000000011866367569739241,-0.00000000000000014498252257153904,-0.000000000000000019592932694200413,0.0000000000000006471957062925482
0.36,0,-1.4118892950926538,-0.0000000000000006315277228266782,-0.00000000000000008550655462719125,0.00000000000000007953368054637922,0.0000000000000005183311090797946
0.36666666666666664,0,-1.594839730222271,-0.00000000000000007641868867943226,-0.000000000000000026030586682843486,0.00000000000000017866029378695885,0.00000000000000038946651186704117
0.37333333333333335,0,-1.754606502331869,0.00000000000000003271907258478562,0.0000000000000000892095874059919,0.00000000000000013283501751903942,0.00000000000000039253996565820825
0.38,0,-1.8963293973168514,-0.00000000000000020524322717501122,0.00000000000000024785112057918983,-0.000000000000000025806515654158523,0.00000000000000049830098777367345
0.38666666666666666,0,-2.012975167613363,-0.00000000000000014142388875550988,0.00000000000000010948338565017037,-0.000000000000000031171044699166877,0.00000000000000044331975144389
0.3933333333333333,0,-2.100517155966672,0.0000000000000002726344464047586,-0.00000000000000037358467203680947,0.00000000000000014135326161761162,0.00000000000000020178572260040006
0.4,0,-2.1777164464875005,-0.0000000000000007752850798217093,-0.0000000000000003174204113118619,0.00000000000000013486625405922331,0.0000000000000005782070489429258
0.4066666666666667,0,-2.250559424133972,-0.0000000000000008320867968901162,-0.0000000000000002220446049250313,-0.0000000000000000000829245112501666,0.0000000000000006104153522657107
0.41333333333333333,0,-2.3187384365612504,0.0000000000000013468094517965147,-0.0000000000000002220446049250313,-0.00000000000000031135381718076887,-0.00000000000000016776187940808615
0.42,0,-2.382198915119579,0.0000000000000003737360808291052,0.00000000000000007797272905226366,-0.000000000000000033049573410252,-0.0000000000000002220446049250313
0.4266666666666667,0,-2.443200349156253,-0.0000000000000004874342747186416,0.00000000000000013035865606078324,0.000000000000000019336353598267597,0.0000000000000005114429859889531
0.43333333333333335,0,-2.501837233139673,-0.0000000000000007541596799657066,0.000000000000000036100931612509796,-0.00000000000000009297183665626075,0.00000000000000140990850802518
0.44,0,-2.558022650809267,0.00000000000000013423131900916681,0.0000000000000002053182647505809,-0.000000000000000008363170087225199,0.0000000000000007330391754728955
0.44666666666666666,0,-2.6119205789602704,-0.0000000000000005934426172053109,-0.00000000000000016628264370846497,-0.00000000000000015533089945339851,0.0000000000000007826319893651428
0.4533333333333333,0,-2.6642526171206113,-0.0000000000000002465282609769846,-0.00000000000000006492794202047066,0.00000000000000009972215351546029,0.0000000000000007522255788587445
0.46,0,-2.7150848536787247,0.000000000000000240367538439987,0.00000000000000003905673011938417,0.0000000000000002611013350444155,0.0000000000000008338727000136038
0.4666666666666667,0,-2.764488006028629,-0.0000000000000004687755446309093,-0.0000000000000004440892098500626,-0.00000000000000020558704840446679,0.0000000000000011862399174558251
0.47333333333333333,0,-2.812383532957212,-0.0000000000000007377951816031136,-0.0000000000000004440892098500626,-0.000000000000000026240623756330653,0.0000000000000001998345818910764
0.48,0,-2.858921317448664,-0.0000000000000009316995560066763,0.00000000000000009681282584167038,0,0.00000000000000032596216907712433
0.4866666666666667,0,-2.9043265801945943,-0.0000000000000005413354677125897,0.0000000000000005047663778063161,0.0000000000000000572331568062564,0.0000000000000003296228962375498
0.49333333333333335,0,-2.9486308004041066,-0.0000000000000009410157063614063,0.0000000000000006661338147750939,0.000000000000000035568356653525604,0.000000000000000429542955899754
0.5,0,-2.991851821493861,-0.000000000000002422814797040696,0.0000000000000004607509925509789,-0.00000000000000016703579943272886,0.0000000000000009353586795809249
0.5066666666666667,0,-3.0340052335580934,-0.00000000000000177667385230127,-0.0000000000000005546133491824048,-0.00000000000000044395334717819715,0.0000000000000014430408504476168
0.5133333333333333,0,-3.0748076594380747,-0.000000000000003817184541885012,-0.0000000000000003695817211776,0.00000000000000011250016355487232,0.0000000000000026492335743900622
0.52,0,-3.1146113073139463,-0.0000000000000032460099721223885,-0.00000000000000003373228540194508,-0.00000000000000007729001706057057,0.0000000000000013899067540973975
0.5266666666666666,0,-3.1533182992169855,-0.0000000000000024898489105247655,-0.0000000000000002318280787832353,-0.00000000000000016490287471740616,0.000000000000000866129870501782
0.5333333333333333,0,-3.190906213752,-0.0000000000000032114292367179875,-0.00000000000000027763621982162943,-0.00000000000000007138297496380868,0.0000000000000020655147246109266
0.54,0,-3.227375446850993,-0.000000000000005196292617569033,0.0000000000000000662642663371649,0,0.0000000000000033071679000045443
0.5466666666666666,0,-3.262701718243196,-0.0000000000000058876046613914556,-0.0000000000000005257661473350175,0.000000000000000004890894162926789,0.0000000000000010823459229323962
0.5533333333333333,0,-3.2966044556353564,-0.0000000000000038272950092252855,0.000000000000000036136485073937836,0.00000000000000009854133289775269,0.0000000000000026744033814244367
0.56,0,-3.3291724916517285,-0.000000000000005420564205977628,0.00000000000000002981140997655358,0.0000000000000003546549799204019,0.0000000000000025617362940815588
0.5666666666666667,0,-3.360330358776424,-0.000000000000004385244885693058,0.00000000000000012748012961076316,0.00000000000000012538888582315472,0.0000000000000018369600385242193
0.5733333333333334,0,-3.390043455518819,-0.000000000000002647430588266124,-0.00000000000000014691049962242017,-0.00000000000000006490291439408422,0.00000000000000152613694498674
0.58,0,-3.41822106870486,-0.0000000000000012634138972711949,-0.0000000000000005530588075360036,0.00000000000000011307500723909029,0.0000000000000012826800351175178
0.5866666666666667,0,-3.4447151476883016,0.0000000000000008379043469302184,-0.00000000000000016171571760114304,0.0000000000000004340343952960812,-0.00000000000000005530148004689759
0.5933333333333334,0,-3.4692453884858616,0.00000000000000037502211861036545,0.0000000000000003937429563826805,0.0000000000000003414579496321107,-0.0000000000000005644719311987358
0.6,0,-3.4915168500484492,-0.0000000000000005869527021056306,0.0000000000000004440892098500626,0.00000000000000024942876106998536,-0.0000000000000002760700782735897
0.6066666666666667,0,-3.511568975011104,-0.0000000000000010165012936308939,-0.00000000000000006920228587301166,0.00000000000000015788316795964702,0.0000000000000008600495377523751
0.6133333333333333,0,-3.5292281555521487,-0.0000000000000009336968686268023,-0.00000000000000009103689785335418,0.0000000000000000668907634629271,0.0000000000000012788368432095629
0.62,0,-3.544301445608584,-0.0000000000000006896159774676214,0.0000000000000005849821860052272,0,0.0000000000000006127809783899175
0.6266666666666667,0,-3.556575289611261,-0.0000000000000007641972878715755,0.0000000000000010972641952591225,-0.00000000000000000863921957735604,0.000000000000000018358341601881582
0.6333333333333333,0,-3.564797977777605,-0.0000000000000002327914575222383,0.0000000000000005658583649097853,-0.0000000000000003629097731435809,0.0000000000000007711832679301094
0.64,0,-3.5692059304291766,0.00000000000000036073744565530704,-0.00000000000000009506478799887755,-0.00000000000000017451221092559254,0.0000000000000007078096968724717
0.6466666666666666,0,-3.569543158883964,0.0000000000000004942331739983255,-0.000000000000000014337607908141535,-0.00000000000000004297516019419211,0.0000000000000005765990924096743
0.6533333333333333,0,-3.565516091052065,0.0000000000000002393957040922195,0.0000000000000005620272197719649,-0.000000000000000145724500796892,0.0000000000000005932715643766479
0.66,0,-3.555967349921621,0.00000000000000032332260122329876,0.00000000000000005846583698548924,-0.00000000000000031357829505905055,0.00000000000000050934466724556865
0.6666666666666666,0,-3.5388168299756084,0.00000000000000127377025412073,-0.00000000000000028944718361021016,-0.0000000000000002607051114849944,-0.00000000000000018783669999292866
0.6733333333333333,0,-3.51494493534493,0.0000000000000016514446376732566,-0.00000000000000027753960754740407,-0.00000000000000024286330521286363,-0.0000000000000003052871088585904
0.68,0,-3.484244931390909,0.0000000000000012794454822392986,-0.000000000000000018204938863711653,-0.00000000000000026390205200850537,0.00000000000000013377847604215522
0.6866666666666666,0,-3.441086568121338,-0.00000000000000007992458808802568,-0.00000000000000016924605778896991,-0.00000000000000015062121281456169,0.00000000000000032257987469872804
0.6933333333333334,0,-3.3852253873679814,-0.0000000000000006925788769215101,-0.00000000000000003875478544645562,0.000000000000000049356289581238074,0.0000000000000006062347192496134
0.7,0,-3.320241770112148,-0.0000000000000008693484808929972,0.00000000000000018438472731077523,0.0000000000000002563720749982701,0.0000000000000008959271853331806
0.7066666666666667,0,-3.2267441087554443,-0.0000000000000006166241265559585,-0.00000000000000032106398136330213,-0.00000000000000002794282363089842,0.000000000000000627407558850077
0.7133333333333334,0,-3.110051386541471,-0.0000000000000002590985681564536,-0.0000000000000006661338147750939,-0.00000000000000021492958024450788,0.0000000000000006290798515436716
0.72,0,-2.9434523672986397,0.0000000000000003239163757250624,-0.0000000000000006661338147750939,-0.00000000000000019250592855675727,0.0000000000000012120947954251876
0.7266666666666667,0,-2.776853348055805,0.000000000000000906931319606588,-0.0000000000000006661338147750939,-0.0000000000000001700822768690063,0.0000000000000017951097393067133
0.7333333333333333,0,-2.627547229937745,-0.0000000000000029383473240523546,-0.00000000000000030406043121509436,0.00000000000000010502158397622617,-0.00000000000000029637595273348137
0.74,0,-2.481492502858171,-0.000000000000007616228547373278,0.00000000000000012608956633165728,0.0000000000000004276340821362899,-0.0000000000000028907181254373272
0.7466666666666667,0,-2.39832790693114,-0.000000000000030122912918739345,0.00000000000000058789415026588,0.00000000000000014899454679634046,-0.000000000000011312346580198058
0.7533333333333333,0,-2.339125136003217,-0.000000000000034668844196776795,0.0000000000000007010078345625843,-0.0000000000000002557594937891076,-0.000000000000012875456618237896
0.76,0,-2.2910458404103657,-0.0000000000000010668571711507663,0.00000000000000016834437677306403,-0.0000000000000005395887901124002,-0.00000000000000031351484354992343
0.7666666666666667,0,-2.2522669730015314,0.0000000000000010520401482786014,-0.0000000000000005686633865067161,-0.0000000000000003265474835393388,0.0000000000000009071542643822124
0.7733333333333333,0,-2.219944797871845,0.0000000000000004923377738774713,-0.0000000000000013380776993132673,0.000000000000000032349942803121315,-0.0000000000000005640239957621297
0.78,0,-2.192834284890809,0.0000000000000016760441917399865,-0.000000000000000681912482386246,0.0000000000000002296528522540793,-0.0000000000000008485876613472079
0.7866666666666666,0,-2.1704054666334867,0.0000000000000012105701496850396,0.00000000000000003730708023082232,-0.000000000000000046633850288527875,0.00000000000000038059969590602624
0.7933333333333333,0,-2.1521138857363047,-0.0000000000000000286321740285804,-0.00000000000000013965447649109605,-0.00000000000000012684780556623606,0.0000000000000005629023734962021
0.8,0,-2.1376488389925328,0.000000000000001378465859037135,-0.0000000000000004440892098500626,0.000000000000000029509185628011757,-0.0000000000000008297644176090948
0.8066666666666666,0,-2.1267667823591094,0.0000000000000041060525126351205,-0.0000000000000006879837395720054,0.0000000000000002994056809532006,-0.000000000000001350685447876913
0.8133333333333334,0,-2.119211718538197,0.000000000000003523088374283871,0.000000000000000431769529459749,0.00000000000000033460686743633616,-0.0000000000000012039759976987792
0.82,0,-2.1149008820399464,0.0000000000000011839506818153647,0.0000000000000007400135249101974,-0.0000000000000002961777366349604,-0.0000000000000003791276865133151
0.8266666666666667,0,-2.1138332422610127,-0.00000000000000038010379823601226,0.00000000000000010401091510512062,-0.00000000000000013001364388140076,0.00000000000000035307965913308207
0.8333333333333334,0,-2.11575933154489,0.0000000000000013131471120962324,0.0000000000000007917123707485306,-0.0000000000000003958561853742653,0.0000000000000006420173025371952
0.84,0,-2.1209333570989193,0.0000000000000035226717798671607,-0.000000000000000636948117934572,-0.0000000000000004100392302027871,0.0000000000000008614248642629802
0.8466666666666667,0,-2.129641619882362,0.0000000000000005447362603248888,0,0.00000000000000028274338215013385,0.000000000000000227232230918876
0.8533333333333334,0,-2.1416262441394385,0.000000000000000936573867021191,0.00000000000000019358178928426303,0.0000000000000004497904337099759,-0.0000000000000002590592563556696
0.86,0,-2.1570767206305748,0.0000000000000007754672691883793,0.0000000000000004440892098500626,0.0000000000000005152893314096893,0.00000000000000030337781478003956
0.8666666666666667,0,-2.176157536245681,0.0000000000000002511806920238118,-0.0000000000000005932935970281426,0.000000000000000021852065324085382,-0.00000000000000010461926860886494
0.8733333333333333,0,-2.1995048554004275,0.0000000000000013070257885886265,-0.0000000000000002926381640806951,-0.00000000000000023209954354130196,-0.0000000000000004111494232949714
0.88,0,-2.2272416467227383,0.0000000000000014045979073813105,0.00000000000000009980955139593914,0.00000000000000004990477569796957,0.0000000000000015966363530256935
0.8866666666666667,0,-2.259436581492546,0.0000000000000021549927341975733,0,-0.0000000000000004004536664815694,0.0000000000000026208997157318824
0.8933333333333333,0,-2.2973647148377343,0.0000000000000016017803295321803,0.0000000000000000315400311061317,-0.0000000000000006027376557673031,0.0000000000000013795776762093853
0.9,0,-2.341017363465762,0.0000000000000019984014443252818,-0.00000000000000011061448661829718,-0.0000000000000005994388701287409,0.0000000000000011663458996227421
0.9066666666666666,0,-2.391182992790657,0.0000000000000025174124397755663,0.00000000000000041139525000010497,-0.00000000000000044068265283772655,0.000000000000002033816156050874
0.9133333333333333,0,-2.389615973569215,0.00000000000000250336170135809,0.00000000000000008237341085497208,0.00000000000000015220900789000168,0.0000000000000005747958540678379
0.92,0,-2.215007629794449,0.000000000000002732581489504198,0.0000000000000004440892098500626,0.0000000000000005551115123125783,0.0000000000000008810157410236763
0.9266666666666666,0,-2.013724630188857,0.000000000000002866800476423399,-0.0000000000000005459670420620651,0.00000000000000006008338635651443,0.0000000000000008326672684688674
0.9333333333333333,0,-1.8168641009633286,0.000000000000007167257704763096,0.00000000000000033306690738754696,-0.0000000000000006239363360967876,0.0000000000000019627482551415715
0.94,0,-1.6242615361452775,0.0000000000000001983255774027672,-0.0000000000000010827431273014091,0.000000000000000021261688264840402,-0.0000000000000005871044533981057
0.9466666666666667,0,-1.435201792128789,-0.0000000000000010785578219446906,-0.0000000000000002516196457912704,-0.0000000000000004996003610813204,-0.0000000000000012495041928871727
0.9533333333333334,0,-1.249259733772316,0.000000000000008483836537248372,-0.0000000000000006906593384411809,-0.00000000000000017772225429964011,0.000000000000003620375294781278
0.96,0,-1.066012711841535,0.000000000000003665571849808955,-0.00000000000000023164945363992213,-0.000000000000000634493749074989,0.0000000000000015299463234393194
0.9666666666666667,0,-0.8849570723981487,-0.00000000000000023225976558859633,-0.0000000000000010765698223306685,-0.0000000000000002660654329675974,-0.0000000000000007942391369361339
0.9733333333333334,0,-0.7058036140201168,-0.0000000000000004865160741605946,0.0000000000000001701155224328991,-0.0000000000000003410091924085601,0.0000000000000000928844956329748
0.98,0,-0.5280875362365288,0.0000000000000001126807906000253,-0.00000000000000012654194342117568,0.0000000000000004926243891948463,0.00000000000000003773075544582882
0.9866666666666667,0,-0.3514797390182586,-0.0000000000000008221387488733235,-0.000000000000000333542376846661,0.0000000000000004048541757206617,-0.0000000000000013064139317710152
0.9933333333333333,0,-0.1755664141337525,-0.00000000000000682731229658898,0.0000000000000015117929348375557,0.00000000000000019246110508936867,-0.000000000000006649544750390764
1,0,0.00000000000001677130656574377,0.00000000000000035388358909926865,-0.0000000000000001726049858596923,-0.0000000000000007095019016745141,0.000000000000000005637851296924623
1.0066666666666666,0,0.1755664141337859,0.000000000000006487306495297534,0.0000000000000001917195315195661,0.00000000000000036258225828365433,0.000000000000006356551845582201
1.0133333333333334,0,0.35147973901829344,0.0000000000000007424668932176958,0.0000000000000011039999576597278,0.000000000000000274206487944019,0.0000000000000005656347864085002
1.02,0,0.5280875362365625,-0.0000000000000005380695696441059,-0.0000000000000005480901449502049,-0.0000000000000005857755049201346,0.0000000000000007042564945173506
1.0266666666666666,0,0.7058036140201525,-0.0000000000000005374359079009994,-0.0000000000000005942758910838846,-0.000000000000000204080124002229,-0.00000000000000028320238243188315
1.0333333333333334,0,0.8849570723981866,-0.0000000000000005178823107627522,-0.00000000000000011766146387068221,0.0000000000000002736748267318674,0.000000000000000868108470391054
1.04,0,1.0660127118415748,-0.000000000000004446258667882583,-0.00000000000000010636091436117852,0.0000000000000007820995778511945,-0.0000000000000010551349821622702
1.0466666666666666,0,1.249259733772349,-0.00000000000000880904882479518,-0.00000000000000019859304248611613,0.0000000000000003081085319233839,-0.000000000000003807026130148944
1.0533333333333332,0,1.435201792128819,0.00000000000000019332134707697285,-0.0000000000000004982841860145903,0.000000000000000031200810631986493,0.0000000000000005022327112147807
1.06,0,1.62426153614531,-0.0000000000000004683595939561004,0.0000000000000004591326890560239,0.000000000000000053254629350363635,0.00000000000000033532342926844113
1.0666666666666667,0,1.816864100963359,-0.000000000000005824880466799757,0.00000000000000038893931339712703,-0.00000000000000041164008480631296,-0.000000000000001741651253337021
1.0733333333333333,0,2.0137246301888876,-0.0000000000000028257512541183907,0.0000000000000006470996507236243,-0.00000000000000010038738511099856,-0.0000000000000010345598740166468
1.08,0,2.2150076297944885,-0.0000000000000031086244689504383,-0.00000000000000036171762209333217,-0.0000000000000005694368696654709,-0.0000000000000008541553044982063
1.0866666666666667,0,2.3896159735692515,-0.000000000000002327895087745214,-0.00000000000000036171579899507947,0.00000000000000015220900789000723,-0.000000000000000231009154777376
1.0933333333333333,0,2.3911829927906925,-0.0000000000000030759305091004676,-0.0000000000000002220446049250313,0.0000000000000005060705725376221,-0.000000000000002087966931344239
1.1,0,2.3410173634657947,-0.0000000000000022537935215734924,0.0000000000000004221294388641064,0.0000000000000004440892098500626,-0.0000000000000009939146873382742
1.1066666666666667,0,2.297364714837768,-0.0000000000000022521441287542084,0.00000000000000009493619011392248,-0.00000000000000011118035086027934,-0.0000000000000011815041914094803
1.1133333333333333,0,2.2594365814925803,-0.00000000000000141953871628714,-0.0000000000000010447697095724424,0.0000000000000007117028021848954,-0.000000000000001859140205236806
1.12,0,2.2272416467227703,-0.000000000000002020826946458415,-0.0000000000000005438987612460117,0.00000000000000011102230246251565,-0.0000000000000016353283776570395
1.1266666666666667,0,2.1995048554004604,-0.0000000000000016047959163983407,0.000000000000000020109877232545652,0.00000000000000011102230246251565,-0.000000000000000625809565889124
1.1333333333333333,0,2.176157536245715,0,0.0000000000000002657487355731758,-0.00000000000000006003415003968043,0.000000000000000130994332741397
1.14,0,2.157076720630608,-0.0000000000000002915558784354154,0.0000000000000003779556324381483,0.000000000000000155911027513117,-0.0000000000000005097334493767297
1.1466666666666667,0,2.141626244139471,-0.0000000000000008881784197001252,0.00000000000000008538844692234386,-0.0000000000000005124172888514063,0.00000000000000008114500677142962
1.1533333333333333,0,2.129641619882395,0.0000000000000004855902178008203,-0.0000000000000005359137430382335,-0.000000000000000050323525237413116,0.0000000000000009600288162634343
1.16,0,2.120933357098953,-0.000000000000003145826327218669,0.0000000000000003857178161689677,0.0000000000000006369481179345465,-0.0000000000000010538556713009824
1.1666666666666667,0,2.1157593315449232,-0.0000000000000010790442510522861,-0.00000000000000039585618537427184,0.0000000000000005696677658235124,-0.0000000000000008339162671648606
1.1733333333333333,0,2.1138332422610455,0.0000000000000006611652480709989,0.00000000000000015601637265768093,-0.00000000000000006602823226735038,-0.000000000000000050542584527162795
1.18,0,2.11490088203998,-0.000000000000000961956761205261,0.0000000000000002222473421849238,0.00000000000000016666016448120627,0.000000000000000906749715863842
1.1866666666666668,0,2.11921171853823,-0.000000000000003889447454515237,-0.00000000000000003578514471177549,-0.00000000000000041109051112106615,0.000000000000001263483786109416
1.1933333333333334,0,2.1267667823591427,-0.000000000000004259001986213542,0.0000000000000002875943793157761,-0.0000000000000002188701947059317,0.0000000000000013696186587058185
1.2,0,2.137648838992566,-0.0000000000000011762558359307118,-0.00000000000000013206562261111046,0.00000000000000008151311683450385,0.0000000000000005540836150151381
1.2066666666666668,0,2.1521138857363384,-0.0000000000000001873747665387119,0.0000000000000006279575827369958,0.00000000000000021250054691550678,0.00000000000000043705305671114567
1.2133333333333334,0,2.1704054666335195,-0.000000000000000054162743886320366,0.0000000000000002789041635012266,0.00000000000000006750671563962493,0.0000000000000006177160981962535
1.22,0,2.1928342848908433,-0.000000000000000569765834017561,-0.0000000000000007348891272130403,-0.0000000000000002382472663088184,0.0000000000000012214573239739697
1.2266666666666666,0,2.2199447978718783,0.0000000000000009634563006227914,-0.00000000000000022785467468810086,-0.00000000000000018873158853634567,0.00000000000000032971987102529606
1.2333333333333334,0,2.252266973001566,0.0000000000000017289896959266145,0.0000000000000002247807462461603,-0.0000000000000003555856253992536,-0.0000000000000008561959354245562
1.24,0,2.291045840410399,0.0000000000000005313520805970082,-0.0000000000000014334867211332943,0.0000000000000002086859433618108,-0.0000000000000006143652630983857
1.2466666666666666,0,2.33912513600325,0.00000000000003437065130917657,-0.0000000000000013946578245960356,0.0000000000000002498001805406602,0.00000000000001258472233991407
1.2533333333333334,0,2.398327906931175,0.000000000000030362222263949413,-0.0000000000000005315095777255015,0.000000000000000124681734943053,0.000000000000011135814813113094
1.26,0,2.481492502858205,0.00000000000000825837360250002,0.0000000000000004680779694984063,-0.000000000000000030754170571671876,0.000000000000002622467975565857
1.2666666666666666,0,2.6275472299377776,0.0000000000000034729548797924488,0.0000000000000005756154688850933,-0.00000000000000004419635799500775,0.0000000000000005053234563904567
1.2733333333333334,0,2.7768533480558437,-0.0000000000000003776703535509009,0.0000000000000006235479366722914,-0.00000000000000001292527312845525,-0.00000000000000122174971910281
1.28,0,2.9434523672986757,0.0000000000000007435122308366299,0.00000000000000035446411641928397,0.00000000000000025615854712455212,-0.0000000000000008741831179426756
1.2866666666666666,0,3.110051386541507,0.0000000000000018646948152241606,0.00000000000000008538029616627658,0.0000000000000005252423673775595,-0.000000000000000526616516782541
1.2933333333333332,0,3.226744108755478,0.000000000000000969567903132556,-0.00000000000000017253491670589753,0.000000000000000373387153073227,-0.0000000000000006427857124109242
1.3,0,3.3202417701121836,-0.0000000000000008626836658110222,-0.0000000000000004252592710429428,0.000000000000000025891165859789756,-0.0000000000000009744864274782961
1.3066666666666666,0,3.3852253873680156,0.0000000000000003699960772876858,-0.0000000000000004440892098500626,0.00000000000000029339931416792714,-0.0000000000000008362011031804591
1.3133333333333332,0,3.4410865681213703,0.0000000000000005666886960773514,-0.0000000000000004968877569861203,0.0000000000000004468018139452627,-0.000000000000000259657678565847
1.32,0,3.484244931390942,-0.0000000000000016234075283389166,-0.0000000000000006479288759113801,0.0000000000000002957606950200029,0.0000000000000010619521120301768
1.3266666666666667,0,3.5149449353449627,-0.000000000000002026148945636466,-0.00000000000000024982440345399383,0.0000000000000004163255599299892,-0.0000000000000005827621219704282
1.3333333333333333,0,3.538816829975641,-0.0000000000000013362136155885719,0.00000000000000007732101311992255,0.0000000000000004029490946814173,-0.0000000000000016846647902177155
1.34,0,3.555967349921654,0.0000000000000002182096702692446,0.0000000000000002220446049250313,0.00000000000000020255599259653514,-0.0000000000000016380190857728838
1.3466666666666667,0,3.565516091052099,0.0000000000000011414055387110896,0.0000000000000002220446049250313,0.00000000000000003470219833438151,-0.000000000000000924640460158731
1.3533333333333333,0,3.569543158883998,0.0000000000000007198433491352988,0.0000000000000000859503203883893,-0.00000000000000013609428453664201,-0.0000000000000007431325461034491
1.36,0,3.56920593042921,0.00000000000000015855469646194858,-0.00000000000000043628052731399593,0.00000000000000012697981692616545,-0.0000000000000006125748341778527
1.3666666666666667,0,3.5647979777776384,-0.00000000000000031397089422871727,-0.0000000000000009072744328589548,0.0000000000000005240698005387527,-0.0000000000000005455635057331635
1.3733333333333333,0,3.5565752896112945,-0.0000000000000011996472781442676,-0.000000000000000021598048943404587,-0.00000000000000009590366820213242,-0.0000000000000009884016976909386
1.38,0,3.5443014456086184,0.0000000000000003544771887721044,0.0000000000000005252408386199255,-0.00000000000000028610258200249085,-0.0000000000000007803503727376719
1.3866666666666667,0,3.529228155552182,-0.0000000000000002930960981692336,0.0000000000000009336968686268047,-0.00000000000000019928538046169157,-0.0000000000000008219811112007433
1.3933333333333333,0,3.5115689750111376,-0.00000000000000039000947069994987,0.0000000000000007353361006481158,-0.00000000000000001730057146825549,-0.0000000000000011693436126829056
1.4,0,3.4915168500484843,0.0000000000000003345525852702648,0.0000000000000000029713557654356605,0.0000000000000000014856778827178302,-0.0000000000000011024736580835532
1.4066666666666667,0,3.4692453884858954,0.00000000000000005034625346737428,-0.0000000000000005990054768185948,-0.0000000000000003162848228984222,0.00000000000000014749460136557226
1.4133333333333333,0,3.4447151476883353,0.0000000000000006058049274512039,0.000000000000000141606088493178,-0.00000000000000013113193157047898,-0.0000000000000012874403064259878
1.42,0,3.4182210687048937,-0.0000000000000010716907489324784,0.0000000000000003875517062305144,-0.00000000000000027652940376799874,-0.0000000000000006985079761380296
1.4266666666666667,0,3.390043455518852,0.0000000000000005413645524611815,0.000000000000000054671723485547984,-0.00000000000000020326107859937542,-0.0000000000000008335066962145772
1.4333333333333333,0,3.3603303587764572,0.000000000000003717019827130356,-0.0000000000000002220446049250313,-0.00000000000000015830454011964971,-0.0000000000000016539687576821982
1.44,0,3.3291724916517627,0.000000000000005466822290841579,-0.0000000000000000729875550422634,-0.00000000000000016242178497192415,-0.000000000000002014336878237167
1.4466666666666668,0,3.29660445563539,0.00000000000000421754106995523,0.00000000000000023321915086943085,0.000000000000000012480969564764516,-0.0000000000000008681505417326135
1.4533333333333334,0,3.2627017182432287,0.0000000000000033746871213418107,-0.0000000000000005159843590091639,0.00000000000000010613140829958886,0.00000000000000011517906498304225
1.46,0,3.2273754468510263,0.000000000000004662188599553491,0.00000000000000006626426633716493,-0.0000000000000002440495710516233,-0.0000000000000025852735660408034
1.4666666666666666,0,3.190906213752034,0.0000000000000031400462617541932,0.0000000000000002934275798888394,0.000000000000000023847967431493597,-0.0000000000000017047324734404332
1.4733333333333334,0,3.153318299217019,0.000000000000002055543174532907,0.00000000000000011754461836798478,0.00000000000000027592517717992187,-0.0000000000000009134881268512032
1.48,0,3.1146113073139805,0.0000000000000027221743836475546,0.000000000000000033732285401938895,0.00000000000000011593502559086513,-0.0000000000000016144077205865727
1.4866666666666666,0,3.0748076594381093,0.000000000000003890214169465169,0.0000000000000003148095004925233,-0.00000000000000016875024533233397,-0.0000000000000027040057950751705
1.4933333333333334,0,3.0340052335581267,0.000000000000002220581911922183,0.0000000000000002218181671385812,0.0000000000000006658620894313538,-0.0000000000000017761077578351552
1.5,0,2.9918518214938965,0.0000000000000024974994596676392,-0.00000000000000023971107910384554,0.00000000000000011202699394044179,-0.000000000000001268425586968486
1.5066666666666666,0,2.948630800404141,0.0000000000000007944250472453599,-0.0000000000000006262482256196303,-0.00000000000000007329532955802084,-0.0000000000000006526668689502685
1.5133333333333334,0,2.9043265801946276,0.0000000000000005344474454126148,-0.0000000000000004544212433000444,-0.00000000000000005723315680625478,-0.0000000000000004692617771031961
1.52,0,2.8589213174486985,0.0000000000000009512406624638283,0.000000000000000023980029849406346,-0.0000000000000001012517492339415,-0.00000000000000035260801384469524
1.5266666666666666,0,2.8123835329572464,0.0000000000000002937059717530515,0.00000000000000021498410048406065,-0.0000000000000002543450361185561,0.000000000000000006059807437194498
1.5333333333333334,0,2.764488006028662,0.000000000000000024686334780844168,-0.0000000000000005920748104325613,0.00000000000000028369423782585863,-0.0000000000000007113258911553584
1.54,0,2.715084853678758,-0.00000000000000004026216166412083,-0.0000000000000002635121981338856,-0.00000000000000015007903258190303,-0.000000000000000696631793909368
1.5466666666666666,0,2.664252617120645,0.0000000000000003749476691869953,0.000000000000000118555735093886,-0.0000000000000001034888698311453,-0.000000000000000809620088247845
1.5533333333333332,0,2.6119205789603046,0.0000000000000005436581480869054,0.0000000000000002329963491801023,0.00000000000000017773600793414544,-0.000000000000000910332718195568
1.56,0,2.5580226508093022,0.000000000000000037634265392501907,0.00000000000000004181585043611323,0.0000000000000003247037373003243,-0.0000000000000008619383637741467
1.5666666666666667,0,2.5018372331397067,0.00000000000000041837326495317084,0.0000000000000004648591832813009,0.0000000000000002400950707312868,-0.0000000000000011580686967657781
1.5733333333333333,0,2.4432003491562875,0.00000000000000020629338494456667,-0.00000000000000003150243996092927,-0.00000000000000003867270719652758,-0.0000000000000006672210388293595
1.58,0,2.3821989151196132,-0.0000000000000007923953173002118,-0.0000000000000004440892098500626,-0.00000000000000007797272905226553,0.000000000000000046605964557433865
1.5866666666666667,0,2.3187384365612838,-0.000000000000002214503207004151,-0.00000000000000041694784709158723,0.00000000000000021118805982164115,0.0000000000000006239360600758404
1.5933333333333333,0,2.250559424134007,0.0000000000000010538411660257104,-0.00000000000000002785923125469891,0.00000000000000005555261348688583,-0.0000000000000007767829569369575
1.6,0,2.1777164464875343,0.0000000000000012428440337852995,0.00000000000000020639810884934624,-0.00000000000000007153185479012294,-0.0000000000000005375939788209929
1.6066666666666667,0,2.100517155966707,-0.00000000000000002529492073986674,0.0000000000000003028506768961559,-0.00000000000000014135326161761423,0.0000000000000003786207104520486
1.6133333333333333,0,2.0129751676133982,0.00000000000000018173424684026786,0.00000000000000009582150931602128,0.00000000000000003117104469916462,-0.00000000000000006994248597157643
1.62,0,1.8963293973168835,0.0000000000000003201636495604687,-0.00000000000000005681052453890608,0.00000000000000002580651565415654,-0.0000000000000003059610184257422
1.6266666666666667,0,1.7546065023319035,0.0000000000000003994844161470664,-0.00000000000000016257154665436965,-0.00000000000000013283501751903883,-0.00000000000000035884152948347395
1.6333333333333333,0,1.5948397302223094,0.0000000000000005959342988333081,-0.0000000000000001873371560145752,-0.00000000000000016998343155934717,-0.000000000000000444977663098296
1.64,0,1.411889295092693,0.000000000000000942877445175335,-0.00000000000000010803586542211193,-0.00000000000000005103149567065226,-0.0000000000000005738422603110488
1.6466666666666667,0,1.2289388599630704,0.0000000000000012898205915173732,-0.00000000000000002873457482964602,0.00000000000000006792044021804662,-0.0000000000000007027068575238059
1.6533333333333333,0,1.0909973203039682,0.0000000000000015247775994345803,0.00000000000000020027927890209404,0.00000000000000005640068094376273,-0.000000000000000631053694998016
1.66,0,0.978632119851143,0.0000000000000016960983987131943,0.0000000000000005143674109128864,-0.00000000000000002925971869554425,-0.0000000000000004454561624461842
1.6666666666666667,0,0.8843414996703707,0.0000000000000012909022944176275,0.0000000000000005885648818875954,-0.00000000000000012168449619997987,-0.0000000000000004051213948609853
1.6733333333333333,0,0.7980376136099882,0.000000000000000630956859545687,0.0000000000000005567602826166586,-0.00000000000000021709829401279053,-0.00000000000000042897484431418796
1.68,0,0.7269510948206881,0.0000000000000001846823071526331,0.000000000000000320801424294573,0.000000000000000012265483092973948,-0.00000000000000001814885345885961
1.6866666666666668,0,0.6604092433511759,0.0000000000000002941459286629431,0.00000000000000019545512692033846,0.00000000000000014189172657064643,0.000000000000000026465584754596387
1.6933333333333334,0,0.6017719915198624,0.0000000000000015619556988715144,0.00000000000000032937869419589177,0.00000000000000002136051602264846,-0.0000000000000007592193432619829
1.7,0,0.5497206594279559,0.0000000000000015610065306050921,0.00000000000000017596431808190992,0.00000000000000003927564732640926,-0.0000000000000007659413354301658
1.7066666666666668,0,0.5015590999905215,0.0000000000000015419724441825358,0.00000000000000003120187833689479,0.00000000000000008066657031881217,-0.0000000000000007059514499151534
1.7133333333333334,0,0.45840991911690154,0.0000000000000025184503109851394,0.00000000000000014608162737249523,0.00000000000000007109325789917881,-0.000000000000001108030571539755
1.72,0,0.41981374541467265,0.0000000000000010594319346767944,-0.0000000000000000921372631441212,0.00000000000000006130547913788808,-0.0000000000000006137697705813342
1.7266666666666666,0,0.38407407123624215,-0.00000000000000007790477233640097,-0.00000000000000016164440071488774,0.000000000000000038952386168200485,-0.00000000000000017504928699110217
1.7333333333333334,0,0.35114597866921193,0.000000000000000006924366978807035,0.00000000000000010548280887947002,0.000000000000000005539493583045628,-0.00000000000000009541342290999944
1.74,0,0.3219214081130134,0.00000000000000021272917199594067,-0.00000000000000005916103513423688,0.00000000000000017018333759675253,-0.00000000000000004396222165571603
1.7466666666666666,0,0.29493158097959327,0.0000000000000003924748748543601,-0.00000000000000013975208213703339,0.0000000000000001214903760642192,-0.000000000000000027755575615628914
1.7533333333333334,0,0.2699848042945619,0.0000000000000003144983758892481,-0.0000000000000001202579573957554,0.00000000000000002389928425746074,0.0000000000000000300887947568937
1.76,0,0.24697777949817817,-0.0000000000000001323117526918967,-0.000000000000000005264877077211811,0.000000000000000012561568538511504,0.0000000000000001698814873471643
1.7666666666666666,0,0.22622744983100146,0.00000000000000043153050457301803,-0.00000000000000009200983973335255,-0.00000000000000000912467212552368,-0.000000000000000003608437965117156
1.7733333333333334,0,0.20713135180653247,0.0000000000000002284068856341588,0.00000000000000002653754034945045,-0.00000000000000009125519938954539,-0.00000000000000006742583395068701
1.78,0,0.1894665054895335,0.000000000000000051002842310599806,0.00000000000000006452776907257387,-0.00000000000000008065971134071734,-0.000000000000000028054468446330876
1.7866666666666666,0,0.17314494418887919,0.00000000000000001412228716588011,-0.000000000000000006285858152818784,0.000000000000000003142929076409392,0.00000000000000005957250909478347
1.7933333333333332,0,0.15807476531543208,-0.0000000000000002096389896309181,-0.000000000000000026574088444760987,0.00000000000000001092406988064464,0.00000000000000009596302748383326
1.8,0,0.14438278621744138,0.00000000000000003122482095166874,-0.000000000000000003634677913086054,-0.00000000000000004642445644854269,0.00000000000000007302361695215834
1.8066666666666666,0,0.1317842901800409,0.00000000000000006938893903907228,-0.000000000000000039058882299701854,-0.000000000000000035981710081406903,-0.000000000000000033140626997645085
1.8133333333333332,0,0.12012963983515153,0.00000000000000008455901130152908,-0.00000000000000007068122349371462,-0.000000000000000027755575615628914,-0.00000000000000009529042327105051
1.82,0,0.1093676895474208,0.000000000000000025431643258448075,-0.00000000000000006120122795573194,-0.000000000000000022239200892840212,-0.0000000000000000806822414871778
1.8266666666666667,0,0.09944596951219994,-0.00000000000000006905084259533043,-0.000000000000000013539691364072606,-0.000000000000000010323816744925379,-0.000000000000000038248440582425216
1.8333333333333333,0,0.090302845979651,-0.000000000000000037960631119613004,0.000000000000000026054733031631564,0.0000000000000000008504212919986743,-0.00000000000000003156383148737711
1.84,0,0.08187775053321941,-0.0000000000000001107758683938645,0.000000000000000013918860152589647,0.000000000000000006918357731519633,0.00000000000000008979489730304207
1.8466666666666667,0,0.07421999980199151,-0.000000000000000001019258909681508,-0.000000000000000010567332981704243,-0.000000000000000017506226885611472,0.000000000000000019925898480927702
1.8533333333333333,0,0.06705400033479685,0.00000000000000007932085356765196,0.000000000000000018843745072104295,0.000000000000000011904851168197067,0.000000000000000032222696109140015
1.86,0,0.05719645968232932,-0.00000000000000032189188456970916,-0.000000000000000007678009087094281,0.000000000000000008759115083084937,0.00000000000000014349942643249064
1.8666666666666667,0,0.04772441575681472,-0.000000000000000007071105953534493,-0.000000000000000010116975141979106,0.000000000000000012385869093405759,-0.000000000000000005641218998753019
1.8733333333333333,0,0.039557160685743296,-0.000000000000000053031179152220743,0.000000000000000034193447186332125,-0.0000000000000000091557850228508,0.000000000000000008429391110027779
1.88,0,0.032497960088912044,0.00000000000000003672996443513541,0.000000000000000027640859452720564,-0.000000000000000016658937782317987,-0.000000000000000025303876121474934
1.8866666666666667,0,0.02654041019607206,-0.00000000000000003827476026662019,0.0000000000000000304803439354687,-0.0000000000000000067645635566229046,-0.000000000000000008586452206241874
1.8933333333333333,0,0.021437174087959303,0.00000000000000004110420909127598,0.000000000000000002489349412024872,0.000000000000000011229111083429831,-0.00000000000000001763885065516967
1.9,0,0.017105650020620616,0.000000000000000016853216843282457,-0.000000000000000016458002510093968,0.0000000000000000015865181010311231,-0.000000000000000008154898567574142
1.9066666666666667,0,0.013509898660496605,0.000000000000000010611915543359429,0.000000000000000008571830036134741,0.0000000000000000005100213768061715,0.000000000000000010867468560792368
1.9133333333333333,0,0.010509148025814105,-0.000000000000000011039793121200532,-0.0000000000000000045727181625907314,-0.000000000000000003737991190093716,0.00000000000000000025399710910174684
1.92,0,0.008029822178195723,0.0000000000000000058520407985476024,-0.0000000000000000064710372964137434,0.00000000000000000228536849684438,-0.000000000000000008605265902885469
1.9266666666666667,0,0.006008077754381163,0.0000000000000000055421621355014295,0.000000000000000006589710961805778,-0.0000000000000000027184795279990272,-0.0000000000000000016127335446777696
1.9333333333333333,0,0.004386961910835985,-0.000000000000000003469446951953614,-0.000000000000000002453368102362027,0.0000000000000000016231856422744193,0.000000000000000002860752336100707
1.94,0,0.0031172511195190055,0.000000000000000002373267910689529,-0.0000000000000000019572740132216315,-0.0000000000000000010431181266851736,0.000000000000000003516241100501668
1.9466666666666668,0,0.0021346878181832687,-0.000000000000000002995022276656295,-0.0000000000000000004336808689942018,-0.0000000000000000002168404344971009,0.00000000000000000016963280307982762
1.9533333333333334,0,0.001395131258582952,-0.00000000000000000021354254982000483,0.000000000000000000019296518172629044,-0.00000000000000000011806847633486497,0.0000000000000000014391707239231297
1.96,0,0.0008577695535649345,-0.000000000000000000902810486471833,0.00000000000000000001820770027872615,-0.00000000000000000026470598155386514,0.0000000000000000013014555991945085
1.9666666666666666,0,0.000485189071212201,0.0000000000000000021740888073354016,-0.00000000000000000014889413122287322,0.000000000000000000010159293492221504,-0.0000000000000000016966836431982728
1.9733333333333334,0,0.0002432919010796611,0.0000000000000000008351540584797299,0.00000000000000000013869297523390684,-0.00000000000000000003467324380847671,-0.0000000000000000001518944327032678
1.98,0,0.0001008798319899211,-0.00000000000000000008247313657945409,0.000000000000000000005907783345753448,0.000000000000000000009281175743452264,0.00000000000000000006053739269485076
1.9866666666666666,0,0.00002964246904315759,0.00000000000000000005556796751015896,0.00000000000000000006586684568066052,-0.0000000000000000000032536489855672587,-0.000000000000000000007865156857018259
1.9933333333333334,0,0.000003813708236587498,-0.000000000000000000007909650459490491,-0.00000000000000000000475696094674008,0.0000000000000000000032085428679793422,0.000000000000000000005914622464154146
