# n,energy,berry,bcd_x,bcd_y,qmd_x,qmd_y,stable
0.00000384375,0,-0.0000000000000006571732678498611,0.0000000000000000000000000210612118257927,-0.00000000000000000000000000000033280069439011436,0.0000000000000000000000000000002588449845256445,-0.000000000000000000000000016555793002994265,FmTmd
0.006666666666666667,0,-0.000003927820455751069,-0.000000000000000000003634526225069761,0.000000000000000000002097592089638985,-0.000000000000000000001453252396248644,-0.00000000000000000000011901151468182776,FmTmd
0.013333333333333334,0,-0.000029826584900981783,-0.00000000000000000007799377066041213,-0.000000000000000000007507058926610695,-0.000000000000000000010944967075839839,0.00000000000000000005723284273900428,FmTmd
0.02,0,-0.00010079017338451343,-0.000000000000000000053262581115415435,0.00000000000000000003070648278276876,-0.000000000000000000021987307181676153,0.000000000000000000025588735652307295,FmTmd
0.02666666666666667,0,-0.00024236670852746079,-0.0000000000000000007119244479057331,-0.00000000000000000020964739870694567,-0.00000000000000000010842021724855044,-0.00000000000000000031347359101235746,FmTmd
0.03333333333333333,0,-0.00048283562353727995,-0.000000000000000000981697116848783,-0.00000000000000000021483375221557042,-0.0000000000000000002581119935241903,0.00000000000000000023524491775211435,FmTmd
0.04,0,-0.0008534837877810693,-0.000000000000000001199452291977822,0.0000000000000000006036334657967873,0.00000000000000000029693258313854823,-0.00000000000000000024321484320026584,FmTmd
0.04666666666666667,0,-0.00138961412294789,0.000000000000000002051350356401134,0.0000000000000000008466406868172254,0.0000000000000000005680024002067249,-0.0000000000000000015144295329511765,FmTmd
0.05333333333333334,0,-0.0021295834598322088,0.000000000000000008919164923131401,-0.0000000000000000037149944952009796,-0.00000000000000000001710302961334876,-0.0000000000000000044937885207923976,FmTmd
0.06,0,-0.003113055219672183,0.0000000000000000006238422190174357,0.000000000000000000027165907146176277,0,-0.0000000000000000009284850290673002,FmTmd
0.06666666666666667,0,-0.0043861156188203035,0.000000000000000008662468498795322,-0.00000000000000000258424700422327,-0.0000000000000000008629021855529184,-0.000000000000000004976181112344607,FmTmd
0.07333333333333333,0,-0.00600457938547782,-0.0000000000000000026692347053276166,-0.000000000000000006754229539301228,-0.0000000000000000057022034367068255,-0.0000000000000000012087104246796055,FmTmd
0.08,0,-0.008023205095656735,0.000000000000000003612697679152026,-0.0000000000000000057771733367240676,-0.0000000000000000018858315779731524,0.000000000000000007308806784100158,FmTmd
0.08666666666666667,0,-0.01050363287632497,-0.000000000000000005908593157226411,-0.000000000000000007908481023286158,0.0000000000000000022195170356662718,0.000000000000000007158523073513752,FmTmd
0.09333333333333334,0,-0.012326303661630806,-0.0000000000000000027565455761887494,-0.000000000000000010408340855860843,-0.000000000000000008773425495521734,0.000000000000000008877981799926424,FmTmd
0.1,0,-0.01410845613296553,-0.00000000000000005136601733542167,-0.0000000000000000011024732572149308,-0.00000000000000001661225258829145,0.000000000000000002469705647453428,FmTmd
0.10666666666666667,0,-0.016071803305624674,0.00000000000000006703314594527324,0.000000000000000003106975516312697,-0.000000000000000006472820452673632,-0.00000000000000002778154392899381,FmTmd
0.11333333333333333,0,-0.01823515282620013,-0.000000000000000040212342564800475,-0.0000000000000000057769590684800886,0.000000000000000007124370932647849,0.000000000000000011924872194441417,FmTmd
0.12,0,-0.020610983105731222,-0.000000000000000010014131398349457,-0.000000000000000013005163214961679,0.0000000000000000010907807410659732,-0.000000000000000003884707828922504,FmTmd
0.12666666666666668,0,-0.023214225497644563,-0.00000000000000004784055659047194,0.000000000000000015702951951197757,0,0.000000000000000009330512963549489,FmTmd
0.13333333333333333,0,-0.02606217198302961,0.00000000000000003584216398528305,0.00000000000000000368793510862027,-0.00000000000000001141916440206761,-0.0000000000000000021308911707468642,FmTmd
0.14,0,-0.029171572064762237,0.00000000000000002008264990822396,-0.000000000000000010901077330164266,-0.000000000000000005701979810191258,-0.0000000000000000011162664291188217,FmTmd
0.14666666666666667,0,-0.03256099601311832,-0.000000000000000038390584422808865,-0.000000000000000019014516784516533,0.000000000000000011940739978152607,0.000000000000000023115280395159335,FmTmd
0.15333333333333332,0,-0.03624649715054519,-0.00000000000000006505580774989194,-0.000000000000000016044353452404627,0.0000000000000000006440858521583685,0.00000000000000003122502256758253,FmTmd
0.16,0,-0.04025520142614911,0.00000000000000003523910211759262,-0.000000000000000022596791237536532,0.000000000000000003959860383245366,-0.000000000000000008010492866166815,FmTmd
0.16666666666666666,0,-0.04460657105023709,0.00000000000000018278348502286281,-0.00000000000000003554093655818906,0.000000000000000008462000620220806,-0.00000000000000008182986869422348,FmTmd
0.17333333333333334,0,-0.049323289266847536,0.00000000000000028687731700475463,-0.000000000000000034892065884517115,0.000000000000000006938893903907228,-0.0000000000000001214306433183765,FmTmd
0.18,0,-0.05443147695503111,0.0000000000000002953804516295121,-0.00000000000000002216510982396934,0.0000000000000000125293596955668,-0.0000000000000001200330268704616,FmTmd
0.18666666666666668,0,-0.0599596271128523,0.00000000000000021079125263873348,-0.00000000000000002688076377512337,0.000000000000000014315193728067227,-0.00000000000000008220301245632337,FmTmd
0.19333333333333333,0,-0.06593803562719674,0.00000000000000011002015672881102,-0.000000000000000037655230981434906,-0.00000000000000000148799335415191,-0.000000000000000004213443629029569,FmTmd
0.2,0,-0.07239224245886813,0.00000000000000006917512322901232,0.00000000000000002927379472649052,-0.000000000000000005420674793045618,-0.000000000000000013011770347353671,FmTmd
0.20666666666666667,0,-0.07936414795738997,0.00000000000000017988881128606851,0.00000000000000004157531562171899,0.0000000000000000068808461021828466,-0.00000000000000006221785392826752,FmTmd
0.21333333333333335,0,-0.08697885152354363,0.00000000000000005909705964543177,0.00000000000000000523910886659652,-0.000000000000000017323942467324006,-0.00000000000000003818720876393382,FmTmd
0.22,0,-0.09520257370238454,0.00000000000000004163336342344337,0,0.0000000000000000050222904615200436,-0.000000000000000008855497346294413,FmTmd
0.22666666666666666,0,-0.10408943042597313,0.00000000000000009222649917987514,-0.000000000000000016864378585477257,-0.00000000000000001141878007040143,-0.000000000000000004216094646369314,FmTmd
0.23333333333333334,0,-0.1136772858204509,0.00000000000000006713329228611564,-0.000000000000000002081443178200259,-0.000000000000000002081443178200259,-0.000000000000000016566693567942974,FmTmd
0.24,0,-0.12401347617058713,-0.000000000000000034370237483663644,0.000000000000000036348134986544823,0.00000000000000002345929593017096,0.00000000000000005387373840807224,FmTmd
0.24666666666666667,0,-0.1351535327362748,-0.00000000000000011308980480771902,0.00000000000000004724114185044441,0.000000000000000015945290153017812,0.00000000000000020801111107260047,FmTmd
0.25333333333333335,0,-0.14717368559993824,-0.00000000000000012462358589040566,0.0000000000000000011060175196978538,0.00000000000000002747907123570445,0.000000000000000052305066456330866,FmTmd
0.26,0,-0.16036148471297612,0.00000000000000008628793797724726,0.00000000000000002223031876290288,-0.000000000000000016705061910176848,-0.0000000000000000014459598891808856,FmTmd
0.26666666666666666,0,-0.1746102299374024,-0.000000000000000014749237186559636,-0.00000000000000005753726619809565,0.000000000000000031949413653978274,0.000000000000000037297917280420274,FmTmd
0.2733333333333333,0,-0.18998308591896423,0.00000000000000007529513568012047,-0.00000000000000008773262269468613,0.000000000000000034454419387328013,-0.000000000000000006302520206373644,FmTmd
0.28,0,-0.20654826934131323,0.00000000000000014141286665894896,-0.00000000000000003155439614018308,-0.0000000000000000168723821941988,-0.0000000000000000391520371892914,FmTmd
0.2866666666666667,0,-0.22438438906667113,-0.000000000000000553276050574737,0.00000000000000005526642299954566,-0.000000000000000027510847383916746,0.00000000000000022075978170854244,FmTmd
0.29333333333333333,0,-0.24415127456354574,-0.00000000000000023002467131831125,0.00000000000000001216623909868889,0.000000000000000015589336516940023,-0.000000000000000005516183770955632,FmTmd
0.3,0,-0.2655482892109833,-0.000000000000000352018673697544,0.00000000000000006092594160554269,0.000000000000000042987061017014587,0.00000000000000012100462847824863,FmTmd
0.30666666666666664,0,-0.2886521616132931,-0.0000000000000003308330823629402,0.00000000000000011102230246251565,0.000000000000000012788791593429747,0.00000000000000018356656495306738,FmTmd
0.31333333333333335,0,-0.060783126814361085,0.28197238494528704,-0.48839079887103015,4.550721473225155,-2.627360146836326,TwinTmd
0.32,0,-0.06174529134595392,0.26061448335331455,-0.45139783658067745,5.4298021237056755,-3.134897490624835,TwinTmd
0.32666666666666666,0,-0.07115099166768883,0.26232789341543195,-0.4543658963142453,6.44747542907296,-3.7224496359940744,TwinTmd
0.3333333333333333,0,-0.09971042933820834,0.34874374326617763,-0.6040438483786124,7.709219630747757,-4.450906583848243,TwinTmd
0.34,0,-0.17753146845424744,0.8040325463293858,-1.392627609027584,9.595383879137074,-5.539887217520609,TwinTmd
0.3466666666666667,0,-0.8230878342720501,13.307902101469267,-23.04832214051448,18.757981310331793,-10.829789039452837,TwinTmd
0.35333333333333333,0,-1.347899225628286,22.264316489152243,-38.55965980045743,26.47339804408079,-15.284118497769569,TwinTmd
0.36,0,-0.15034591766422262,-3.970590277223666,6.87730969399059,10.597758083168205,-6.118579344579977,TwinTmd
0.36666666666666664,0,0.12920155325273724,-0.8803913380173982,1.5248831307578945,3.4603752451888026,-1.9978460392907151,TwinTmd
0.37333333333333335,0,0.20059810650758553,-0.36906689709834467,0.6392426914158694,1.222533801013261,-0.7058297725382666,TwinTmd
0.38,0,0.24195461280302372,-0.21656463811495014,0.37510091266679035,-0.05905274097809431,0.03409359062374473,TwinTmd
0.38666666666666666,0,0.2759128746678551,-0.14621958351557907,0.25325973124121,-1.0202594877943507,0.5890470454431387,TwinTmd
0.3933333333333333,0,0.3075099406781877,-0.11514694618658,0.1994403171110289,-1.6940932922579857,0.9780850213031254,TwinTmd
0.4,0,0.3385771696394232,-0.1034124261694896,0.1791155458153273,-2.17829201562651,1.257637284217714,TwinTmd
0.4066666666666667,0,1.335385876419183,-0.0000000000000019326438046449963,-0.000000000000011696640007870695,-0.00000000000006987919894368603,-0.00000000000007316835730612737,One2Tmd
0.41333333333333333,0,1.4783736671942729,0.0000000000000010397443146680034,-0.000000000000005856771585220448,-0.00000000000004651972525308505,0.000000000000027403268942627762,One2Tmd
0.42,0,1.6493513094295913,0.0000000000000028997112876945064,-0.0000000000000012069607522092802,-0.00000000000002597704924518558,0.00000000000007051120421505202,One2Tmd
0.4266666666666667,0,1.8540761708163722,0.0000000000000034184378377129388,0.0000000000000020080037995533126,-0.000000000000008830571635785088,0.00000000000004433546446027574,One2Tmd
0.43333333333333335,0,2.058386619205509,0.0000000000000038689457771481454,0.000000000000005153244109943268,0.000000000000008134858686669529,0.00000000000001811151638839892,One2Tmd
0.44,0,2.241064571324509,0.0000000000000007584195613086629,0.000000000000004658855837227058,0.000000000000015649560431955908,-0.000000000000010628921865503368,One2Tmd
0.44666666666666666,0,2.4023077523341105,0.0000000000000006909055179130322,0.000000000000002303465814685113,0.000000000000010697683134420785,-0.000000000000014466169808227784,One2Tmd
0.4533333333333333,0,2.520917043667865,0.0000000000000066759611324852916,-0.000000000000003753467969797941,-0.00000000000001905029545266055,0.000000000000031229178743062096,One2Tmd
0.46,0,2.6091928840012857,0.000000000000009766216295664735,-0.00000000000000417485195973946,-0.00000000000001803684280786891,0.000000000000027369950489825468,One2Tmd
0.4666666666666667,0,2.695149983856063,0.000000000000011071053277138798,-0.0000000000000020794101738216922,0.000000000000012199439415203837,0.000000000000024696092959958984,One2Tmd
0.47333333333333333,0,2.783515437752761,0.00000000000001035456179908116,0.0000000000000024134465238186386,0.00000000000007767020561049542,0.00000000000003311029795746915,One2Tmd
0.48,0,2.879024572238232,0.000000000000012058435836912078,-0.000000000000005679955155878225,0.000000000000049385896582502174,0.00000000000004742283987524887,One2Tmd
0.4866666666666667,0,2.979649767499646,0.0000000000000068451626340780414,-0.0000000000000031075850251415033,0.000000000000025514691009078578,0.000000000000024954440664201103,One2Tmd
0.49333333333333335,0,3.085744642839056,0.000000000000004263352794623978,-0.0000000000000062214751512697375,-0.000000000000053653383305347856,0.000000000000004757563775100388,One2Tmd
0.5,0,3.1978394737535827,0.0000000000000063357022340119205,-0.000000000000016831025313543913,-0.0000000000001537236304785204,-0.000000000000003909405241863844,One2Tmd
0.5066666666666667,0,3.317537532446804,-0.000000000000000029813489658987804,-0.000000000000007282751728037552,-0.00000000000004462576377004956,-0.00000000000005235805269424797,One2Tmd
0.5133333333333333,0,3.4480322357639746,-0.000000000000007043841595725674,-0.000000000000009631226721394964,0.000000000000019232332286199967,0.000000000000030285629785125113,One2Tmd
0.52,0,3.5888665824466335,-0.000000000000004095513166571997,-0.00000000000000780521726897642,0.00000000000001496456930969541,0.000000000000025241470826086616,One2Tmd
0.5266666666666666,0,3.74167876627401,-0.00000000000000416303602790551,0.000000000000002157507993152054,0.000000000000009056024630974937,0.0000000000000006579662433239851,One2Tmd
0.5333333333333333,0,3.9082756258312683,-0.000000000000013573448758793535,0.000000000000014960475568905615,0.00000000000004678244420268945,0.000000000000018253601600826915,One2Tmd
0.54,0,4.094896398424362,-0.000000000000012190886652171733,-0.000000000000005086674977110512,0.00000000000009551775846110797,0.00000000000006145866743275823,One2Tmd
0.5466666666666666,0,4.307596841802971,-0.0000000000000024982135715477516,-0.000000000000005218964134321514,0.00000000000005921257758247262,0.000000000000033551702162280366,One2Tmd
0.5533333333333333,0,4.547664930804941,0.0000000000000073022934721071,-0.000000000000002232705466497187,0.00000000000003607661333363804,0.00000000000004174642047631238,One2Tmd
0.56,0,4.819630263592711,0.000000000000015593177641402925,-0.0000000000000023806153952748404,0.00000000000004872699616298734,0.00000000000007432396297197733,One2Tmd
0.5666666666666667,0,5.135191211823738,0.000000000000022379214386631507,-0.000000000000011980374693403074,0.00000000000010549798649502155,0.00000000000006091740257286721,One2Tmd
0.5733333333333334,0,5.072879486932484,-0.0000000000000020045492145134116,0.00000000000000043041481853277605,0.00000000000008671777560296456,-0.000000000000004629304426145312,One2Tmd
0.58,0,4.9385085927211865,-0.000000000000011202000431706772,0.000000000000019345066135447833,0.00000000000003429359512611762,-0.0000000000000071057399203896,One2Tmd
0.5866666666666667,0,4.768584750411278,-0.00000000000001796434396795034,0.000000000000027914736860945803,-0.000000000000005631679479052407,-0.000000000000007094951671079584,One2Tmd
0.5933333333333334,0,4.569893777603318,0.00000000000002898476911873043,0.0000000000002378839704130464,0.00000000000011077210832117821,-0.00000000000018534297585793783,One2Tmd
0.6,0,4.3400702371055715,0.00000000000034468850606528746,0.0000000000014468473519513059,0.0000000000008857552206846316,-0.0000000000011281306507746798,One2Tmd
0.6066666666666667,0,4.099025190646013,-0.0000000000010553812617578227,0.0000000000009044151557806867,0.0000000000001412221241062175,0.00000000000017275953074087548,One2Tmd
0.6133333333333333,0,3.8479870103125005,-0.0000000000009266782967853965,0.00000000000035222589772940695,-0.00000000000016826801847460047,0.0000000000004537264801401029,One2Tmd
0.62,0,3.5798310805573696,-0.00000000000005573361452448149,0.000000000000051414270127721926,-0.00000000000007215201573669092,0.00000000000004867410160900603,One2Tmd
0.6266666666666667,0,3.283023867096908,-0.00000000000002473701695304749,0.000000000000007222647393637177,0.000000000000039029734746236084,-0.000000000000027529120632101247,One2Tmd
0.6333333333333333,0,2.8828640090161564,-0.000000000000018673775682075925,0.000000000000023621058091999953,0.0000000000000365915461546915,-0.000000000000046845870214442985,One2Tmd
0.64,0,2.4879579121197852,-0.000000000000013781659756933193,0.00000000000003584631721718328,0.000000000000011160176275658294,-0.00000000000007529273914141276,One2Tmd
0.6466666666666666,0,2.1547762430935657,-0.000000000000001355168950610866,0.000000000000008588208351702047,-0.00000000000003320105972110529,-0.0000000000001565325930150039,One2Tmd
0.6533333333333333,0,2.1838777365925965,-0.000000000000011880299051501269,-0.00000000000004108190266317917,0.00000000000005397699035559973,0.00000000000019981448434758182,Tri2Tmd
0.66,0,2.752300967456914,-1.6317923676544004,-0.0000017440478145982102,0.000008207413856929568,1.7971885254193025,UuudddTmd
0.6666666666666666,0,2.8349638790369975,-1.2288247536880597,-0.00000046299327850667486,0.000009759007451783927,1.3258010611323157,UuudddTmd
0.6733333333333333,0,2.9425250636690903,-0.6208601025803435,-0.00000004016946034534266,0.000021706908153144488,0.7613559589061726,UuudddTmd
0.68,0,3.0453284609729203,0.22191646772529355,-0.000003835486690412117,0.0000187976276895022,0.12288380385321843,UuudddTmd
0.6866666666666666,0,3.1269716264772103,0.6699131337247183,0.0000005972901178903962,0.0000024071675428597404,0.19692441865422344,UuudddTmd
0.6933333333333334,0,3.1055771994889776,-0.28699996023683716,0.000002261223410808312,-0.000003302157051844853,1.0314891196854539,UuudddTmd
0.7,0,2.723461990161776,-0.5532054626837074,-0.000001911429816233184,0.0000046886226606532385,0.6106839000099042,UuudddTmd
0.7066666666666667,0,2.320766381688519,-0.650157560388805,-0.0000021669444809924913,0.000003229199183043224,0.14848208071534807,UuudddTmd
0.7133333333333334,0,1.987583740488197,-0.7925802247783279,-0.0000002401298770394759,-0.0000004308480378834246,-0.1127715503435473,UuudddTmd
0.72,0,1.7059909791464072,-0.9388092848415279,0.00000006799148532864182,0.00000020103871641141026,-0.24168358330593614,UuudddTmd
0.7266666666666667,0,1.4581659582133142,-1.0684961968870217,0.00000019701264462652705,-0.00000012997410632902228,-0.29448171396408607,UuudddTmd
0.7333333333333333,0,1.2212966528398093,-1.1933205085780323,0.0000000695372084268028,-0.000000023399695430216984,-0.2795231493248546,UuudddTmd
0.74,0,2.7765811116225674,0.00000000000001140865625491445,0.000000000000024532883755119755,-0.00000000000000776987644899637,0.00000000000002100561520873714,Tri1Tmd
0.7466666666666667,0,2.785236987137494,0.000000000000009697924573446469,0.000000000000007400575932983545,-0.000000000000011877186633537983,0.000000000000014228181052627608,Tri1Tmd
0.7533333333333333,0,2.7523021542287918,-0.000000000000006667843999144182,-0.000000000000006297712540019214,-0.000000000000013606523712114232,-0.000000000000011275483742275759,Tri1Tmd
0.76,0,2.678892209966964,-0.0000000000000004684120373016787,0.0000000000000017788580029473786,-0.000000000000017047614563110076,0.000000000000008684751227547503,Tri1Tmd
0.7666666666666667,0,2.5633003077944103,-0.0000000000000016539516837128175,-0.0000000000000008488840644191126,0.0000000000000063145488213188715,-0.00000000000001280873025575591,Tri1Tmd
0.7733333333333333,0,1.4998112074697614,-0.0000000000000010591196032667064,-0.0000000000000002731480262834815,0.0000000000000003799862660125947,0.0000000000000011543157302380352,SatoTmd
0.78,0,1.5250453144694418,-0.0000000000000017697049394379475,0.0000000000000006064652260673968,-0.00000000000000006959681091289425,0.0000000000000010431206761981258,SatoTmd
0.7866666666666666,0,1.5493269343465748,0.0000000000000005394833293075912,-0.00000000000000013262891954706279,0.0000000000000001348708323268978,0.0000000000000006046442294642762,SatoTmd
0.7933333333333333,0,1.5727903377518662,-0.0000000000000006781196449989557,-0.00000000000000038236015561774823,-0.00000000000000020139325755121799,0.0000000000000020026711427701044,SatoTmd
0.8,0,1.5955978289659463,-0.0000000000000013010482300732939,-0.0000000000000008365696934034792,-0.00000000000000012511939080700348,0.000000000000002149763799353955,SatoTmd
0.8066666666666666,0,1.617756652728946,-0.0000000000000019816048255776493,0.0000000000000006426185485284086,0.00000000000000027419643240676266,0.0000000000000024841445949398053,SatoTmd
0.8133333333333334,0,1.6392630881197223,-0.0000000000000002528642446721297,0.00000000000000007032605812175349,0.00000000000000005551115123125783,0.0000000000000018905471846318982,SatoTmd
0.82,0,1.660401555654309,0.0000000000000035056454931708813,-0.0000000000000004440892098500626,0.00000000000000022036359829540205,0.000000000000004816572956512233,SatoTmd
0.8266666666666667,0,1.6810617240970458,0.00000000000001570372781384029,-0.0000000000000006182305454689959,-0.000000000000000046775280428528477,0.000000000000005980972537894182,SatoTmd
0.8333333333333334,0,1.7013960302211084,-0.0000000000000008016094070621792,0.0000000000000007366826475837195,-0.0000000000000002234501232575728,0.0000000000000006729498963975071,SatoTmd
0.84,0,1.7214463607022734,0.0000000000000004842860556590707,-0.0000000000000002787049702478374,0.00000000000000015648424224152147,0.0000000000000008395093258903464,SatoTmd
0.8466666666666667,0,1.7412470528880164,-0.0000000000000001308110147551763,0.0000000000000005766257590336979,-0.00000000000000008864528852716663,0.000000000000001571094994926731,SatoTmd
0.8533333333333334,0,1.7608253931471447,0.0000000000000013070010508028123,0.0000000000000001236555918362034,-0.0000000000000002037639963396682,-0.0000000000000004597064989771706,SatoTmd
0.86,0,1.7802327767969839,-0.00000000000000004448360115882817,0.00000000000000039960560869123445,-0.0000000000000002108303544180469,-0.00000000000000039453524718708724,SatoTmd
0.8666666666666667,0,1.7995617643078599,-0.00000000000000005004833745761086,-0.0000000000000004274064306975257,0.00000000000000011102230246251565,0.0000000000000001678255726792862,SatoTmd
0.8733333333333333,0,1.8188343675998384,-0.0000000000000008837726446127452,0.0000000000000008969899698748853,-0.0000000000000005897511115022384,-0.0000000000000010530597077361312,SatoTmd
0.88,0,1.8380971693458876,-0.0000000000000033179873112366422,0.000000000000001555287754678206,-0.0000000000000006135492241527962,0.0000000000000007145724445346981,SatoTmd
0.8866666666666667,0,1.857454014937783,-0.0000000000000008265057502516522,0.00000000000000021382924730207776,0.00000000000000023642148076520004,-0.0000000000000001912082702007948,SatoTmd
0.8933333333333333,0,1.8768963854292284,-0.0000000000000012078371682941394,0.000000000000000043916633384487705,0.000000000000000051236072281902325,0.0000000000000002598725184134008,SatoTmd
0.9,0,1.8964461593297417,0.0000000000000009129476503112885,0.00000000000000009359599397715754,0.00000000000000041931997923889934,-0.000000000000001993798986433224,SatoTmd
0.9066666666666666,0,1.916296419301653,-0.0000000000000007232270304287154,-0.0000000000000009463263449686558,0.000000000000000026964543404447116,-0.00000000000000029367480189578537,SatoTmd
0.9133333333333333,0,1.9363153775466229,0.00000000000000016293398463794197,-0.0000000000000003921775276746363,-0.00000000000000032091455576257516,0.00000000000000008836873705034172,SatoTmd
0.92,0,1.9567018072405329,0.00000000000000006160592548309859,-0.00000000000000043099926705084354,-0.0000000000000004161085356605493,-0.0000000000000003158040845929855,SatoTmd
0.9266666666666666,0,1.9774917212286534,-0.00000000000000022035632595852868,0.00000000000000020634121581456115,-0.00000000000000002186680469920261,-0.0000000000000022697937848928386,SatoTmd
0.9333333333333333,0,1.9987458657252943,0.000000000000000881383282354291,-0.0000000000000011007098323409886,-0.00000000000000077307903483010905,0.0000000000000014398923633397864,SatoTmd
0.94,0,2.020564737261426,0.0000000000000004733678735793484,0.00000000000000009638297059787276,0.0000000000000002366839367896742,0.0000000000000007143253000740303,SatoTmd
0.9466666666666667,0,2.0429593983799235,0.0000000000000005795794920549643,0.00000000000000004044776229771132,0.00000000000000011243700199369246,-0.0000000000000002479272841985941,SatoTmd
0.9533333333333334,0,2.06612725151512,0.00000000000000126762903243182,-0.0000000000000006478789230008737,0.00000000000000005018882845168102,-0.0000000000000008813388972485049,SatoTmd
0.96,0,2.0901122145750954,0.000000000000000011894066576471406,0.00000000000000017776765666172835,-0.0000000000000002056881981794864,0.0000000000000002343552166626188,SatoTmd
0.9666666666666667,0,1.9730417490423031,0.000000000000003926420819487902,-0.00000000000000023997301499453436,-0.0000000000000001209015358535277,-0.0000000000000015720323731651774,SatoTmd
0.9733333333333334,0,1.5288421522411306,0.000000000000006849875956086164,0.0000000000000009986994856763002,-0.00000000000000041053430622014324,-0.0000000000000030472067207233475,SatoTmd
0.98,0,1.119656677730452,-0.00000000000000020452470329384425,0.00000000000000003590527042952198,-0.00000000000000015999816009319487,0.000000000000002079404669583493,SatoTmd
0.9866666666666667,0,0.734344744328835,-0.000000000000002822491416108446,-0.0000000000000010096048666303794,0.000000000000000705047314859422,0.00000000000000021787478380436026,SatoTmd
0.9933333333333333,0,0.36372351745674053,-0.0000000000000002161086117134995,0.0000000000000002455258644131881,0.000000000000000293325321712691,-0.000000000000000114618516158724,SatoTmd
1,0,-0.00000000000002768618667658984,0.0000000000000006574601973950935,0.00000000000000030010716134397565,-0.0000000000000011796119636641825,-0.00000000000000030878077872383074,SatoTmd
1.0066666666666666,0,-0.36372351745677944,-0.0000000000000012896384919112913,-0.0000000000000009075869578163728,-0.0000000000000013196747818324581,-0.0000000000000012327975883349565,SatoTmd
1.0133333333333334,0,-0.7343447443288899,0.0000000000000013785665313169418,0.00000000000000009728375021087559,0.0000000000000001198372535925532,-0.0000000000000005240995394672155,SatoTmd
1.02,0,-1.119656677730496,0.0000000000000005220799994735497,0.0000000000000005090094122723569,0.0000000000000007151096724057553,-0.0000000000000012304380114868741,SatoTmd
1.0266666666666666,0,-1.52884215224118,-0.000000000000007060823141468956,-0.0000000000000019944396594746693,-0.00000000000000009128553876962525,0.000000000000002989726703826812,SatoTmd
1.0333333333333334,0,-1.9730417490423446,-0.000000000000003896678983625089,-0.000000000000000007840905298883797,0.00000000000000007333542561097547,0.0000000000000015938291680391737,SatoTmd
1.04,0,-2.0901122145751447,0.0000000000000004240169399007736,-0.0000000000000001055701668806743,0.00000000000000013349070839844394,0.0000000000000001072198259020816,SatoTmd
1.0466666666666666,0,-2.0661272515151703,-0.0000000000000015794066487010632,0.0000000000000005292463743231805,0.0000000000000010858993341628662,-0.000000000000000631165478753664,SatoTmd
1.0533333333333332,0,-2.0429593983799728,-0.00000000000000033306690738754696,-0.000000000000000487366371210122,-0.0000000000000002681511653474579,-0.0000000000000005694675514805521,SatoTmd
1.06,0,-2.0205647372614757,-0.0000000000000005215593588782848,-0.000000000000000048191485298936366,0.000000000000000048191485298936366,-0.0000000000000005404721804479353,SatoTmd
1.0666666666666667,0,-1.9987458657253434,-0.0000000000000008827423098234839,-0.0000000000000015461580696602571,0.0000000000000000013590274691603349,0.000000000000000049735284487326355,SatoTmd
1.0733333333333333,0,-1.9774917212287029,0.0000000000000007928595063480866,-0.0000000000000005315564286468627,-0.00000000000000017831099552663126,0.0000000000000021907275499958747,SatoTmd
1.08,0,-1.9567018072405822,-0.0000000000000004777144611436996,0.000000000000001013191059257392,-0.0000000000000001520929194512753,0.000000000000000735185105953356,SatoTmd
1.0866666666666667,0,-1.9363153775466717,-0.0000000000000004821974025627435,0.0000000000000004440892098500626,0.00000000000000027395628710044826,-0.0000000000000002366736633066491,SatoTmd
1.0933333333333333,0,-1.9162964193017027,-0.0000000000000006360051425258859,0.0000000000000004440892098500626,-0.0000000000000001141864313072877,0.0000000000000011237052963273746,SatoTmd
1.1,0,-1.8964461593297912,-0.00000000000000102396995277378,-0.0000000000000000935959939771962,-0.0000000000000003280252142077971,0.0000000000000018346084548651883,SatoTmd
1.1066666666666667,0,-1.8768963854292786,0.0000000000000002671919573107664,0.00000000000000016348909374567091,0.00000000000000005612651073186533,0.0000000000000010400729955990586,SatoTmd
1.1133333333333333,0,-1.857454014937832,0.0000000000000014021556566216048,-0.0000000000000003289592285760729,0.00000000000000030839209088052357,0,SatoTmd
1.12,0,-1.838097169345936,0.0000000000000030852119840783595,-0.0000000000000008823252984821055,0.0000000000000006096471433408328,-0.0000000000000007135969243315747,SatoTmd
1.1266666666666667,0,-1.8188343675998881,-0.0000000000000004617123101996259,0.00000000000000033416835115939466,0.0000000000000001412561265648019,0.0000000000000011102230246251565,SatoTmd
1.1333333333333333,0,-1.7995617643079092,0.0000000000000006911579835039,0.0000000000000008631542509713192,0.0000000000000004232357359093909,-0.000000000000001213799442292637,SatoTmd
1.14,0,-1.7802327767970338,-0.000000000000000044296900724254445,-0.00000000000000013307740260734968,0.00000000000000026638818075793234,-0.00000000000000019959276635670118,SatoTmd
1.1466666666666667,0,-1.7608253931471933,-0.0000000000000015290456557278806,-0.00000000000000012365559183618491,0.00000000000000013794821245538107,0.00000000000000029633136762686616,SatoTmd
1.1533333333333333,0,-1.7412470528880664,-0.0000000000000012410340393803967,0.00000000000000013426208361206676,-0.00000000000000041138645616125257,0.00000000000000037631109263337424,SatoTmd
1.16,0,-1.7214463607023236,0,0.0000000000000005409464209818839,-0.00000000000000043997332997162923,-0.00000000000000009685721113182131,SatoTmd
1.1666666666666667,0,-1.7013960302211575,0.0000000000000014028164623588791,-0.0000000000000005579225489777082,0.00000000000000017876009860607701,-0.0000000000000005010058794138854,SatoTmd
1.1733333333333333,0,-1.681061724097096,-0.000000000000015625393016833855,0.0000000000000007140370840811844,0.0000000000000001577975828910629,-0.000000000000006010912081210543,SatoTmd
1.18,0,-1.660401555654359,-0.0000000000000027161619939829074,0.0000000000000007760354461511948,-0.00000000000000033362724293075435,-0.000000000000005165618909994618,SatoTmd
1.1866666666666668,0,-1.6392630881197716,0.0000000000000031086244689504383,0.0000000000000008376055707657039,-0.0000000000000003028421806234998,-0.000000000000003260149537899792,SatoTmd
1.1933333333333334,0,-1.6177566527289962,0.0000000000000019547302355814383,-0.0000000000000004340112386014834,-0.0000000000000002237242667997945,-0.0000000000000027558215345344238,SatoTmd
1.2,0,-1.5955978289659958,-0.0000000000000010430045985900533,0.0000000000000004800882364082447,-0.00000000000000017824072849761892,-0.0000000000000020968013139751248,SatoTmd
1.2066666666666668,0,-1.5727903377519155,-0.0000000000000022164507725090693,0.0000000000000007647203112354591,-0.00000000000000011624138627827991,-0.0000000000000022242163381023473,SatoTmd
1.2133333333333334,0,-1.5493269343466243,-0.000000000000001517077434385695,-0.0000000000000002652578390941239,-0.00000000000000019112928781810396,-0.0000000000000013190192805496177,SatoTmd
1.22,0,-1.525045314469491,0.0000000000000008815265197378138,-0.00000000000000011268527745309352,-0.00000000000000016487047870319562,-0.0000000000000017867256192222247,SatoTmd
1.2266666666666666,0,-1.499811207469812,-0.0000000000000009903852624168891,0.0000000000000005806632229917692,-0.00000000000000042272156190423145,-0.0000000000000020623925545930175,SatoTmd
1.2333333333333334,0,-2.5633003077944037,-0.00000000000000009761218244074355,0.0000000000000009998244279245162,-0.000000000000004054808416787867,0.000000000000019590446292397555,Tri1Tmd
1.24,0,-2.6788922099669565,-0.0000000000000032221479349601224,-0.0000000000000005064658574093753,0.000000000000011022447081275337,-0.000000000000009543017312095275,Tri1Tmd
1.2466666666666666,0,-2.7523021542287847,0.000000000000007170483094984693,0.0000000000000029114038003500496,0.000000000000015962558971027205,0.000000000000008253143315837514,Tri1Tmd
1.2533333333333334,0,-2.785236987137486,-0.0000000000000066829960695330605,-0.00000000000000522724434805259,0.000000000000020289958041754426,-0.000000000000013536057731714062,Tri1Tmd
1.26,0,-2.776581111622559,-0.000000000000006006159876100212,-0.00000000000002334958827449803,0.000000000000018440740051606814,-0.00000000000001907463174653779,Tri1Tmd
1.2666666666666666,0,-1.2212966528398703,1.1933205085780314,-0.00000006953720553469524,0.000000023399700075741032,0.279523149324844,UuudddTmd
1.2733333333333334,0,-1.458165958213387,1.0684961968870161,-0.00000019701264093145062,0.000000129974118365543,0.29448171396408296,UuudddTmd
1.28,0,-1.7059909791464767,0.93880928484152,-0.00000006799148403677335,-0.00000020103872298209603,0.24168358330593268,UuudddTmd
1.2866666666666666,0,-1.9875837404882677,0.7925802247783239,0.00000024012988232968266,0.0000004308480301588669,0.1127715503435483,UuudddTmd
1.2933333333333332,0,-2.320766381688585,0.6501575603888062,0.000002166944480188442,-0.000003229199177642183,-0.1484820807153549,UuudddTmd
1.3,0,-2.723461990161849,0.5532054626837035,0.0000019114298123400958,-0.000004688622651501342,-0.6106839000099369,UuudddTmd
1.3066666666666666,0,-3.1055771994890398,0.28699996023680335,-0.000002261223413617451,0.0000033021571095074812,-1.0314891196854572,UuudddTmd
1.3133333333333332,0,-3.1269716264772707,-0.6699131337247176,-0.0000005972901180980798,-0.0000024071675148252275,-0.1969244186542377,UuudddTmd
1.32,0,-3.0453284609729767,-0.22191646772525198,0.00000383548669890682,-0.000018797627712399952,-0.12288380385323047,UuudddTmd
1.3266666666666667,0,-2.942525063669148,0.6208601025803911,0.000000040169454137855035,-0.00002170690811561541,-0.7613559589062272,UuudddTmd
1.3333333333333333,0,-2.8349638790370593,1.2288247536880632,0.0000004629932579467271,-0.000009759007450947258,-1.3258010611322943,UuudddTmd
1.34,0,-2.7523009674569723,1.6317923676544055,0.0000017440478128005998,-0.000008207413799556955,-1.7971885254193263,UuudddTmd
1.3466666666666667,0,-2.1838777365926005,0.000000000000015119932924382093,0.00000000000004549376290876614,-0.00000000000006457094155514295,-0.00000000000020811212517935814,Tri2Tmd
1.3533333333333333,0,-2.1547762430935844,0.000000000000031320912454495564,0.0000000000000011022898627028781,0.000000000000038253385274095456,0.0000000000002562666495161057,One2Tmd
1.36,0,-2.4879579121198083,0.000000000000026510657948822343,-0.000000000000038181455266961774,0.000000000000014736585468581925,0.00000000000007668381463763873,One2Tmd
1.3666666666666667,0,-2.8828640090161763,-0.0000000000000443615156025713,-0.00000000000005073628689865731,-0.00000000000005195503517453669,-0.00000000000001735272773258301,One2Tmd
1.3733333333333333,0,-3.283023867096936,-0.00000000000011766202399692888,-0.00000000000002287112815925835,-0.0000000000000913226754582192,-0.00000000000015600668367471938,One2Tmd
1.38,0,-3.5798310805573954,-0.00000000000005863575758885907,0.0000000000002194801032304886,0.0000000000001522777890830213,-0.0000000000007906171246334382,One2Tmd
1.3866666666666667,0,-3.847987010312431,0.000000000047786568669186977,0.00000000005271319665550726,-0.000000000041644686153448526,0.00000000003584099549364246,One2Tmd
1.3933333333333333,0,-4.099025190645841,0.000000000020439349076899868,0.00000000006073150085098832,-0.000000000057145356773044135,0.00000000005486598724526923,One2Tmd
1.4,0,-4.340070237105385,-0.00000000012560827900792963,-0.000000000023871416150070836,-0.000000000007791912176360837,0.000000000022248324258415607,One2Tmd
1.4066666666666667,0,-4.569893777603328,-0.000000000018570585778542588,-0.000000000003673825453318133,-0.0000000000018588222860836508,0.000000000003785712878062147,One2Tmd
1.4133333333333333,0,-4.768584750411317,0.00000000000005559150330889972,-0.00000000000007247609681900061,-0.0000000000003526840912837305,0.00000000000024479469655886266,One2Tmd
1.42,0,-4.938508592721222,0.00000000000002074881027935849,-0.000000000000013368245942776285,-0.00000000000006179020157481837,0.00000000000001807675229347635,One2Tmd
1.4266666666666667,0,-5.072879486932522,0.000000000000005670443701565034,0.000000000000002358161639991341,-0.00000000000010167353300906496,-0.000000000000020587607888417782,One2Tmd
1.4333333333333333,0,-5.135191211823775,-0.000000000000024221010447294674,0.00000000000001202387618886474,-0.00000000000011977428043148633,-0.00000000000006961194336131283,One2Tmd
1.44,0,-4.8196302635927415,-0.00000000000001594535587994254,0.000000000000002837899619103876,-0.00000000000006151367227732735,-0.00000000000008334952994311736,One2Tmd
1.4466666666666668,0,-4.547664930804972,-0.000000000000004730556303579854,0.0000000000000036236315585811175,-0.00000000000003526666479152589,-0.000000000000050721662419810873,One2Tmd
1.4533333333333334,0,-4.307596841803009,0.000000000000004050693968856414,0.000000000000006533268070469752,-0.000000000000051588882017946217,-0.00000000000004273752969624919,One2Tmd
1.46,0,-4.0948963984244005,0.00000000000000834444225318621,0.000000000000005136794473665449,-0.00000000000009324719291530247,-0.00000000000007017612062180419,One2Tmd
1.4666666666666666,0,-3.9082756258313043,0.000000000000010763925939774385,-0.00000000000001456471554569541,-0.00000000000004416623813022804,-0.00000000000001971260373010795,One2Tmd
1.4733333333333334,0,-3.7416787662740463,-0.00000000000000060231505438642,0.00000000000000293838768233638,0.000000000000018518183960252825,-0.000000000000013256775573067194,One2Tmd
1.48,0,-3.5888665824466717,0.0000000000000024492646898139628,0.000000000000013069233605856062,0.000000000000013210364425905017,-0.00000000000003510783218843169,One2Tmd
1.4866666666666666,0,-3.448032235764015,0.000000000000010437720041066894,0.000000000000011776146246804606,-0.000000000000016342169340820302,-0.00000000000002811769956455698,One2Tmd
1.4933333333333334,0,-3.3175375324468392,0.0000000000000037883546274662735,0.000000000000007006567914577012,0.000000000000013427063293784074,0.00000000000006026639537226423,One2Tmd
1.5,0,-3.19783947375362,-0.000000000000009649956344727644,0.000000000000012311164350969346,0.00000000000014126783741083936,0.000000000000003684033384079325,One2Tmd
1.5066666666666666,0,-3.0857446428390958,-0.000000000000005497249039447567,0.000000000000006821787092735356,0.00000000000004705762608074999,0.000000000000001467173788904302,One2Tmd
1.5133333333333334,0,-2.9796497674996836,-0.000000000000004775979507026303,0.000000000000005590316299052899,-0.000000000000031811381742642734,-0.000000000000028230030729030568,One2Tmd
1.52,0,-2.879024572238269,-0.000000000000007320257653357698,0.000000000000007125423916816822,-0.00000000000004958043959553517,-0.00000000000007360996536157378,One2Tmd
1.5266666666666666,0,-2.7835154377527913,-0.0000000000000026346040493227116,0.000000000000001758220697649474,-0.00000000000005213625065228153,-0.00000000000007633616382210322,One2Tmd
1.5333333333333334,0,-2.6951499838560915,-0.000000000000009816994135748211,0.00000000000000033042448239853507,-0.000000000000015745290080547733,-0.00000000000002895477509764156,One2Tmd
1.54,0,-2.609192884001315,-0.000000000000009618192654820438,0.000000000000001803263578711155,-0.000000000000004850286985364138,-0.00000000000001502344368169597,One2Tmd
1.5466666666666666,0,-2.5209170436678954,-0.0000000000000044977227532360395,0.0000000000000042160093840367004,-0.000000000000012146418796179618,-0.000000000000021935639012163637,One2Tmd
1.5533333333333332,0,-2.402307752334142,-0.0000000000000015746771768637035,-0.0000000000000011892289932550949,-0.000000000000021346824544761396,-0.00000000000000782835019767158,One2Tmd
1.56,0,-2.241064571324537,-0.0000000000000016001523013623197,-0.000000000000003436250221406523,-0.000000000000014511460500593077,-0.000000000000004336839022722519,One2Tmd
1.5666666666666667,0,-2.058386619205539,-0.0000000000000031080365331467375,-0.000000000000004095434585028126,0.00000000000000038610611725516103,-0.0000000000000061825552408630084,One2Tmd
1.5733333333333333,0,-1.8540761708164049,-0.000000000000002655369653101511,-0.0000000000000014454886057976283,0.000000000000012210383209924444,-0.000000000000027963393147368257,One2Tmd
1.58,0,-1.6493513094296213,-0.000000000000002165144561875294,0.0000000000000012678502712219008,0.000000000000023975785399353662,-0.00000000000005012612750420004,One2Tmd
1.5866666666666667,0,-1.478373667194303,-0.0000000000000007673062568282722,0.000000000000006034311507994636,0.00000000000004288167103300956,-0.000000000000011927354478833776,One2Tmd
1.5933333333333333,0,-1.3353858764192126,0.0000000000000013833039706746673,0.000000000000012503626826499413,0.00000000000006770985414727114,0.00000000000007633508802876655,One2Tmd
1.6,0,-0.33857716963933226,0.10341242616948916,-0.17911554581532727,2.178292015626524,-1.2576372842177175,TwinTmd
1.6066666666666667,0,-0.307509940678097,0.11514694618657831,-0.1994403171110304,1.6940932922579972,-0.9780850213031307,TwinTmd
1.6133333333333333,0,-0.2759128746677643,0.1462195835155729,-0.25325973124121487,1.0202594877943338,-0.5890470454431177,TwinTmd
1.62,0,-0.24195461280293185,0.21656463811494941,-0.3751009126668037,0.05905274097802793,-0.034093590623715087,TwinTmd
1.6266666666666667,0,-0.20059810650749543,0.36906689709836327,-0.6392426914158694,-1.2225338010132347,0.705829772538267,TwinTmd
1.6333333333333333,0,-0.1292015532526491,0.8803913380173445,-1.5248831307579431,-3.4603752451887764,1.9978460392906894,TwinTmd
1.64,0,0.1503459176643005,3.970590277223654,-6.877309693990323,-10.5977580831679,6.1185793445798105,TwinTmd
1.6466666666666667,0,1.3478992256283893,-22.264316489143923,38.55965980045061,-26.47339804408403,15.28411849776531,TwinTmd
1.6533333333333333,0,0.823087834272145,-13.307902101464947,23.048322140511182,-18.757981310333708,10.829789039450775,TwinTmd
1.66,0,0.1775314684543403,-0.8040325463292869,1.3926276090278686,-9.595383879137357,5.539887217520766,TwinTmd
1.6666666666666667,0,0.09971042933829835,-0.3487437432661552,0.6040438483786527,-7.709219630747805,4.450906583848282,TwinTmd
1.6733333333333333,0,0.0711509916677793,-0.2623278934154398,0.4543658963142306,-6.447475429072974,3.7224496359940815,TwinTmd
1.68,0,0.06174529134604436,-0.26061448335331133,0.45139783658066895,-5.429802123705627,3.1348974906247737,TwinTmd
1.6866666666666668,0,0.06078312681445159,-0.28197238494528615,0.48839079887103093,-4.55072147322513,2.6273601468363146,TwinTmd
1.6933333333333334,0,0.28865216161335,0.0000000000000006553555178229244,-0.00000000000000005551115123125783,-0.000000000000000021333263520995846,-0.00000000000000020492774477198244,FmTmd
1.7,0,0.26554828921104046,0.0000000000000005347964985141741,-0.000000000000000005414790374285193,-0.00000000000000004298706101701467,-0.00000000000000015231485401385755,FmTmd
1.7066666666666668,0,0.24415127456360244,0.0000000000000003212714645584899,0.00000000000000003117867303387845,-0.000000000000000015589336516939225,-0.00000000000000003954027707074149,FmTmd
1.7133333333333334,0,0.2243843890667279,0.0000000000000009677742230713402,-0.00000000000000005502169476783493,0.000000000000000027510847383917464,-0.00000000000000017961587474852574,FmTmd
1.72,0,0.2065482693413705,-0.00000000000000011687419559598707,0.00000000000000011861994351162201,-0.000000000000000026660391491521034,0.00000000000000014608456114131175,FmTmd
1.7266666666666666,0,0.18998308591902183,-0.00000000000000017467259825873245,-0.000000000000000042906110818500925,-0.0000000000000000013565240941598315,0.00000000000000019564555340356221,FmTmd
1.7333333333333334,0,0.17461022993745948,0,-0.00000000000000015150100029786655,0.000000000000000017058568362744954,0.00000000000000011304841742935368,FmTmd
1.74,0,0.16036148471303316,0.0000000000000000027626284263630163,-0.00000000000000009431724055233881,0,0.00000000000000002223031876290288,FmTmd
1.7466666666666666,0,0.14717368559999536,0.000000000000000018854866646453058,-0.0000000000000001376718605584471,0.0000000000000000008295131397731003,-0.0000000000000000015207740895840172,FmTmd
1.7533333333333334,0,0.13515353273633174,0.00000000000000022646292613481615,-0.00000000000000009153673622769974,0.000000000000000035430856387833614,-0.00000000000000006495657004436163,FmTmd
1.76,0,0.124013476170644,0.0000000000000001199553465131244,-0.00000000000000002577767811274662,0.000000000000000003307330934016623,-0.00000000000000001404803014766104,FmTmd
1.7666666666666666,0,0.11367728582050794,0.00000000000000003313338713588591,-0.00000000000000004475552819074383,-0.00000000000000002133704250627176,0.00000000000000006236294334778695,FmTmd
1.7733333333333334,0,0.10408943042603011,-0.000000000000000018795803282640992,-0.00000000000000002881074169612766,-0.000000000000000022309977100553005,0.00000000000000004690462415031139,FmTmd
1.78,0,0.09520257370244162,-0.00000000000000006230454116203692,0.00000000000000002717355972311641,-0.000000000000000005022290461520264,-0.000000000000000025693468200113822,FmTmd
1.7866666666666666,0,0.08697885152360085,-0.00000000000000006084342926762747,-0.00000000000000005725752085345638,0.000000000000000017323942467324576,0.00000000000000002518260576721807,FmTmd
1.7933333333333332,0,0.07936414795744719,-0.00000000000000019370855129216164,-0.00000000000000006921479563390006,-0.000000000000000006793774399597041,0.000000000000000055278960024361526,FmTmd
1.8,0,0.07239224245892507,-0.00000000000000007069334233987212,-0.0000000000000000323102329482132,0.00000000000000002396002783847534,0.000000000000000006072876443445715,FmTmd
1.8066666666666666,0,0.06593803562725395,-0.00000000000000013727465947758526,-0.00000000000000004955917781464956,0.000000000000000027755575615628914,0.0000000000000000027254502748775806,FmTmd
1.8133333333333332,0,0.05995962711290939,-0.00000000000000015482282854717723,-0.000000000000000026880763775123756,0.000000000000000008668650644872864,0.00000000000000007027368434959978,FmTmd
1.82,0,0.05443147695508814,-0.00000000000000023138522503943074,0.000000000000000010984178240650298,-0.000000000000000008287322016154918,0.00000000000000009854213110261609,FmTmd
1.8266666666666667,0,0.04932328926690461,-0.00000000000000026665342438797605,0.000000000000000020619085346740786,-0.0000000000000000031730524044822623,0.000000000000000086439779251369,FmTmd
1.8333333333333333,0,0.04460657105029417,-0.00000000000000018887591188811814,0.000000000000000007785360942560248,0.000000000000000009985107336534332,0.000000000000000050435018765649124,FmTmd
1.84,0,0.040255201426206116,-0.000000000000000036219928980174045,0.00000000000000001289696094523131,0.000000000000000013877787807814457,-0.000000000000000004577598847125158,FmTmd
1.8466666666666667,0,0.036246497150602214,0.00000000000000006745668148259683,0.00000000000000003469446951953614,0.000000000000000009544656518634049,-0.00000000000000003730023213426296,FmTmd
1.8533333333333333,0,0.03256099601317533,-0.000000000000000006981991757502315,0.000000000000000018474985174689217,-0.000000000000000000901082463602607,-0.000000000000000018294209747801542,FmTmd
1.86,0,0.029171572064819233,-0.00000000000000007186276722650393,-0.00000000000000002031379942150293,0.00000000000000000025144114510937817,0.000000000000000007557350950765137,FmTmd
1.8666666666666667,0,0.026062171983086625,-0.000000000000000038915443242465746,0.000000000000000002021647092413278,0.000000000000000010804508550630738,-0.0000000000000000005258160823852208,FmTmd
1.8733333333333333,0,0.023214225497701642,0.00000000000000003253881373491396,-0.000000000000000014680205999093543,-0.000000000000000002958073975901269,-0.000000000000000015246660915352288,FmTmd
1.88,0,0.02061098310578834,0.000000000000000003490498371410282,0.00000000000000001863512022959026,-0.0000000000000000008726245928525705,0.000000000000000006066269311054658,FmTmd
1.8866666666666667,0,0.018235152826257116,0.00000000000000001846009693220975,0.0000000000000000026948237283353505,-0.000000000000000005776959068479833,0.000000000000000003582632409234469,FmTmd
1.8933333333333333,0,0.01607180330568172,-0.00000000000000004499947959767146,-0.0000000000000000027445040806717957,0.000000000000000002382032645030886,0.000000000000000028286434231341386,FmTmd
1.9,0,0.014108456133022598,0.00000000000000004087666288940706,0.000000000000000002366973694738852,-0.0000000000000000056526751038233394,-0.000000000000000004244935918507454,FmTmd
1.9066666666666667,0,0.012326303661687854,0.0000000000000000054085348479728,-0.0000000000000000053039785435682,0.000000000000000004591077167803285,-0.0000000000000000029585359018476677,FmTmd
1.9133333333333333,0,0.010503632876382023,0.00000000000000000943875373648184,0.000000000000000004439034071332616,-0.0000000000000000004999719665149226,0.0000000000000000041171795203354004,FmTmd
1.92,0,0.008023205095713767,0.0000000000000000005651455339957534,0.000000000000000005777173336724084,0.00000000000000000361269767915203,-0.000000000000000011136380554049785,FmTmd
1.9266666666666667,0,0.006004579385534843,0.00000000000000000174031817913698,0.00000000000000000371566610476168,0.000000000000000005019506063324372,0.0000000000000000009317138777705063,FmTmd
1.9333333333333333,0,0.004386115618877309,-0.000000000000000006934434351471701,-0.000000000000000000008919104871054124,0,0.0000000000000000049817555528889114,FmTmd
1.94,0,0.003113055219729241,0.0000000000000000027505240579242875,0.0000000000000000007858640165497965,-0.0000000000000000008401958308422012,0.0000000000000000015925892861317629,FmTmd
1.9466666666666668,0,0.0021295834598892057,-0.00000000000000001024036312405852,0.000000000000000002584982184351903,0.0000000000000000004251293541875479,0.000000000000000003324071200240498,FmTmd
1.9533333333333334,0,0.0013896141230049384,-0.0000000000000000033489394548551898,-0.0000000000000000008742687550454743,-0.0000000000000000005369208234499492,0.000000000000000002593451442643872,FmTmd
1.96,0,0.0008534837878381076,0.0000000000000000007638177630796584,-0.0000000000000000005997261459888994,-0.0000000000000000005108425277797348,0.00000000000000000013332938102376744,FmTmd
1.9666666666666666,0,0.00048283562359432416,0.0000000000000000010881106518158349,0.0000000000000000002625745860412623,0.000000000000000000020411165536534828,-0.00000000000000000018700241335604835,FmTmd
1.9733333333333334,0,0.00024236670858450104,0.0000000000000000003288571696407298,0.00000000000000000026026098943614074,0.00000000000000000004155671094197603,0.0000000000000000001517751871380657,FmTmd
1.98,0,0.00010079017344155494,0.0000000000000000000051177471304609884,0.00000000000000000012472098614880308,-0.000000000000000000016869560051215634,0.00000000000000000007231159175984204,FmTmd
1.9866666666666666,0,0.000029826584958022154,0.00000000000000000008413879161029178,-0.000000000000000000023982767476983294,0.00000000000000000001699043530529857,-0.000000000000000000026175153522711344,FmTmd
1.9933333333333334,0,0.000003927820512790834,0.0000000000000000000020204214445471194,-0.000000000000000000002581079398756539,-0.000000000000000000003549914329588729,-0.0000000000000000000007280214325718745,FmTmd
0,0,0,0,0,0,0,None
0,0,0,0,0,0,0,None
0,0,0,0,0,0,0,None
0,0,0,0,0,0,0,None
0,0,0,0,0,0,0,None
0,0,0,0,0,0,0,None
0,0,0,0,0,0,0,None
