# n,energy,berry,bcd_x,bcd_y,qmd_x,qmd_y
0.00000022222222222222224,-3.0966784747490177,-0.000000024219056213099373,0,0,0,0
0.006666666666666667,-3.0491298698859604,-0.000745505403653181,-0.000000007277207989741708,0.0000000018316346798952287,-0.00000000020898067921089386,0.000000004317817045458284
0.013333333333333334,-3.002280895853098,-0.0015103031807865105,-0.0000000062328062348044495,0.000000004225326103303499,-0.0000000026233618722322467,0.000000006064063060499347
0.02,-2.956214985359535,-0.002269858890904915,-0.000000005227151611074651,0.000000005389769579858716,-0.000000005380649927671294,0.000000011576745182813457
0.02666666666666667,-2.9212917846002435,-0.002718016696089945,-0.000000004855016407326171,0.000000006022240255261151,-0.0000000068146145843606365,0.000000018914434146414465
0.03333333333333333,-2.897524182360725,-0.0028504681752645313,-0.000000003921725588806038,0.0000000069318418652894275,-0.000000008589219696964557,0.00000002444285085794164
0.04,-2.8745647116353332,-0.002946483609300735,-0.0000000030269016232405464,0.000000006940270351750346,-0.000000011891635629434878,0.000000032094428343761936
0.04666666666666667,-2.851808968473065,-0.003018985603617915,0.0000000003706232463609168,0.00000000726550047623659,-0.000000012394429216411686,0.00000004475563923172642
0.05333333333333334,-2.829232559619622,-0.003069779413894409,0.000000005188251657182153,0.000000007001174450841666,-0.00000001495777063891771,0.000000055491285176490066
0.06,-2.8068180105590512,-0.003096996485618759,0.000000008992989234814427,0.0000000065882608184931186,-0.00000002070319756577551,0.00000006643105334002641
0.06666666666666667,-2.7845754277524963,-0.0031011060668049125,0.000000016340418814815897,0.000000006900326402385594,-0.00000002479961730583262,0.00000008638254323383007
0.07333333333333333,-2.7625140518474556,-0.0030809716702297337,-0.000015143254951930299,0.0000062504619606113306,0.000016346727695147764,-0.00011813245087249571
0.08,-2.740619767302395,-0.003037235630010285,-0.000006577477357785802,0.000024601747646369592,0.000045274034252719686,-0.00018916943994345278
0.08666666666666667,-2.7188961887541527,-0.0029690868474265305,0.00002075888656855799,0.00004635173259979444,0.00006977250303873264,-0.00017808944313145995
0.09333333333333334,-2.6973500415546248,-0.0028779578630570794,0.000044568107972967065,0.00006924195109503,0.00009238552412127056,-0.00018437309628643493
0.1,-2.6759942784937514,-0.0027655790175541133,0.00006983006660174028,0.00009541173930742799,0.0001142574166712952,-0.00019520855969118234
0.10666666666666667,-2.6548025773819437,-0.002633323067351375,0.00009828380750748881,0.00012590136150014797,0.00013457165459788048,-0.00020650236972293611
0.11333333333333333,-2.6337432706880857,-0.0024889562714364823,0.00013109812469007054,0.0001618138721212799,0.0001513021546782611,-0.00021525037532566844
0.12,-2.612908446747437,-0.0023272275576926523,0.00016926852994647462,0.000203808485833306,0.00016113445611074315,-0.00021777252842862014
0.12666666666666668,-2.5922468166096664,-0.0021665718556041305,0.0002619588398505708,0.0002699439649104706,0.00001585386864017738,-0.00042894165965997656
0.13333333333333333,-2.571786106365842,-0.002012803214770268,0.0002774386881329535,0.0003261197268976915,0.0000335742760562244,-0.00031036319338920403
0.14,-2.551488704151855,-0.0018834430765917983,0.00032238799787858097,0.00039747950343104095,-0.000025409449653993493,-0.00024249922088832992
0.14666666666666667,-2.5313399352892274,-0.0017990123346195406,0.0003785204822654289,0.00048114380671348476,-0.0001389468004195321,-0.00014788695647052617
0.15333333333333332,-2.511421764873014,-0.0017790789828360668,0.00044412467087158393,0.0005773980419923451,-0.0003261936159058596,-0.000004252489762348608
0.16,-2.4916822334264093,-0.001873357719726332,0.0005190354083962324,0.0006879053215265251,-0.0006209248189335131,0.00021280349377757275
0.16666666666666666,-2.4721437231431285,-0.002141738594273592,0.0006031878124748702,0.0008132423156364327,-0.0010716683199846202,0.000533650268827646
0.17333333333333334,-2.452790196604511,-0.0026633018114580027,0.0006959766082647779,0.0009535710324646784,-0.0017420993647517175,0.000994290408815323
0.18,-2.433678564909002,-0.0035660981630363446,0.0007952244664047554,0.0011088843754142618,-0.002714986128058986,0.0016409539165183448
0.18666666666666668,-2.414806884340703,-0.005015070540951317,0.0008990738595148346,0.0012768787935715563,-0.004100398813252117,0.002526707486090829
0.19333333333333333,-2.396165257940802,-0.007291260659714152,0.0010037212785387732,0.001455475436334304,-0.006034637220470845,0.003718405649462737
0.2,-2.377788868473378,-0.010859530192580662,0.0011048427056869028,0.0016393222302304468,-0.008677047318658487,0.005280977284438689
0.20666666666666667,-2.3597158627747867,-0.016395086888121913,0.0011976085683833722,0.0018213670640451775,-0.01219800166974837,0.007272198024702993
0.21333333333333335,-2.342006952148213,-0.025126918407767974,0.001275271226886994,0.0019932456775949106,-0.01675389534726509,0.009718115273959112
0.22,-2.324788972964889,-0.03927072022632708,0.0013143767777549263,0.002150215458175545,-0.022429905969752507,0.012567643707629755
0.22666666666666666,-2.308311896473677,-0.06293166226894421,0.0012812324358790867,0.0022912344594297417,-0.0291315493766563,0.015705160583173467
0.23333333333333334,-2.2936051013202725,-0.11227592616850922,0.0011293654133731521,0.0024042969513942514,-0.03647267541867752,0.01904007570464774
0.24,-2.2774123044247245,-0.152060797658639,0.00099092968766585,0.0024486126469702367,-0.046327820945923706,0.023476302369151818
0.24666666666666667,-2.2596634854808038,-0.1807128272064088,0.0008036693946963548,0.0024286745818662943,-0.058705317512282314,0.02894681568904371
0.25333333333333335,-2.2404663922104353,-0.19862944711591843,0.0005204943814107318,0.0023352529180973997,-0.07358271757973357,0.03524623952204663
0.26,-2.220210734308736,-0.2087558101559801,0.00013449489496422423,0.002146970251944961,-0.09014343839664682,0.04181787269991687
0.26666666666666666,-2.199066598268626,-0.2120019949466821,-0.0003266046872609703,0.001859905905428445,-0.10699458145439274,0.047831313144377774
0.2733333333333333,-2.177197810356214,-0.2084338257229684,-0.0007983577366443909,0.0015068611988844768,-0.12194454126663005,0.0524559591856095
0.28,-2.1562477267991897,-0.18129797240067927,-0.0010820404272538222,0.0011313449131927853,-0.13168850847586724,0.05506806257981582
0.2866666666666667,-2.138598766288097,-0.1177560153529272,-0.001327779926459786,0.0008589836719797245,-0.1356885355487789,0.05570786329795533
0.29333333333333333,-2.1228057049387514,-0.04112361020078177,-0.0015756737369071717,0.0006829160708683776,-0.1358911108914521,0.055232760733783644
0.3,-2.1075550037258077,0.03329517052247577,-0.0015159069033489371,0.0005917906660565125,-0.1342983895094188,0.05490029780145211
0.30666666666666664,-2.0938481134292797,0.11821066483993614,0.003517291708795052,0.0011164464874233021,-0.1579517248331506,0.0724944563965707
0.31333333333333335,-2.0790406339638525,0.19762838379475806,0.004148847170056531,0.0010152573268631558,-0.16955385746662893,0.08092605885367908
0.32,-2.063043800594455,0.2711554316151345,0.0019925456231780023,0.000610947805979093,-0.1709864559678226,0.08249995739974171
0.32666666666666666,-2.0460369415858484,0.3398683410691191,0.0011421710638999949,0.0006572174054390525,-0.16841174886613494,0.0838024435954103
0.3333333333333333,-2.028294972948627,0.4059401987330419,0.0006324119076947184,0.0010247010422642004,-0.1555445771790793,0.0827791787829131
0.34,-2.0100036918976465,0.4716563980676471,0.0004050156437266534,0.0015931824138011232,-0.1251703901714381,0.07838809935787268
0.3466666666666667,-1.9913713146447318,0.5387304877163255,0.0005757460327951685,0.001761625346276394,-0.07102757165327306,0.06910302165019355
0.35333333333333333,-1.9713916520821428,0.5870373236520056,0.0003884867588666237,0.0016172195442349592,-0.036369442498000615,0.05922107487451554
0.36,-1.9517294424841134,0.6089852863106172,0.00040201313438468177,0.001780338446980514,-0.019409071925289907,0.05575215840935578
0.36666666666666664,-1.9355672048396177,0.5958605767549153,0.00044956461919729793,0.002062318481764142,-0.006167429231054821,0.05367204057129443
0.37333333333333335,-1.9207847218796636,0.5779780770509967,0.0004909181149976846,0.002332175718832176,0.007705640720801461,0.05134387180662825
0.38,-1.9063753108136048,0.5678930022873471,0.0005519434352991041,0.002577405797257198,0.02287118542282614,0.0488403828784622
0.38666666666666666,-1.892665936597302,0.5691493120226413,0.0006191221290009508,0.002796004449412865,0.03861231272499342,0.04559064246950904
0.3933333333333333,-1.8793541300736667,0.5767947559568507,0.0006730989423132101,0.0029928462968734676,0.05528287910032264,0.0423361354971772
0.4,-1.8663920167294912,0.5900599640047479,0.000715463626135499,0.003170551261863423,0.07277096287106086,0.03907743594397488
0.4066666666666667,-1.8543571022915477,0.6176300325756301,-0.0053775337797473954,0.0022042979633782336,0.1350916938742939,0.04335978820327346
0.41333333333333333,-1.8427364485848206,0.6522678765181165,-0.008948646790355444,0.0016118347056255828,0.18955482580678903,0.04536504446384765
0.42,-1.8320453211288876,0.7028542806824071,-0.006162917052497524,0.001975477189475988,0.22268732858067972,0.04151187700937896
0.4266666666666667,-1.8228188551692226,0.7815828945490827,-0.004305786690879784,0.0022181413154336044,0.2530074333570387,0.040412797486235774
0.43333333333333335,-1.8157070568830544,0.900943027213824,-0.003789361391536519,0.002286137763377872,0.27926701824839767,0.04329005019629671
0.44,-1.8085952585968865,1.0203031598785655,-0.0032729360921932545,0.00235413421132214,0.30552660313975666,0.04616730290635765
0.44666666666666666,-1.800320588877125,1.1241007578428628,-0.002912077368376802,0.0021627460739690285,0.3254096988680328,0.06650241512750482
0.4533333333333333,-1.7911776923720582,1.2162790064243878,-0.0026673682582396612,0.0017776953887669645,0.3405319598834901,0.0998719701974044
0.46,-1.7814629695084498,1.3145336386141262,-0.0021262532032833644,0.001054840158764639,0.5195446974488265,0.3369975033110345
0.4666666666666667,-1.7707578481826711,1.4233125163046918,-0.0010717655352212117,-0.000253089712668887,0.9824143673064964,0.9270266833068852
0.47333333333333333,-1.7592561470059145,1.5290922438828074,0.006960734936913793,0.0020000083077699256,-7.307145492352309,-10.825706764252471
0.48,-1.7468967687557735,1.6316427882372593,0.022506457834256362,0.008087263038037206,-25.020441258289566,-35.867885726763554
0.4866666666666667,-1.7343979480954221,1.7180879411757457,0.01180591952185504,0.0030856608036919737,-13.615473213215322,-18.85305931751583
0.49333333333333335,-1.721981877494914,1.7965424845075022,-0.00036638387715700775,-0.0026156983604847667,-0.9718382573716744,-0.17339562058225
0.5,-1.7099092271557448,1.8586017965617494,-0.0023587056888530007,-0.004265099454610026,-0.8812836795417859,-0.0216698695072724
0.5066666666666667,-1.6971881992286717,1.9143995777863396,-0.004292069265527903,-0.0056467754545762505,-0.8181678213012002,0.05409629030793776
0.5133333333333333,-1.683948726824654,1.9652266073639215,-0.006200049090301988,-0.006810328579048387,-0.7760504990181185,0.07109311521974357
0.52,-1.670144606802007,2.01144599479407,-0.00856780857143365,-0.007645615957167361,-0.7357119743182747,0.06817127434256456
0.5266666666666666,-1.6560741345429615,2.0560152881082225,-0.011249325184130746,-0.008430534270979027,-0.698796245936685,0.06238659075153176
0.5333333333333333,-1.6417478802345724,2.0991230890572505,-0.014271651000856329,-0.009156857134743575,-0.6643160201891933,0.054214086999310955
0.54,-1.6271058413766613,2.1408973041106667,-0.017865779208173428,-0.009771741845133056,-0.6295870079097835,0.04447549784911313
0.5466666666666666,-1.6122051842553058,2.1819970857215236,-0.022035670765069633,-0.01027798097129499,-0.5935041588527213,0.0344340593787272
0.5533333333333333,-1.5971147773776215,2.223338906147991,-0.026717078981604032,-0.010562078781936615,-0.5566526946814477,0.024278914538080145
0.56,-1.5818357512598207,2.2653154106951847,-0.03194536750676072,-0.010558772632028658,-0.5186700460819507,0.01409689204647661
0.5666666666666667,-1.5662839464969238,2.3080068625379835,-0.037883202897584886,-0.01023806794538216,-0.4759890766262985,0.004019302373900588
0.5733333333333334,-1.5506504492045297,2.354092582540561,-0.04465463987897087,-0.009358503898219891,-0.43033304132422,-0.005829056533730155
0.58,-1.534915243766552,2.4037274676412865,-0.052815682415362525,-0.008120005781598792,-0.383387426596283,-0.01625053326396392
0.5866666666666667,-1.519077886246708,2.4583956736771038,-0.06652717398890595,-0.006815445585594361,-0.3369198432819055,-0.02932868296569597
0.5933333333333334,-1.5031583230472736,2.520557837892865,-0.09339978663907746,-0.005929782539678971,-0.29350170864250197,-0.04858445674144708
0.6,-1.4872168285570595,2.595820407819004,-0.04221781414691513,0.006493664913714062,-0.21623274059340686,-0.02644405387219751
0.6066666666666667,-1.472283153821789,2.6972050805467127,-0.02955872810686546,0.009777467901676143,-0.16006207445429096,-0.02627403892807328
0.6133333333333333,-1.4578512427433326,2.819576149136645,-0.031823593363580045,0.009557473109040404,-0.11429045680161656,-0.03391919295639542
0.62,-1.443643006426474,2.963780511415384,-0.03336822324018568,0.0095100880718622,-0.07264824856349483,-0.03979899518713811
0.6266666666666667,-1.4297301582571489,3.1558297305449177,-0.03293784537475941,0.00907527431600066,-0.03680245013541205,-0.04607995705789077
0.6333333333333333,-1.4153638433735065,3.187503925607677,-0.03449711777377085,0.009325410163667591,-0.0025642024050671567,-0.05259337378355037
0.64,-1.4005180014190672,3.0119161869834783,-0.03817246585308734,0.010308710707580993,0.02972961790615315,-0.05908347016313804
0.6466666666666666,-1.3863340731771845,2.715835163323698,-0.038441618844347596,0.010415661673096129,0.056348963545204335,-0.06354623253805382
0.6533333333333333,-1.3732165699231522,2.396609785652038,-0.038171180981376736,0.010511873798464286,0.07778291291219566,-0.06706124182404448
0.66,-1.3608338148749302,2.062903690195696,-0.03759091104333425,0.010608438544494576,0.0961273527602069,-0.06994053035970894
0.6666666666666666,-1.350957445577897,1.6894571277459385,-0.036361891571032,0.010757287594437235,0.10711662740761964,-0.07076500892169496
0.6733333333333333,-1.3411136944643653,1.313367340939317,-0.035123593532284864,0.010917499494295798,0.11789088622424962,-0.07156030516948324
0.68,-1.3319131162619802,0.8851578429192937,-0.03370233856734016,0.011301766705479548,0.12442541299632487,-0.07178017777433363
0.6866666666666666,-1.322712538059595,0.45694834489927727,-0.03228108360239548,0.011686033916663289,0.1309599397684,-0.072000050379184
0.6933333333333334,-1.310778101889364,-0.038532876311876796,-0.030492418306555243,0.012723664216581549,0.1348515143086334,-0.0713919943596195
0.7,-1.2978542477325807,-0.5776815511161839,-0.027774386455985327,0.013846120619167901,0.1373978998870432,-0.06985927375216672
0.7066666666666667,-1.283143877936438,-1.2261613758860102,-0.022121732380929654,0.014882495565813154,0.13690214493720015,-0.06567080389305771
0.7133333333333334,-1.266956837251889,-1.6974190299613756,-0.01628282589419748,0.017096741465571,0.1323993539320624,-0.06049935082010643
0.72,-1.2498554457403095,-2.1122041449754927,-0.018134710714145554,0.020305057646068055,0.11736779077119013,-0.04696693616011772
0.7266666666666667,-1.2303706676548105,-2.4188299393055996,-0.02025471878291216,0.02258952996626093,0.11049725594494517,-0.03785020130838849
0.7333333333333333,-1.2064648512530018,-2.4775830819036586,-0.01658793832413179,0.023482515855535468,0.1179917254164145,-0.03937342880406565
0.74,-1.181104391884526,-2.391656070330486,-0.011662674957329722,0.02482270270144344,0.12220761202588955,-0.041307184937145226
0.7466666666666667,-1.15644359328711,-2.2738211641183668,-0.006112517784749695,0.026807477367985916,0.12198481489996982,-0.04267142952999824
0.7533333333333333,-1.1326226830069759,-2.13136647900118,-0.00003824857263451278,0.029219073231379934,0.11701361497602493,-0.042664573783494364
0.76,-1.1098894904767,-1.962254090346819,0.0061347278033022,0.031666472259694364,0.107106153890308,-0.04067613215622187
0.7666666666666667,-1.0886573969972095,-1.7555711193757406,0.01181545928485307,0.03367081039118899,0.09335919772286938,-0.036372723462571206
0.7733333333333333,-1.0698687659101198,-1.4801591043632667,0.01626779916101196,0.03484328590239236,0.0786244755290186,-0.030830453601146036
0.78,-1.0516036366342092,-1.213306139589029,0.01987758176399746,0.035099469645741614,0.06343112012884014,-0.024443945420777394
0.7866666666666666,-1.0314360615993425,-1.0519138787183178,0.022580887929630554,0.03425598512047105,0.047325235305248674,-0.01690932440754289
0.7933333333333333,-1.010035414987003,-0.9516742504021746,0.023268390608219117,0.032357052225381974,0.03270703817952868,-0.009151817869195156
0.8,-0.9878001487515886,-0.8858422758989308,0.022320447052267434,0.02948850816323273,0.021101327657562216,-0.002301395805254869
0.8066666666666666,-0.9648512961331436,-0.8419448538322528,0.020200694243677045,0.025998925700169987,0.012865166315611187,0.0030292333169535737
0.8133333333333334,-0.9412934119652636,-0.8120107416472593,0.017427494106710205,0.022303703335757367,0.007608382394045408,0.006714580531437729
0.82,-0.9171369052062847,-0.7925136710622082,0.014479742247390003,0.01873783685991243,0.00462552660659072,0.008959520902233517
0.8266666666666667,-0.8923892340418794,-0.77997748144806,0.011753027618224573,0.015576199083986633,0.003225934385033828,0.010081259644882339
0.8333333333333334,-0.8671383811821312,-0.7721061239971779,0.009423078364546868,0.012873102986908469,0.0026279181142412865,0.010597729224169811
0.84,-0.8413580370011933,-0.7674306310264329,0.007553672046487372,0.010628916536962352,0.0024756798915280412,0.010794751641143583
0.8466666666666667,-0.8150809896593911,-0.7656978294633608,0.006182538262608187,0.008828787409435716,0.0025614961335478077,0.010883327231522877
0.8533333333333334,-0.7882589939918079,-0.7655890888918359,0.005303314695490498,0.0074273715541755886,0.0027725231574822133,0.011030498987634403
0.86,-0.760957718202416,-0.7669078177551628,0.004823315144957391,0.006305380410630189,0.0030486461325044153,0.011335270904909513
0.8666666666666667,-0.7331748459356036,-0.769210299248329,0.0047545939646426415,0.005417491096636797,0.003384391177353722,0.011898109079792874
0.8733333333333333,-0.7048631267380703,-0.7721490211201866,0.005114887067781405,0.004708327708232226,0.0038127442540483976,0.012828624123744452
0.88,-0.6760869725255526,-0.7758320565822683,0.00590479196359151,0.004129875527863501,0.004374085948610488,0.014205795422695143
0.8866666666666667,-0.6467820681985695,-0.7796971549951347,0.00744565122106019,0.003726712039665489,0.005249261758052687,0.016452050978747645
0.8933333333333333,-0.6170174722041006,-0.783959648087315,0.010173377792947575,0.0035301822247022535,0.006635327612612971,0.02006959191445232
0.9,-0.5867230778170983,-0.7883580479440104,0.017537969375030223,0.004419628346620947,0.01024747260233271,0.028487521493440738
0.9066666666666666,-0.5560535365447352,-0.7931571326812098,0.11371599633254953,0.039686383816870646,0.060848661912912966,0.09890283027080116
0.9133333333333333,-0.524877767963664,-0.7980047059684247,-0.036187482116320405,-0.009359765141393708,-0.002114942593995149,0.026929621213094432
0.92,-0.4932716313520274,-0.8032641925537919,-0.0000032099886286996704,0.0000011938784238042683,0.000000703777787750687,-0.0000007632092294511113
0.9266666666666666,-0.46128555926493275,-0.8094723582975888,-0.000002879119139592642,0.0000007983050857768219,0.0000006768395906436033,-0.0000007174177265078847
0.9333333333333333,-0.42901551784720865,-0.8161222142995657,-0.0000025295792072662004,0.0000006635616321781397,0.0000006591922306789577,-0.0000004525870169448352
0.94,-0.396568181907969,-0.8247253122472745,-0.0000014769622163826121,0.0000004750328745037212,0.0000007025751879182433,0.00000011189651605095273
0.9466666666666667,-0.36409228107539754,-0.8360782873154293,-0.00000029504921173404016,0.00000010599681449746711,0.0000006202994961443262,0.0000007688399153398442
0.9533333333333334,-0.33192179236551567,-0.8518402620607775,0.0000021528572372374864,-0.0000011971026333406445,0.0000006915236877992995,0.000001431424310470657
0.96,-0.30073325467927836,-0.8759545376576993,0.000007299145145411958,-0.0000022999858670072596,0.0000015998976474875477,0.000002022640103853856
0.9666666666666667,-0.27158009569386743,-0.9110646889038237,0.00001523672798747215,-0.000004332443127914845,0.000004306571937811172,0.0000004639279042414852
0.9733333333333334,-0.24934834477329892,-0.941852278353432,0.00001898404632409618,-0.000004707373624250563,0.000008815673942865061,-0.0000030410913666291903
0.98,-0.23650342607828662,-0.9110207892095086,0.0000065182292469763276,-0.0000021519496796224557,0.0000022863498678755595,0.000001003539634717654
0.9866666666666667,-0.1829735527723121,-0.6629961468233595,0.00001025917672468232,-0.000003134916614752127,-0.0000008775392533016104,0.00000485500208651012
0.9933333333333333,-0.11798522085500483,-0.26592695369996866,0.000018759937786893087,-0.00000788887162612055,-0.0000057776695163221086,0.00001001429325565847
1,-0.07060830398450513,0.00000000000017025270082626776,0,0,0,0
1.0066666666666666,0.11798522085500462,0.2659269537003047,-0.000018759937786971685,0.000007888871627398258,0.000005777669516628472,-0.000010014293255708778
1.0133333333333334,0.18297355277231397,0.6629961468237101,-0.000010259176724686847,0.000003134916614716836,0.0000008775392532879855,-0.000004855002086533661
1.02,0.23650342607828678,0.9110207892098492,-0.000006518229247014129,0.0000021519496799249697,-0.0000022863498674186255,-0.0000010035396346780734
1.0266666666666666,0.2493483447732995,0.9418522783537728,-0.00001898404632428907,0.000004707373625418152,-0.000008815673941105206,0.000003041091366805978
1.0333333333333334,0.2715800956938678,0.9110646889041627,-0.000015236727987301986,0.000004332443127185671,-0.0000043065719399297994,-0.00000046392790391682085
1.04,0.3007332546792782,0.8759545376580398,-0.00000729914514538944,0.000002299985867725896,-0.0000015998976467643522,-0.0000020226401039573037
1.0466666666666666,0.3319217923655156,0.851840262061118,-0.000002152857237233938,0.0000011971026338017189,-0.00000069152368788732,-0.0000014314243105397345
1.0533333333333332,0.3640922810753975,0.8360782873157699,0.0000002950492117622019,-0.00000010599681666193392,-0.0000006202994968444288,-0.0000007688399155125501
1.06,0.39656818190796883,0.8247253122476151,0.0000014769622167090762,-0.00000047503287286484264,-0.0000007025751846011424,-0.00000011189651592504623
1.0666666666666667,0.42901551784720815,0.8161222142999063,0.000002529579207255806,-0.000000663561632483209,-0.0000006591922301402023,0.00000045258701703757177
1.0733333333333333,0.4612855592649325,0.8094723582979293,0.000002879119139376662,-0.0000007983050840807022,-0.0000006768395895190628,0.0000007174177259793142
1.08,0.49327163135202706,0.8032641925541323,0.0000032099886288252786,-0.0000011938784311773078,-0.0000007037777835794751,0.0000007632092297190168
1.0866666666666667,0.524877767963664,0.7980047059687649,0.036187482116318746,0.009359765141388572,0.002114942593992744,-0.02692962121309289
1.0933333333333333,0.5560535365447348,0.7931571326815502,-0.11371599633255193,-0.03968638381687091,-0.06084866191291411,-0.09890283027080357
1.1,0.5867230778170995,0.7883580479443506,-0.017537969375029747,-0.004419628346618204,-0.01024747260233286,-0.028487521493440495
1.1066666666666667,0.617017472204101,0.7839596480876553,-0.010173377792947946,-0.003530182224696836,-0.006635327612611703,-0.020069591914453306
1.1133333333333333,0.6467820681985694,0.779697154995475,-0.007445651221060022,-0.003726712039664726,-0.005249261758052997,-0.016452050978747378
1.12,0.6760869725255532,0.7758320565826085,-0.005904791963591911,-0.004129875527862784,-0.004374085948609814,-0.01420579542269583
1.1266666666666667,0.7048631267380696,0.7721490211205269,-0.005114887067780967,-0.004708327708231657,-0.003812744254048472,-0.012828624123745582
1.1333333333333333,0.7331748459356039,0.7692102992486692,-0.004754593964643249,-0.005417491096636413,-0.0033843911773532294,-0.011898109079793552
1.14,0.7609577182024146,0.7669078177555031,-0.004823315144958299,-0.00630538041063029,-0.003048646132504857,-0.011335270904909479
1.1466666666666667,0.7882589939918084,0.7655890888921763,-0.005303314695490926,-0.007427371554174699,-0.0027725231574820012,-0.011030498987635659
1.1533333333333333,0.8150809896593908,0.7656978294637012,-0.006182538262608337,-0.008828787409435589,-0.0025614961335480675,-0.010883327231523465
1.16,0.8413580370011932,0.7674306310267733,-0.007553672046487936,-0.01062891653696176,-0.0024756798915273512,-0.01079475164114458
1.1666666666666667,0.8671383811821316,0.7721061239975187,-0.009423078364548105,-0.012873102986906847,-0.002627918114241475,-0.01059772922417128
1.1733333333333333,0.8923892340418794,0.7799774814484007,-0.011753027618224266,-0.015576199083986423,-0.003225934385033859,-0.01008125964488386
1.18,0.9171369052062843,0.7925136710625483,-0.01447974224739146,-0.018737836859911913,-0.004625526606594425,-0.008959520902233552
1.1866666666666668,0.9412934119652641,0.8120107416476007,-0.017427494106716526,-0.0223037033357568,-0.007608382394043312,-0.006714580531437765
1.1933333333333334,0.9648512961331436,0.8419448538325932,-0.020200694243672053,-0.025998925700173987,-0.012865166315610806,-0.0030292333169532545
1.2,0.9878001487515887,0.8858422758992719,-0.022320447052266622,-0.029488508163231973,-0.02110132765756219,0.00230139580525204
1.2066666666666668,1.0100354149870037,0.9516742504025165,-0.023268390608220547,-0.03235705222538236,-0.03270703817953425,0.009151817869190264
1.2133333333333334,1.0314360615993432,1.0519138787186597,-0.022580887929636546,-0.034255985120473294,-0.047325235305250644,0.016909324407541882
1.22,1.0516036366342096,1.2133061395893705,-0.01987758176400086,-0.0350994696457419,-0.0634311201288403,0.02444394542077791
1.2266666666666666,1.0698687659101196,1.480159104363604,-0.016267799161011287,-0.03484328590239292,-0.07862447552902412,0.03083045360114586
1.2333333333333334,1.0886573969972098,1.7555711193760841,-0.011815459284852677,-0.03367081039118982,-0.0933591977228747,0.03637272346256333
1.24,1.1098894904766998,1.9622540903471573,-0.006134727803302362,-0.0316664722596943,-0.10710615389031737,0.040676132156209056
1.2466666666666666,1.1326226830069757,2.131366479001517,0.00003824857263289754,-0.02921907323137921,-0.11701361497602207,0.0426645737834785
1.2533333333333334,1.1564435932871102,2.273821164118707,0.006112517784748965,-0.026807477367984656,-0.12198481489994945,0.04267142952999536
1.26,1.1811043918845265,2.3916560703308276,0.011662674957331722,-0.024822702701444783,-0.1222076120259066,0.04130718493714775
1.2666666666666666,1.2064648512530018,2.4775830819039975,0.01658793832413197,-0.023482515855534895,-0.11799172541642092,0.03937342880407102
1.2733333333333334,1.2303706676548116,2.4188299393059336,0.020254718782918527,-0.02258952996625683,-0.11049725594492776,0.03785020130839527
1.28,1.2498554457403102,2.112204144975825,0.018134710714149634,-0.020305057646063406,-0.11736779077117626,0.04696693616012328
1.2866666666666666,1.2669568372518893,1.6974190299617096,0.016282825894190472,-0.017096741465566747,-0.13239935393206734,0.06049935082010102
1.2933333333333332,1.283143877936438,1.2261613758863616,0.022121732380926386,-0.014882495565803339,-0.136902144937198,0.06567080389305043
1.3,1.29785424773258,0.5776815511165326,0.027774386456005648,-0.01384612061916329,-0.13739789988703754,0.06985927375215131
1.3066666666666666,1.310778101889364,0.0385328763122173,0.030492418306565447,-0.012723664216580118,-0.13485151430864295,0.07139199435963842
1.3133333333333332,1.3227125380595952,-0.45694834489893643,0.03228108360238903,-0.011686033916665691,-0.130959939768424,0.07200005037923891
1.32,1.3319131162619804,-0.8851578429189639,0.03370233856733798,-0.011301766705493098,-0.12442541299632562,0.07178017777436052
1.3266666666666667,1.341113694464365,-1.313367340938977,0.03512359353228688,-0.010917499494320516,-0.11789088622422746,0.07156030516948214
1.3333333333333333,1.350957445577897,-1.689457127745593,0.036361891571030674,-0.010757287594447097,-0.10711662740761493,0.07076500892168755
1.34,1.3608338148749308,-2.062903690195364,0.03759091104332925,-0.010608438544488254,-0.09612735276022114,0.06994053035969629
1.3466666666666667,1.3732165699231522,-2.396609785651703,0.03817118098137719,-0.010511873798459316,-0.07778291291222209,0.067061241824031
1.3533333333333333,1.3863340731771843,-2.7158351633233604,0.03844161884434931,-0.010415661673093421,-0.056348963545244005,0.06354623253803274
1.36,1.4005180014190681,-3.011916186983152,0.03817246585307904,-0.010308710707578685,-0.02972961790620853,0.05908347016309319
1.3666666666666667,1.4153638433735065,-3.1875039256073414,0.034497117773762305,-0.00932541016366314,0.002564202405073733,0.05259337378351084
1.3733333333333333,1.4297301582571487,-3.155829730544582,0.032937845374755824,-0.00907527431599961,0.03680245013545645,0.04607995705786699
1.38,1.4436430064264738,-2.963780511415052,0.0333682232401892,-0.009510088071867718,0.07264824856354522,0.039798995187134346
1.3866666666666667,1.4578512427433326,-2.8195761491363096,0.03182359336357687,-0.009557473109032707,0.11429045680165614,0.033919192956392986
1.3933333333333333,1.4722831538217893,-2.6972050805463756,0.029558728106821114,-0.009777467901649708,0.16006207445427906,0.02627403892808208
1.4,1.4872168285570597,-2.5958204078186675,0.04221781414686203,-0.006493664913678047,0.2162327405933468,0.026444053872211194
1.4066666666666667,1.503158323047274,-2.5205578378925275,0.09339978663914153,0.00592978253969374,0.2935017086424609,0.04858445674143589
1.4133333333333333,1.5190778862467085,-2.458395673676768,0.06652717398885194,0.006815445585576485,0.33691984328204694,0.029328682965638314
1.42,1.5349152437665519,-2.4037274676409544,0.05281568241530101,0.008120005781609561,0.38338742659638564,0.01625053326386979
1.4266666666666667,1.5506504492045297,-2.3540925825402303,0.044654639878935504,0.009358503898246823,0.43033304132425887,0.005829056533648523
1.4333333333333333,1.5662839464969236,-2.3080068625376544,0.03788320289756801,0.010238067945395054,0.4759890766263304,-0.00401930237391887
1.44,1.5818357512598205,-2.2653154106948565,0.03194536750674232,0.010558772632061706,0.5186700460819988,-0.014096892046440192
1.4466666666666668,1.597114777377622,-2.223338906147662,0.026717078981607145,0.010562078781938714,0.5566526946814095,-0.024278914538101586
1.4533333333333334,1.6122051842553058,-2.1819970857211963,0.022035670765067867,0.010277980971292164,0.5935041588526611,-0.034434059378780905
1.46,1.627105841376661,-2.1408973041103407,0.017865779208155835,0.009771741845143204,0.6295870079097382,-0.044475497849155055
1.4666666666666666,1.641747880234573,-2.0991230890569246,0.01427165100086896,0.009156857134737772,0.6643160201890671,-0.05421408699929351
1.4733333333333334,1.6560741345429617,-2.0560152881078957,0.011249325184147185,0.008430534270975527,0.6987962459366247,-0.062386590751451684
1.48,1.670144606802007,-2.011445994793744,0.008567808571444704,0.007645615957170375,0.735711974318295,-0.06817127434258825
1.4866666666666666,1.683948726824654,-1.9652266073635976,0.006200049090302109,0.006810328579058742,0.7760504990182001,-0.07109311522010153
1.4933333333333334,1.6971881992286717,-1.914399577786013,0.004292069265552994,0.005646775454554013,0.8181678213012535,-0.05409629030845271
1.5,1.7099092271557443,-1.8586017965614219,0.0023587056888810026,0.0042650994545951415,0.8812836795453158,0.02166986950468741
1.5066666666666666,1.7219818774949143,-1.7965424845071722,0.000366383877156816,0.002615698360531761,0.9718382573832876,0.17339562057508073
1.5133333333333334,1.7343979480954224,-1.7180879411744356,-0.011805919271252043,-0.0030856617748098074,13.615473206634231,18.853059303252305
1.52,1.746896768755773,-1.631642788235051,-0.022506457353084847,-0.008087264902310543,25.02044124564761,35.86788569937437
1.5266666666666666,1.7592561470059147,-1.5290922438818664,-0.006960734780086235,-0.002000008912767643,7.307145488292456,10.825706755250724
1.5333333333333334,1.7707578481826716,-1.4233125163043594,0.0010717655356855052,0.00025308971369036133,-0.9824143672536855,-0.927026683413539
1.54,1.7814629695084496,-1.3145336386137978,0.0021262532033991563,-0.0010548401584449618,-0.5195446974348797,-0.3369975033394056
1.5466666666666666,1.7911776923720575,-1.2162790064240634,0.002667368258236984,-0.0017776953887141133,-0.3405319598837396,-0.09987197019713645
1.5533333333333332,1.8003205888771248,-1.1241007578425408,0.002912077368388481,-0.002162746073931878,-0.32540969886823173,-0.06650241512725535
1.56,1.8085952585968865,-1.020303159878242,0.0032729360922114804,-0.0023541342112971724,-0.3055266031399082,-0.04616730290613168
1.5666666666666667,1.8157070568830542,-0.9009430272135014,0.0037893613915508067,-0.0022861377633603603,-0.2792670182485074,-0.043290050196102645
1.5733333333333333,1.822818855169222,-0.7815828945487608,0.004305786690890132,-0.002218141315423548,-0.2530074333571066,-0.04041279748607362
1.58,1.8320453211288874,-0.7028542806820839,0.006162917052503222,-0.0019754771894733387,-0.22268732858067855,-0.041511877009275173
1.5866666666666667,1.8427364485848206,-0.652267876517794,0.00894864679035592,-0.001611834705630316,-0.18955482580670113,-0.045365044463820545
1.5933333333333333,1.8543571022915475,-0.617630032575308,0.005377533779747599,-0.002204297963383231,-0.1350916938742194,-0.043359788203265574
1.6,1.866392016729491,-0.5900599640044253,-0.0007154636261339396,-0.0031705512618657953,-0.07277096287103789,-0.039077435943961666
1.6066666666666667,1.8793541300736667,-0.5767947559565278,-0.0006730989423122031,-0.0029928462968749243,-0.055282879100309976,-0.04233613549715759
1.6133333333333333,1.892665936597302,-0.5691493120223184,-0.0006191221290007011,-0.0027960044494132743,-0.03861231272500414,-0.045590642469500196
1.62,1.906375310813605,-0.5678930022870239,-0.0005519434352998429,-0.0025774057972564038,-0.02287118542287472,-0.048840382878483704
1.6266666666666667,1.9207847218796639,-0.5779780770506736,-0.0004909181149989053,-0.0023321757188321857,-0.007705640720804581,-0.0513438718066357
1.6333333333333333,1.9355672048396175,-0.5958605767545918,-0.00044956461919843537,-0.002062318481764031,0.006167429231066599,-0.0536720405712921
1.64,1.951729442484113,-0.6089852863102945,-0.0004020131343854062,-0.0017803384469800502,0.01940907192529484,-0.055752158409341473
1.6466666666666667,1.9713916520821426,-0.5870373236516824,-0.00038848675887276504,-0.001617219544245528,0.03636944249798518,-0.05922107487455636
1.6533333333333333,1.991371314644732,-0.5387304877159995,-0.0005757460328165307,-0.0017616253463135485,0.07102757165322762,-0.06910302165043773
1.66,2.0100036918976465,-0.47165639806732174,-0.00040501564372972696,-0.0015931824138004274,0.12517039017144999,-0.07838809935787168
1.6666666666666667,2.028294972948627,-0.40594019873271703,-0.000632411907693565,-0.001024701042265606,0.15554457717910053,-0.0827791787829569
1.6733333333333333,2.046036941585848,-0.33986834106879554,-0.0011421710639007514,-0.0006572174054394,0.16841174886614477,-0.08380244359545186
1.68,2.0630438005944547,-0.2711554316148106,-0.001992545623177969,-0.0006109478059790932,0.17098645596781745,-0.08249995739971262
1.6866666666666668,2.0790406339638534,-0.19762838379443098,-0.004148847170056368,-0.0010152573268629795,0.16955385746660878,-0.08092605885365278
1.6933333333333334,2.09384811342928,-0.11821066483960985,-0.0035172917087943904,-0.0011164464874228795,0.15795172483312384,-0.07249445639656227
1.7,2.1075550037258073,-0.03329517052215164,0.0015159069033502046,-0.0005917906660558377,0.1342983895093981,-0.054900297801440776
1.7066666666666668,2.122805704938752,0.041123610201107705,0.0015756737369075245,-0.0006829160708672787,0.135891110891466,-0.0552327607337787
1.7133333333333334,2.138598766288097,0.11775601535325174,0.0013277799264593583,-0.0008589836719800599,0.13568853554878565,-0.05570786329796681
1.72,2.1562477267991897,0.18129797240100357,0.0010820404272532615,-0.0011313449131939554,0.13168850847586927,-0.05506806257983099
1.7266666666666666,2.177197810356214,0.2084338257232927,0.0007983577366440931,-0.0015068611988849562,0.12194454126664128,-0.052455959185614354
1.7333333333333334,2.199066598268626,0.21200199494700656,0.0003266046872605014,-0.00185990590542913,0.10699458145438522,-0.04783131314438743
1.74,2.220210734308736,0.20875581015630454,-0.00013449489496375879,-0.0021469702519449217,0.09014343839664066,-0.041817872699931306
1.7466666666666666,2.2404663922104353,0.19862944711624284,-0.000520494381410156,-0.002335252918096955,0.07358271757973607,-0.035246239522054135
1.7533333333333334,2.2596634854808038,0.18071282720673296,-0.0008036693946958886,-0.0024286745818662405,0.05870531751227953,-0.028946815689055164
1.76,2.277412304424724,0.1520607976589634,-0.0009909296876652242,-0.0024486126469705264,0.04632782094591502,-0.02347630236916849
1.7666666666666666,2.2936051013202725,0.11227592616883361,-0.0011293654133729177,-0.0024042969513943216,0.036472675418678886,-0.019040075704650213
1.7733333333333334,2.308311896473677,0.06293166226926902,-0.001281232435879299,-0.002291234459429785,0.029131549376664546,-0.015705160583172565
1.78,2.3247889729648885,0.039270720226651984,-0.0013143767777549747,-0.0021502154581758246,0.022429905969758208,-0.01256764370763345
1.7866666666666666,2.342006952148213,0.025126918408092693,-0.001275271226887379,-0.0019932456775950146,0.016753895347269433,-0.009718115273962845
1.7933333333333332,2.3597158627747863,0.01639508688844665,-0.0011976085683836858,-0.0018213670640452554,0.012198001669750541,-0.00727219802470388
1.8,2.3777888684733783,0.010859530192905266,-0.0011048427056865992,-0.0016393222302364457,0.008677047318658418,-0.005280977284437423
1.8066666666666666,2.396165257940802,0.007291260660038773,-0.0010037212785388755,-0.0014554754363456234,0.006034637220470859,-0.0037184056494622315
1.8133333333333332,2.414806884340703,0.005015070541275926,-0.0008990738595165492,-0.001276878793570881,0.004100398813251026,-0.00252670748609238
1.82,2.4336785649090014,0.003566098163360895,-0.0007952244664047755,-0.0011088843754146662,0.0027149861280568277,-0.0016409539165170104
1.8266666666666667,2.4527901966045107,0.002663301811782568,-0.0006959766082646602,-0.0009535710324648093,0.0017420993647498705,-0.000994290408815291
1.8333333333333333,2.4721437231431285,0.0021417385945981444,-0.0006031878124749261,-0.0008132423156362099,0.001071668319984855,-0.0005336502688253065
1.84,2.4916822334264097,0.0018733577200508867,-0.0005190354083962957,-0.0006879053215267067,0.0006209248189343206,-0.00021280349377677813
1.8466666666666667,2.511421764873014,0.001779078983160622,-0.00044412467087147513,-0.000577398041992054,0.00032619361590673724,0.000004252489763291066
1.8533333333333333,2.531339935289228,0.0017990123349441,-0.0003785204822655281,-0.0004811438067133606,0.00013894680041843228,0.00014788695647196897
1.86,2.5514887041518555,0.0018834430769163564,-0.00032238799787865627,-0.00039747950343113565,0.000025409449654129144,0.0002424992208884343
1.8666666666666667,2.5717861063658427,0.0020128032150948318,-0.000277438688132986,-0.0003261197268978038,-0.00003357427605606302,0.0003103631933890559
1.8733333333333333,2.592246816609666,0.002166571855928687,-0.0002619588398510857,-0.00026994396491035607,-0.00001585386864021172,0.00042894165966059054
1.88,2.6129084467474364,0.0023272275580172148,-0.000169268529946457,-0.00020380848583332063,-0.00016113445611064966,0.00021777252842837043
1.8866666666666667,2.6337432706880857,0.0024889562717610473,-0.000131098124690045,-0.00016181387212126772,-0.00015130215467814933,0.00021525037532571671
1.8933333333333333,2.6548025773819437,0.002633323067675939,-0.00009828380750745814,-0.00012590136150012797,-0.00013457165459788945,0.00020650236972282284
1.9,2.675994278493751,0.002765579017878672,-0.00006983006660171202,-0.00009541173930741737,-0.00011425741667130309,0.00019520855969102269
1.9066666666666667,2.697350041554625,0.0028779578633816383,-0.000044568107972939005,-0.00006924195109503183,-0.0000923855241214158,0.00018437309628628918
1.9133333333333333,2.7188961887541523,0.0029690868477510843,-0.0000207588865685556,-0.00004635173259979878,-0.00006977250303874177,0.00017808944313145924
1.92,2.7406197673023946,0.0030372356303348383,0.0000065774773577875366,-0.000024601747646370358,-0.0000452740342527251,0.00018916943994345405
1.9266666666666667,2.762514051847456,0.0030809716705542875,0.000015143254951931032,-0.0000062504619606064305,-0.000016346727695151355,0.00011813245087249198
1.9333333333333333,2.7845754277524963,0.0031011060671294654,-0.00000001634041882348142,-0.0000000069003264015129245,0.000000024799617293587338,-0.00000008638254316513884
1.94,2.806818010559051,0.0030969964859433132,-0.000000008992989239492765,-0.000000006588260821572539,0.000000020703197490584966,-0.00000006643105328162183
1.9466666666666668,2.829232559619622,0.0030697794142189637,-0.000000005188251655230129,-0.000000007001174447475725,0.00000001495777061066692,-0.00000005549128516597331
1.9533333333333334,2.851808968473065,0.003018985603942472,-0.0000000003706232396517897,-0.000000007265500484158873,0.000000012394429217615163,-0.00000004475563918961699
1.96,2.874564711635334,0.0029464836096252927,0.000000003026901631462215,-0.000000006940270344975301,0.00000001189163562169228,-0.00000003209442830947695
1.9666666666666666,2.897524182360724,0.0028504681755890902,0.000000003921725608373709,-0.000000006931841846413585,0.000000008589219669170339,-0.000000024442850897433374
1.9733333333333334,2.921291784600244,0.002718016696414497,0.000000004855016407464348,-0.000000006022240253281776,0.000000006814614580946317,-0.00000001891443414562405
1.98,2.9562149853595363,0.0022698588912294553,0.0000000052271516105928565,-0.000000005389769584358175,0.000000005380649938083646,-0.000000011576745182655314
1.9866666666666666,3.0022808958530973,0.001510303181111084,0.000000006232806235464315,-0.000000004225326106833215,0.000000002623361869624063,-0.000000006064063060745436
1.9933333333333334,3.0491298698859617,0.0007455054039777188,0.000000007277207989750865,-0.0000000018316346799052295,0.00000000020898067925448586,-0.0000000043178170455042715
