# n,energy,berry,bcd_x,bcd_y,qmd_x,qmd_y
0.00000016666666666666665,-3.103535054140046,-0.000000005240232144771788,0,0,0,0
0.006688963210702341,-3.0554972884624108,-0.0002126642502579636,0.0000000000000000006118163615881963,0.0000000000000000004153953765447586,0.0000000000000000003525923899914925,-0.0000000000000000005046900868855335
0.013377926421404682,-3.0081807085669805,-0.00041486735298448075,0.0000000000000000015214396913924799,0.0000000000000000003836822343316479,0.0000000000000000009519101568475076,-0.0000000000000000006295746662886071
0.020066889632107024,-2.9615273532267214,-0.0005831080026032313,0.0000000000000000018044832482017423,-0.0000000000000000002698344996639831,-0.0000000000000000005103749323481657,-0.0000000000000000005085704053291343
0.026755852842809364,-2.9162824207012017,-0.0006839950248366028,0.000000000000000003870014693942737,0.000000000000000002140395451401192,0.0000000000000000021772267837833988,-0.0000000000000000003948012199241221
0.033444816053511704,-2.8866011338856534,-0.0006277463207478553,0.000000000000000003549529855601738,-0.0000000000000000015050815383597054,-0.0000000000000000013893124333049683,-0.0000000000000000015529713657828649
0.04013377926421405,-2.8633832339764993,-0.0005021263821957011,0.000000000000000004466499247830282,-0.000000000000000001399699822185063,-0.000000000000000004753055349321109,-0.000000000000000002076129143324177
0.046822742474916385,-2.8403538710438574,-0.0003445215523743731,0.0000000000000000027806347052317747,-0.0000000000000000032707060179379586,0.0000000000000000055875364958953884,0.0000000000000000011105180707799963
0.05351170568561873,-2.817499081107642,-0.00014958335797871322,0.000000000000000007363238024641892,0.0000000000000000011425774679675399,0.000000000000000004148157504814773,0.0000000000000000009051663081842968
0.06020066889632107,-2.7948107664935735,0.00008150782707150246,0.000000000000000004541533582762723,-0.00000000000000000037908256818934117,0.000000000000000010050042330518843,-0.000000000000000002258698117137549
0.06688963210702341,-2.772295785630186,0.00035053114566594763,-0.000016058385948587885,0.000010747154158766883,0.000014668159390152958,-0.000019442582580032367
0.07357859531772576,-2.7499289158685096,0.0006596775075970588,-0.000033031529895202366,0.00002460672212661739,0.00003685675963361162,-0.00004167495000875367
0.0802675585284281,-2.727744851458218,0.00101156717141952,-0.000018891270543172737,0.000020316090629905636,0.00003674228942585171,-0.000028245398813577538
0.08695652173913043,-2.7057343813143464,0.0014086178619064792,-0.000011203111239939477,0.000020115289577576192,0.00004009864387803887,-0.0000228703705614581
0.09364548494983277,-2.6838828732835838,0.001850987011166122,-0.000004643977554716084,0.00002115335819138222,0.0000441445607896775,-0.000019611969222509334
0.10033444816053512,-2.662195750673477,0.0023434356475557807,0.0000019725836873467556,0.00002288483477152618,0.000048125212568855954,-0.000017237954614924524
0.10702341137123746,-2.6406792167226785,0.0028865945443238383,0.000009183175231169862,0.000025120343130865826,0.00005146519691676315,-0.00001531351995169754
0.11371237458193979,-2.619292407389302,0.0034829182961862285,0.000017356577615683502,0.00002779467142468957,0.00005342984565572596,-0.000013637523890145277
0.12040133779264214,-2.598124441449823,0.0041316496058819065,0.00002675877934926163,0.00003086054420391753,0.0000529662062664323,-0.000012149904198738456
0.12709030100334448,-2.5771153515218943,0.004841124601725904,0.000039097702258582166,0.00003369310208350094,0.00004904424174678099,-0.000013223877022157404
0.13377926421404682,-2.5562796152154257,0.005601705805789232,0.00008636428204427925,0.000021172773090115653,0.000054712980931201115,-0.00007292521209995396
0.14046822742474915,-2.535586012537791,0.006420876184841494,0.00009031287506600495,0.00003498571116517462,0.000023583522435077073,-0.0000615132445293364
0.14715719063545152,-2.5150540165120594,0.0072870190995257935,0.00010389888996553536,0.00004544319089723872,-0.000015863665917138682,-0.00006146164904688195
0.15384615384615385,-2.4947098714181255,0.008198258605824033,0.0001221276073115834,0.000055876795177692015,-0.00007358685505824995,-0.00006615906255279335
0.1605351170568562,-2.4745406382337043,0.009149712541505086,0.00014429187422892979,0.00006709000030055102,-0.00015893887257449594,-0.00007554679180788903
0.16722408026755853,-2.454507103140108,0.010111808614859445,0.00017050820697561312,0.00007949843481870565,-0.0002844062367785571,-0.0000913397726510388
0.17391304347826086,-2.4346622726667664,0.011074326579829505,0.0002009132293967551,0.00009334083748695406,-0.0004663137659241356,-0.0001166078800414765
0.1806020066889632,-2.4149837455304337,0.011986408240929272,0.00023585570362680635,0.00010887901020532585,-0.00072767127778119,-0.0001562491354772479
0.18729096989966554,-2.395496260159261,0.012797325868519366,0.00027558395761827025,0.00012636285534919648,-0.0010992627598393047,-0.0002174598433847331
0.1939799331103679,-2.3761940981600675,0.013388291398638511,0.00032042557195785293,0.00014611056228771996,-0.00162950399332358,-0.00031228852067773593
0.20066889632107024,-2.357102614743068,0.013565946266710658,0.0003703578473384123,0.00016841145158589114,-0.002383339037317979,-0.0004583639778169211
0.20735785953177258,-2.3382188617608377,0.013004779912953969,0.00042493043904917057,0.0001935158705560483,-0.0034415356303815862,-0.0006793836377930465
0.2140468227424749,-2.319552176874632,0.011079571381967001,0.00048329321303023845,0.00022172610941994644,-0.0049161383142874255,-0.0010099210637368938
0.22073578595317725,-2.3011743728076497,0.006378921377216121,0.0005437435743815965,0.00025318312012925125,-0.0069474975878110155,-0.0014963978214558578
0.22742474916387959,-2.28316555513907,-0.00439320336017748,0.0006036884838616407,0.00028791606228306324,-0.009703603291620243,-0.002198227706861221
0.23411371237458195,-2.2660566902978565,-0.03688644046894077,0.0006582788827569243,0.0003247301966539984,-0.013259775389617548,-0.003155474361260655
0.2408026755852843,-2.2492940531624863,-0.0877971439232405,0.0007059318076258419,0.00036448388928061933,-0.017876055652868685,-0.004460235212658957
0.24749163879598662,-2.2313711500650486,-0.1377625049874539,0.0007446362563462207,0.0004112082677008157,-0.024473868126112967,-0.0064176567140516285
0.25418060200668896,-2.2114230790327825,-0.16707589055680866,0.0007606936409745766,0.00046813769365399257,-0.0346372049312083,-0.00960039788159518
0.2608695652173913,-2.1903419406920697,-0.18399543072323046,0.0007286956063900321,0.0005320707410823949,-0.04961433144160211,-0.014560170545844228
0.26755852842809363,-2.1698374423373092,-0.16798295277368305,0.0006297995202704302,0.0005943497284831858,-0.06937528789154583,-0.021455950396971773
0.27424749163879597,-2.1523774265824853,-0.0986926998723694,0.00048235967582610186,0.0006436642827027241,-0.0906866098775702,-0.02921126318671016
0.2809364548494983,-2.1351548098301967,-0.04677242423729636,0.0002561433465955576,0.0006815136904791464,-0.11709631245648247,-0.03927118911754551
0.28762541806020064,-2.118209045467956,-0.0022287487138610562,-0.00004375976729427189,0.0006994615265101359,-0.1480456914121367,-0.05157896698836251
0.29431438127090304,-2.1015036343700646,0.03923954256900801,-0.0004012124746431522,0.0006904541409727829,-0.18241810197540562,-0.0657924736377205
0.3010033444816054,-2.0851236809825053,0.08104604799235991,0.0005507728707939662,-0.0002019255502854519,-0.22994589764807244,-0.08351066834838333
0.3076923076923077,-2.0692754079355486,0.1291798569686859,0.0022228970662110563,-0.0016188497292025906,-0.2898342997496341,-0.10491335973769834
0.31438127090301005,-2.0544252269706487,0.19551680056224793,0.000833055245367211,-0.0012292707091870801,-0.3448541800901135,-0.12820995482387496
0.3210702341137124,-2.0389749960862167,0.26611298283669105,-0.0000471440392033702,-0.0010774811756230922,-0.40915023713920395,-0.15585667707801495
0.3277591973244147,-2.0224400228459,0.32846569499361494,-0.0007729803716103891,-0.00094313764488334,-0.48177476950530185,-0.18796962081540025
0.33444816053511706,-2.00476679135611,0.3810486188728176,-0.001377531725133064,-0.0007596735479067967,-0.5615191891984148,-0.22457337484612674
0.3411371237458194,-1.9863610272781733,0.4287675943915888,-0.001799654303281869,-0.0005207317091209956,-0.6441307226881284,-0.2641711304787898
0.34782608695652173,-1.9676201563438016,0.4678112594729434,-0.0019670447408432113,-0.00026472338146343627,-0.7265342279482686,-0.30529788968419236
0.35451505016722407,-1.9498021694444732,0.4806644995516948,-0.0018551304718712053,-0.000046823781890870065,-0.8058532929354381,-0.3455888448923653
0.3612040133779264,-1.9344443908790239,0.4581431891657118,-0.0014986577292500185,0.00010038773693355481,-0.8863967143812145,-0.38460493212252456
0.36789297658862874,-1.9192948435323853,0.44548914789281807,-0.0008754122952746374,0.00020813256276532553,-1.0134087242733647,-0.4308127940927695
0.3745819397993311,-1.9043408199183438,0.4390250355924786,0.0006190141929636002,-0.00006500425779669357,-1.5178041643691444,-0.2548808079573842
0.38127090301003347,-1.8895915996521435,0.4363053369019464,0.0029468213683043662,-0.0007567615469387622,-2.3618386145494346,0.17244287532948055
0.3879598662207358,-1.8752801728494823,0.4248373262527676,0.001591435175601514,-0.00020509191322762104,-0.8101904996383356,-0.20771564774060391
0.39464882943143814,-1.8615631030287394,0.42458506598239304,-0.0015565065741294005,-0.0005118736964006831,-0.19687319175592716,-0.20325766108829962
0.4013377926421405,-1.8481525424207141,0.4341799759421702,-0.004971470780640265,-0.0014752389319810718,-0.1072959743814495,-0.013724539702165335
0.4080267558528428,-1.8346162999977988,0.46727386714744457,-0.0038217216244773346,-0.0036188643057851605,-0.07298851497155928,0.009980311199037518
0.41471571906354515,-1.8212543890131254,0.50736145100684,-0.0032290212263772653,-0.005013277107740488,-0.056201317076996334,0.021545445857026273
0.4214046822742475,-1.8080248773272023,0.5525406345816917,-0.0029544002506092216,-0.0059375775993208936,-0.04986543902623633,0.025718769718579455
0.4280936454849498,-1.7950589986016046,0.6066501969562867,-0.00273641218180873,-0.006469059502193422,-0.048657266375345995,0.025215402699466663
0.43478260869565216,-1.7823747029578618,0.6673477946421117,-0.002545599524224856,-0.006794824899464705,-0.052582440984171745,0.0205940488442369
0.4414715719063545,-1.76991300306868,0.7332533355094478,-0.0023762694469345487,-0.006957968236886965,-0.060565605509049734,0.012717363095422603
0.44816053511705684,-1.758150987306302,0.8126601978815983,-0.0024122691962673273,-0.006951977693408914,-0.08513085147240103,-0.007543392551073048
0.45484949832775917,-1.7466629195733214,0.8980425926876652,-0.0025138121779557546,-0.007059690095178323,-0.11775998201521662,-0.03344815410958196
0.46153846153846156,-1.7360252217720094,1.00242611696731,-0.002809066260688404,-0.0076384065105155816,-0.1764515627503419,-0.07739443736462513
0.4682274247491639,-1.726476468892218,1.128554169503158,-0.002972554716154252,-0.007878778845532581,-0.2262539529033797,-0.11362516077251543
0.47491638795986624,-1.7193579806932895,1.3032108096458592,-0.0028419737988083717,-0.007364048096701483,-0.2562177952234128,-0.13263659951408366
0.4816053511705686,-1.7122394924943607,1.4778674497885602,-0.0027113928814624915,-0.006849317347870386,-0.286181637543446,-0.1516480382556519
0.4882943143812709,-1.7036632249186823,1.6249453633672455,-0.0026003124332358222,-0.006076792030037837,-0.312489581139321,-0.17049578832082923
0.49498327759197325,-1.6934374793478268,1.740817935912929,-0.0025112967742500925,-0.0050125720459025195,-0.33466087374789766,-0.18915832457788667
0.5016722408026756,-1.6823722138819543,1.8419981990069358,-0.0025912512373327933,-0.003849545513012641,-0.353179323847263,-0.20682075768135985
0.5083612040133779,-1.6704399218361323,1.9280047623577259,-0.002845712091413704,-0.0025844750565043348,-0.3679252468550687,-0.22345031947112687
0.5150501672240803,-1.6579999867308381,2.0050094919103985,-0.003433338230875602,-0.001237538182106356,-0.377632888273995,-0.23792600184090457
0.5217391304347826,-1.6453752635556498,2.0779295833671494,-0.004193483040266905,0.00014373636623273857,-0.3840041467005961,-0.25072576425343934
0.5284280936454849,-1.6325105217675548,2.143124431500763,-0.005331194804504745,0.001583202125776009,-0.38154177673295453,-0.2586772770015745
0.5351170568561873,-1.6196503097169914,2.1997859608130645,-0.0068568257416682845,0.002879816006977402,-0.33336972319695707,-0.23777387769890843
0.5418060200668896,-1.6067976803554185,2.249081359962301,-0.008856992403805096,0.004149320246138278,-0.340823562997311,-0.12874699310477933
0.5484949832775919,-1.5940469522125487,2.2540835193375157,-0.01585204829754546,0.006730757448708245,-2.1405427180619654,1.4793678652121516
0.5551839464882943,-1.5809541095354886,2.266378213758996,-0.019910201000729065,0.008732027271182543,-1.8952425677642353,1.6904156371738386
0.5618729096989966,-1.5674581662792046,2.287265425619469,-0.020507912071285064,0.010049707875452158,0.7596262624128038,0.25535225206979195
0.568561872909699,-1.5539182869278478,2.3122861846258247,-0.022302818660315648,0.01292531122086903,0.6294673829139065,0.19786911121967848
0.5752508361204013,-1.5404571145667372,2.3366528748428785,-0.024172646084951944,0.016095645310151473,0.4827821608415667,0.18781997972298922
0.5819397993311036,-1.527087474109286,2.3600848562455616,-0.026072372421310924,0.019529175641974778,0.44594348682154955,0.1680808968843899
0.5886287625418061,-1.5139094298761246,2.3810054534534255,-0.027636333131253233,0.023065011636855804,0.44617554535983933,0.16509438138277305
0.5953177257525084,-1.5008358951974448,2.400862995289535,-0.02923463287730433,0.026660885876690025,0.45409980597300453,0.1664490685852605
0.6020066889632107,-1.4878942111737752,2.419415374754317,-0.030901775189967076,0.030333001964339943,0.47025854186597377,0.1727178232250078
0.6086956521739131,-1.4754808534905532,2.43361903428469,-0.039971945052194154,0.03833159638047903,0.49148370829344484,0.17603181951511196
0.6153846153846154,-1.4633334566566285,2.4452994947980513,-0.04361545133725918,0.04285790849659164,0.5118932238928412,0.18348136722517291
0.6220735785953178,-1.4518275354342915,2.4504999677906265,-0.02336739971268245,0.03234089047356317,0.5263627467678181,0.20754182495267082
0.6287625418060201,-1.4410312512333843,2.4429188299470797,-0.012442064234929068,0.02660459900757412,0.5381402490013129,0.2218711304583446
0.6354515050167224,-1.43106620698276,2.420365832920434,-0.01243697935342874,0.026468256227443296,0.5467644277234736,0.2248017599581192
0.6421404682274248,-1.4221619212531966,2.3723144224035724,-0.01225113418655922,0.026180665559191053,0.5541527658094391,0.22750815119324225
0.6488294314381271,-1.414654602257535,2.2906828570202977,-0.011827236625617268,0.025693888870668022,0.5599135626380018,0.22991923167670358
0.6555183946488294,-1.4071472832618732,2.2090512916370226,-0.011403339064675317,0.025207112182144994,0.5656743594665646,0.23233031216016492
0.6622073578595318,-1.3946934709435448,2.1878554018754985,-0.010072329858300913,0.02394985589951244,0.5719899000097538,0.23501913559087312
0.6688963210702341,-1.3797338818190334,2.0981047550322693,-0.0080197926909506,0.02217589315423652,0.576807951665158,0.23691448495154283
0.6755852842809364,-1.363090444497752,1.8091360758390211,-0.004995759498355748,0.019838486356994835,0.5771358271086214,0.23643764927079905
0.6822742474916388,-1.346014611410966,1.485143921291269,-0.0010223618476696821,0.017186631834501517,0.5699250906474358,0.23191565655057392
0.6889632107023411,-1.3289309008924903,1.1005268979504492,0.003791667076087556,0.01451277141397087,0.5547821747459202,0.22327485030171093
0.6956521739130435,-1.3126581917287248,0.5586344013663946,0.008990018693404484,0.012156273451478489,0.5326881825488704,0.21140345280176448
0.7023411371237458,-1.296280108754946,0.060955093847394365,0.014690718163368598,0.010114694883332599,0.5029492205495443,0.19619057572391244
0.7090301003344481,-1.279175898502592,-0.2868168572511676,0.021035095171373554,0.008447965296834219,0.4640601224877233,0.17716887713672233
0.7157190635451505,-1.261257785215273,-0.5381493252079206,0.028207140298148692,0.007135728346690453,0.41602344836949057,0.1544357793733199
0.7224080267558528,-1.242650178057523,-0.7762663924541819,0.03646060022744007,0.005959593882343461,0.36124061048376044,0.12882561144780905
0.7290969899665551,-1.2235064880515283,-1.0362586950210482,0.024443903225611407,0.01707496319924408,0.2861498798535659,0.11011962951983875
0.7357859531772575,-1.2038374588750227,-1.3598137809756383,0.027271230007526112,0.014857270262143047,0.24845447340768487,0.09260373065159944
0.7424749163879598,-1.1834581227203225,-1.7722611897999343,0.02914445886725696,0.012469231572238861,0.2052721729999669,0.07368019117439453
0.7491638795986622,-1.1584369206247676,-1.57404610856398,0.02937980504388053,0.009885917996877202,0.15271838608828336,0.05241655224537728
0.7558528428093646,-1.1343338751348133,-1.3102727402932217,0.027905542361143874,0.007835970106664559,0.10847644913598993,0.035858031789884746
0.7625418060200669,-1.1117022338063933,-0.96364560572952,0.025500060816389305,0.006307373947371008,0.0751187395425242,0.02427921405698586
0.7692307692307693,-1.0911477052648726,-0.5060832589790117,0.022862681744417218,0.0052218357854236595,0.05202062860396256,0.016843140584921975
0.7759197324414716,-1.0705352921383162,-0.1668013967012078,0.020101052742773406,0.004373712048149743,0.03495633523332288,0.011762545591373264
0.782608695652174,-1.0484894580422108,-0.03602243073812205,0.017260469601306457,0.003674799453920584,0.022109949747255747,0.008265134485985554
0.7892976588628763,-1.0256725475099018,0.029122980443495018,0.01459994082701835,0.003120903705210859,0.013180507980158972,0.006083759521438879
0.7959866220735786,-1.0022960741840072,0.06535426027215513,0.012242177274491995,0.00268340986015826,0.0072546569793854095,0.004821569028518055
0.802675585284281,-0.9783092550859468,0.08625952094894121,0.010250940343703729,0.0023365128071896764,0.003557531037332007,0.004179086019361463
0.8093645484949833,-0.9537907265138126,0.09859047907610798,0.008620611775708067,0.0020525787923266854,0.0012941408565406314,0.0038980492667207954
0.8160535117056856,-0.9287431824847301,0.1063218526320923,0.007300973428269422,0.0018079033444121772,-0.00010737347215632474,0.003818441915893358
0.822742474916388,-0.9032528927217124,0.111329465524316,0.006259830726675401,0.0015878045731947614,-0.0009600470530672815,0.0038636444358032557
0.8294314381270903,-0.8772580428784504,0.1146472267500951,0.005472762532131627,0.0013784528983142598,-0.001466040939369626,0.003996201520195094
0.8361204013377926,-0.8507603033237874,0.11670977933334403,0.004911291696250569,0.001164665528008582,-0.0017747510129087678,0.004199225267826834
0.842809364548495,-0.8237388473866987,0.11838974316047006,0.004523947572006509,0.0009320292078905569,-0.0019969416687248207,0.0044656282480622835
0.8494983277591973,-0.7962402167174952,0.11945422764220741,0.004305637008190155,0.0006634709487034936,-0.002182437626838769,0.004810445500787883
0.8561872909698997,-0.7682128289901429,0.12078410173050531,0.004265203662416374,0.00033178285173306995,-0.002370200842006586,0.005268237940883986
0.862876254180602,-0.7397119242912269,0.1224532378713925,0.004398693960200034,-0.00008624984228890805,-0.002585982219913008,0.005867446693005599
0.8695652173913043,-0.7106417386642961,0.12423664861464866,0.004824223912468888,-0.0006757842712238848,-0.0028660266373052054,0.006741306388157743
0.8762541806020067,-0.6811144339244621,0.12646626976733086,0.005708732052620645,-0.001544944796735237,-0.003243792141801553,0.008062052089125771
0.882943143812709,-0.6509769955059813,0.12941580308711567,0.007991957008297239,-0.003236867261499872,-0.003876238992023754,0.01069449914458087
0.8896321070234113,-0.6203631770771756,0.13317727365257742,0.018301376992374566,-0.009567028174027284,-0.005804087987193725,0.020403517226584643
0.8963210702341137,-0.5891235901263138,0.13773477260162592,-0.004010307622600019,0.003053190433691036,-0.0025628702886040374,0.0024859558091531197
0.903010033444816,-0.5573685386851555,0.1432456984112863,-0.004946136601397472,0.0034008410858315675,-0.003039760379164,0.002909060803395474
0.9096989966555183,-0.5250313173487046,0.15025538540114797,-0.006386862370133559,0.004014435381644666,-0.003864590709941013,0.0036132511279772777
0.9163879598662207,-0.49213181674685536,0.1583937182599744,-0.00920411578678729,0.005426115239157459,-0.005647098118647938,0.005083351981746333
0.9230769230769231,-0.458651833010832,0.16817275789883682,-0.04211249870302333,0.024298457959464954,-0.027367677967026896,0.023132983678755895
0.9297658862876255,-0.4245550940677484,0.18033366894783476,0.00000000000000022927825720576984,0.0000000000000002669882626114802,-0.00000000000000010000355865147492,0.0000000000000005749007192022243
0.9364548494983278,-0.38993606388231233,0.19493811999426583,0.0000000000000002033984647604968,-0.0000000000000030392130799029517,-0.000000000000002655407974449931,0.0000000000000004688517042341778
0.9431438127090301,-0.35480255801216815,0.2129590018767262,0.00000000000000006395754799716017,-0.0000000000000032191376303266512,-0.0000000000000006210774720854164,0.0000000000000006944346797275328
0.9498327759197325,-0.31917486652932164,0.2353965176230458,-0.00000000000000016294480417742512,0.000000000000002676767140553826,0.0000000000000009576794362465843,0.00000000000000008377408693631523
0.9565217391304348,-0.2832258812041252,0.2641079861850469,0.000000000000000040405537954280395,0.0000000000000017964555771946296,0.000000000000000487812320837384,0.0000000000000000719196757813914
0.9632107023411371,-0.24721054342797016,0.3015369979309729,-0.00000000000000006881229268147829,-0.00000000000000423974354784832,-0.0000000000000005188318325472651,0.00000000000000041721232739679757
0.9698996655518395,-0.21176283571791957,0.3518073412170195,0.00000000000000021071373763361365,0.0000000000000013670616227454315,0.0000000000000010721461311072775,0.0000000000000004422877011195457
0.9765886287625418,-0.17854197694097323,0.4234893652676058,0.000000000000000179336405847293,0.00000000000000029692677990286367,0.0000000000000006804298393350016,0.0000000000000002678993427777086
0.9832775919732442,-0.15304969470656632,0.5069334698108893,0.0000000000000003631622356549487,-0.0000000000000010601706051092844,-0.00000000000000006556656828528512,0.0000000000000002312994814059733
0.9899665551839465,-0.10325975231760276,0.31993509674594256,0.0000000000000007348314366398187,0.00000000000000006139493644139061,0.00000000000000006703732549594365,0.00000000000000028974877999815007
0.9966555183946488,-0.05546443978639962,0.046295069540215686,0.0000000000000005120533491323637,0.0000000000000001916503348735495,0.00000000000000022503880074639196,-0.00000000000000027971450660665973
1.0033444816053512,0.05546443978639948,-0.046295069540962595,-0.0000000000000005092359363355334,-0.000000000000000178387081495573,-0.00000000000000023429594247543213,0.0000000000000002757294873243328
1.0100334448160535,0.10325975231760338,-0.31993509674669346,-0.0000000000000007279810807506519,-0.00000000000000003573792007997836,-0.00000000000000012795722900361776,-0.0000000000000002875935979023535
1.0167224080267558,0.153049694706566,-0.5069334698116384,-0.00000000000000037350433100313507,0.000000000000001242167815074051,0.00000000000000003485059250525402,-0.00000000000000024261470280347203
1.0234113712374582,0.17854197694097343,-0.4234893652683534,-0.00000000000000018307850789718943,-0.0000000000000002604219120739909,-0.0000000000000007074655926929118,-0.00000000000000025249261908746405
1.0301003344481605,0.211762835717919,-0.3518073412177687,-0.00000000000000020398240139400343,-0.0000000000000012444222496539342,-0.0000000000000008372587885709926,-0.0000000000000004158676406072196
1.0367892976588629,0.24721054342797,-0.3015369979317212,0.0000000000000000414786190120182,0.0000000000000040776895413842405,0.0000000000000003440934012528194,-0.0000000000000004201741177956798
1.0434782608695652,0.2832258812041255,-0.2641079861857947,-0.00000000000000015308860090800552,0.0000000000000019429042681918118,-0.000000000000002126594280839164,-0.00000000000000014314398973018622
1.0501672240802675,0.3191748665293224,-0.23539651762379346,-0.000000000000000017781660958963878,-0.0000000000000002586769382647353,0.000000000000001473340635796051,-0.00000000000000036118823758414905
1.0568561872909699,0.3548025580121681,-0.21295900187747416,-0.00000000000000002258816749053457,0.000000000000002791162459325784,0.0000000000000006705589718059624,-0.0000000000000007867768847823684
1.0635451505016722,0.38993606388231233,-0.19493811999501365,-0.0000000000000002310014849048911,0.000000000000009224312969695013,-0.00000000000000020488586904357638,-0.0000000000000004586483381142757
1.0702341137123745,0.42455509406774833,-0.18033366894858283,-0.00000000000000024682460496573853,0.000000000000004449259531718628,0.000000000000001457155185369844,-0.00000000000000035489747008766036
1.0769230769230769,0.45865183301083245,-0.1681727578995846,0.04211249870302271,-0.024298457959464406,0.0273676779670257,-0.02313298367875523
1.0836120401337792,0.4921318167468549,-0.15839371826072235,0.009204115786787556,-0.005426115239156901,0.005647098118650158,-0.005083351981748234
1.0903010033444815,0.5250313173487045,-0.150255385401896,0.006386862370133569,-0.004014435381648114,0.003864590709940043,-0.003613251127977544
1.0969899665551839,0.5573685386851549,-0.1432456984120343,0.004946136601397488,-0.0034008410858313116,0.003039760379163626,-0.0029090608033954532
1.1036789297658862,0.5891235901263127,-0.13773477260237396,0.004010307622599856,-0.003053190433692173,0.0025628702886032998,-0.0024859558091527055
1.1103678929765886,0.6203631770771753,-0.13317727365332532,-0.018301376992374385,0.009567028174024632,0.005804087987191392,-0.02040351722658601
1.117056856187291,0.6509769955059808,-0.12941580308786366,-0.007991957008297234,0.003236867261499834,0.0038762389920240095,-0.010694499144581239
1.1237458193979932,0.6811144339244617,-0.12646626976807882,-0.00570873205262073,0.0015449447967354505,0.0032437921418013607,-0.008062052089125681
1.1304347826086956,0.7106417386642957,-0.1242366486153966,-0.004824223912469085,0.000675784271224447,0.002866026637304611,-0.006741306388156742
1.137123745819398,0.7397119242912268,-0.12245323787214049,-0.00439869396020045,0.00008624984228909644,0.0025859822199124994,-0.005867446693004851
1.1438127090301002,0.7682128289901422,-0.12078410173125326,-0.0042652036624162976,-0.00033178285173326506,0.0023702008420066886,-0.005268237940883775
1.1505016722408026,0.7962402167174948,-0.11945422764295534,-0.0043056370081902065,-0.0006634709487038262,0.0021824376268392088,-0.004810445500787999
1.157190635451505,0.8237388473866981,-0.11838974316121799,-0.0045239475720066265,-0.0009320292078941465,0.00199694166872056,-0.00446562824806354
1.1638795986622072,0.8507603033237873,-0.11670977933409199,-0.004911291696250332,-0.0011646655280080247,0.0017747510129068644,-0.004199225267826193
1.1705685618729098,0.8772580428784509,-0.11464722675084302,-0.0054727625321313745,-0.0013784528983140092,0.0014660409393695974,-0.003996201520194908
1.1772575250836121,0.9032528927217127,-0.11132946552506388,-0.006259830726675478,-0.0015878045731949812,0.0009600470530673826,-0.0038636444358030476
1.1839464882943145,0.9287431824847305,-0.10632185263284018,-0.007300973428269138,-0.0018079033444124285,0.00010737347215699342,-0.0038184419158932823
1.1906354515050168,0.9537907265138134,-0.09859047907685566,-0.00862061177570864,-0.0020525787923269725,-0.0012941408565396333,-0.0038980492667198144
1.1973244147157192,0.9783092550859469,-0.08625952094968913,-0.010250940343703841,-0.002336512807188737,-0.0035575310373311972,-0.004179086019360367
1.2040133779264215,1.0022960741840072,-0.06535426027290309,-0.01224217727449327,-0.0026834098601569334,-0.0072546569793883395,-0.004821569028517689
1.2107023411371238,1.0256725475099018,-0.02912298044424272,-0.014599940827016792,-0.0031209037052111173,-0.01318050798016123,-0.006083759521440246
1.2173913043478262,1.048489458042211,0.036022430737375113,-0.017260469601306765,-0.0036747994539196526,-0.02210994974725794,-0.008265134485985162
1.2240802675585285,1.0705352921383162,0.16680139670045993,-0.02010105274277271,-0.004373712048146338,-0.03495633523332332,-0.011762545591371007
1.2307692307692308,1.0911477052648728,0.5060832589782676,-0.02286268174441667,-0.005221835785418871,-0.052020628603962824,-0.016843140584918707
1.2374581939799332,1.1117022338063935,0.9636456057287747,-0.025500060816393947,-0.006307373947369802,-0.0751187395425252,-0.02427921405698301
1.2441471571906355,1.1343338751348135,1.3102727402924788,-0.02790554236113816,-0.007835970106656882,-0.10847644913602325,-0.03585803178984578
1.2508361204013378,1.1584369206247673,1.574046108563228,-0.029379805043874507,-0.009885917996873753,-0.15271838608829358,-0.0524165522453711
1.2575250836120402,1.1834581227203225,1.7722611897991911,-0.029144458867258666,-0.012469231572229992,-0.20527217299996375,-0.07368019117442885
1.2642140468227425,1.203837458875023,1.3598137809748838,-0.027271230007519846,-0.014857270262143701,-0.24845447340768526,-0.09260373065160614
1.2709030100334449,1.2235064880515285,1.036258695020294,-0.024443903225618454,-0.017074963199253827,-0.2861498798535631,-0.11011962951983566
1.2775919732441472,1.2426501780575228,0.7762663924534314,-0.036460600227445975,-0.005959593882345845,-0.3612406104838128,-0.1288256114477768
1.2842809364548495,1.2612577852152733,0.5381493252071657,-0.028207140298139723,-0.007135728346688672,-0.41602344836949845,-0.1544357793733266
1.2909698996655519,1.2791758985025925,0.2868168572504127,-0.021035095171390576,-0.008447965296830352,-0.46406012248772266,-0.1771688771367328
1.2976588628762542,1.2962801087549458,-0.06095509384814321,-0.014690718163357704,-0.01011469488331825,-0.5029492205495057,-0.19619057572389073
1.3043478260869565,1.3126581917287246,-0.5586344013671393,-0.008990018693381353,-0.012156273451473751,-0.5326881825488133,-0.21140345280176645
1.3110367892976589,1.3289309008924903,-1.1005268979511982,-0.0037916670760763825,-0.014512771413971412,-0.554782174745868,-0.22327485030176383
1.3177257525083612,1.346014611410966,-1.4851439212920146,0.0010223618476918198,-0.017186631834455072,-0.5699250906473955,-0.231915656550598
1.3244147157190636,1.3630904444977523,-1.8091360758397754,0.004995759498403896,-0.0198384863570438,-0.577135827108764,-0.236437649270808
1.3311036789297659,1.3797338818190337,-2.098104755033015,0.008019792690982701,-0.02217589315427717,-0.5768079516652813,-0.23691448495154113
1.3377926421404682,1.3946934709435448,-2.1878554018762406,0.010072329858326328,-0.023949855899551814,-0.5719899000099485,-0.23501913559104123
1.3444816053511706,1.4071472832618732,-2.209051291637764,0.01140333906469637,-0.02520711218218995,-0.5656743594668198,-0.23233031216049976
1.351170568561873,1.414654602257535,-2.29068285702104,0.011827236625622503,-0.02569388887071429,-0.5599135626381406,-0.22991923167696252
1.3578595317725752,1.4221619212531966,-2.3723144224043162,0.012251134186548636,-0.026180665559238633,-0.5541527658094614,-0.2275081511934253
1.3645484949832776,1.43106620698276,-2.42036583292118,0.01243697935338082,-0.02646825622748413,-0.5467644277234606,-0.2248017599582283
1.37123745819398,1.4410312512333843,-2.4429188299478275,0.012442064234827462,-0.026604599007602096,-0.5381402490013261,-0.22187113045838117
1.3779264214046822,1.4518275354342915,-2.4504999677913735,0.02336739971260559,-0.03234089047354158,-0.5263627467679182,-0.20754182495244358
1.3846153846153846,1.4633334566566283,-2.445299494798795,0.0436154513372734,-0.042857908496488836,-0.51189322389308,-0.18348136722451922
1.391304347826087,1.475480853490553,-2.4336190342854347,0.03997194505238613,-0.03833159638045369,-0.49148370829382576,-0.17603181951503705
1.3979933110367893,1.4878942111737752,-2.4194153747550615,0.030901775190305236,-0.030333001964419272,-0.4702585418664289,-0.17271782322561108
1.4046822742474916,1.5008358951974448,-2.4008629952902796,0.0292346328774588,-0.02666088587677579,-0.4540998059731179,-0.16644906858544573
1.411371237458194,1.5139094298761246,-2.381005453454172,0.027636333131336958,-0.02306501163691745,-0.44617554535996456,-0.16509438138296637
1.4180602006688963,1.5270874741092857,-2.360084856246311,0.026072372421423105,-0.01952917564200329,-0.44594348682184815,-0.16808089688486136
1.4247491638795986,1.5404571145667372,-2.3366528748436317,0.024172646085464378,-0.016095645310428917,-0.4827821608400204,-0.18781997972291448
1.431438127090301,1.5539182869278478,-2.3122861846266125,0.02230281865898741,-0.012925311215073712,-0.6294673828857416,-0.19786911126530976
1.4381270903010033,1.5674581662792046,-2.287265425621636,0.020507912147116055,-0.01004970778914703,-0.759626262262251,-0.2553522522143196
1.4448160535117056,1.5809541095354884,-2.266378213794985,0.019910203147161083,-0.008732025408639574,1.895242569858607,-1.6904156377254218
1.451505016722408,1.5940469522125484,-2.2540835193717537,0.015852050338243683,-0.0067307556843102636,2.1405427200298774,-1.4793678656985951
1.4581939799331103,1.6067976803554185,-2.249081359964598,0.008856992491697172,-0.004149320170688204,0.340823563081428,0.12874699308441828
1.4648829431438126,1.6196503097169914,-2.1997859608139327,0.006856825741875695,-0.0028798160070317765,0.3333697231968462,0.23777387769910283
1.471571906354515,1.6325105217675548,-2.143124431501631,0.0053311948045174605,-0.0015832021257764252,0.3815417767329225,0.2586772770015722
1.4782608695652173,1.6453752635556498,-2.0779295833680167,0.004193483040260676,-0.00014373636622994242,0.38400414670063826,0.2507257642534353
1.4849498327759196,1.6579999867308381,-2.005009491911265,0.0034333382308570325,0.0012375381821045544,0.37763288827404234,0.237926001840902
1.491638795986622,1.670439921836132,-1.928004762358591,0.0028457120913891604,0.002584475056493598,0.3679252468551039,0.22345031947112687
1.4983277591973243,1.6823722138819543,-1.8419981990077983,0.0025912512373213324,0.0038495455129830443,0.35317932384728057,0.2068207576813633
1.5050167224080269,1.6934374793478273,-1.7408179359137863,0.0025112967742680773,0.005012572045860413,0.3346608737479033,0.18915832457789075
1.5117056856187292,1.7036632249186827,-1.6249453633681015,0.0026003124332990967,0.006076792029989297,0.31248958113932174,0.17049578832083254
1.5183946488294315,1.712239492494361,-1.477867449789414,0.002711392881531881,0.0068493173478341145,0.2861816375434445,0.15164803825565515
1.5250836120401339,1.7193579806932895,-1.3032108096467139,0.002841973798849251,0.0073640480966940544,0.2562177952234122,0.1326365995140876
1.5317725752508362,1.7264764688922183,-1.1285541695040138,0.0029725547161666213,0.007878778845553994,0.22625395290337985,0.11362516077252002
1.5384615384615385,1.7360252217720094,-1.0024261169681268,0.0028090662606661755,0.0076384065104846775,0.176451562750241,0.07739443736452575
1.5451505016722409,1.7466629195733214,-0.8980425926884237,0.002513812177896214,0.007059690095058766,0.11775998201497016,0.0334481541093327
1.5518394648829432,1.7581509873063021,-0.8126601978823415,0.0024122691961904396,0.006951977693400458,0.08513085147224066,0.00754339255094328
1.5585284280936456,1.76991300306868,-0.7332533355101875,0.002376269446845806,0.006957968237030501,0.06056560550902676,-0.012717363095377885
1.565217391304348,1.782374702957862,-0.6673477946428539,0.0025455995241269193,0.006794824899581332,0.05258244098413465,-0.020594048844262726
1.5719063545150502,1.7950589986016046,-0.6066501969570299,0.0027364121817085836,0.006469059502228131,0.04865726637533336,-0.02521540269949733
1.5785953177257526,1.8080248773272023,-0.5525406345824339,0.0029544002505157018,0.005937577599204097,0.04986543902629694,-0.025718769718531855
1.585284280936455,1.8212543890131254,-0.5073614510075843,0.003229021226333061,0.005013277107708421,0.05620131707704429,-0.021545445856999412
1.5919732441471572,1.8346162999977988,-0.46727386714819075,0.0038217216244738274,0.003618864305882463,0.07298851497157904,-0.00998031119903594
1.5986622073578596,1.848152542420714,-0.43417997594291696,0.004971470780651761,0.0014752389322312074,0.10729597438143379,0.013724539702157208
1.605351170568562,1.8615631030287394,-0.42458506598314083,0.0015565065739921074,0.0005118736966637077,0.19687319175595902,0.2032576610883079
1.6120401337792643,1.8752801728494823,-0.42483732625351694,-0.0015914351758070655,0.00020509191344732268,0.8101904996383748,0.20771564774063067
1.6187290969899666,1.8895915996521435,-0.4363053369026971,-0.002946821368384412,0.000756761547052729,2.3618386145493813,-0.17244287532944558
1.625418060200669,1.904340819918344,-0.43902503559323036,-0.0006190141930679715,0.00006500425790007512,1.5178041643691191,0.25488080795742163
1.6321070234113713,1.9192948435323853,-0.44548914789357147,0.0008754122952467301,-0.00020813256284384947,1.0134087242733743,0.4308127940928228
1.6387959866220736,1.9344443908790239,-0.4581431891664654,0.001498657729267654,-0.00010038773721744089,0.8863967143812443,0.3846049321225854
1.645484949832776,1.949802169444473,-0.4806644995524435,0.0018551304715632053,0.000046823781758278455,0.8058532929354616,0.34558884489235875
1.6521739130434783,1.9676201563438016,-0.4678112594736881,0.0019670447406194757,0.0002647233813316248,0.7265342279483288,0.30529788968420735
1.6588628762541806,1.9863610272781733,-0.42876759439233425,0.0017996543032433511,0.0005207317090664475,0.6441307226881754,0.26417113047882385
1.665551839464883,2.00476679135611,-0.38104861887356145,0.0013775317253407473,0.0007596735479832486,0.5615191891984385,0.2245733748461281
1.6722408026755853,2.0224400228459,-0.3284656949943564,0.0007729803717225156,0.0009431376449333049,0.4817747695053129,0.18796962081539276
1.6789297658862876,2.0389749960862167,-0.2661129828374327,0.000047144039182125475,0.0010774811756044014,0.40915023713920645,0.15585667707801748
1.68561872909699,2.054425226970648,-0.1955168005629914,-0.00083305524531714,0.0012292707091777488,0.34485418009010704,0.12820995482387798
1.6923076923076923,2.069275407935549,-0.12917985696942605,-0.002222897066200291,0.0016188497292130533,0.2898342997496288,0.10491335973769922
1.6989966555183946,2.085123680982505,-0.08104604799310154,-0.0005507728707380296,0.00020192555029185542,0.2299458976480751,0.0835106683483879
1.705685618729097,2.101503634370064,-0.03923954256975004,0.00040121247469357435,-0.0006904541409108423,0.18241810197541047,0.0657924736377192
1.7123745819397993,2.118209045467956,0.0022287487131193787,0.000043759767313211016,-0.0006994615264354453,0.14804569141213994,0.05157896698835215
1.7190635451505016,2.1351548098301962,0.046772424236554394,-0.0002561433465456753,-0.0006815136905760628,0.11709631245648644,0.03927118911754004
1.725752508361204,2.152377426582485,0.09869269987162636,-0.0004823596758752388,-0.0006436642827551171,0.09068660987757349,0.029211263186717837
1.7324414715719063,2.1698374423373084,0.16798295277293895,-0.000629799520268535,-0.0005943497284759987,0.06937528789154113,0.02145595039696397
1.7391304347826086,2.1903419406920697,0.18399543072248992,-0.0007286956063854522,-0.0005320707410547854,0.049614331441600226,0.014560170545844308
1.745819397993311,2.211423079032782,0.16707589055606825,-0.0007606936409740228,-0.00046813769365012744,0.034637204931212695,0.009600397881596782
1.7525083612040133,2.231371150065048,0.13776250498671339,-0.0007446362563465301,-0.0004112082677008148,0.024473868126113043,0.006417656714050035
1.7591973244147157,2.2492940531624863,0.0877971439224993,-0.000705931807625048,-0.0003644838892808374,0.0178760556528655,0.004460235212665071
1.765886287625418,2.266056690297856,0.03688644046820084,-0.0006582788827565183,-0.0003247301966538119,0.01325977538961405,0.0031554743612635843
1.7725752508361203,2.2831655551390697,0.004393203359437031,-0.0006036884838619158,-0.0002879160622825415,0.009703603291618252,0.0021982277068608737
1.7792642140468227,2.3011743728076492,-0.006378921377956929,-0.0005437435743818105,-0.00025318312012886197,0.006947497587811471,0.001496397821456261
1.785953177257525,2.3195521768746317,-0.011079571382707867,-0.00048329321303003175,-0.00022172610941991838,0.00491613831428903,0.0010099210637361205
1.7926421404682273,2.3382188617608377,-0.01300477991369487,-0.0004249304390490455,-0.00019351587055625155,0.00344153563038091,0.0006793836377931646
1.7993311036789297,2.357102614743068,-0.01356594626745158,-0.0003703578473382217,-0.000168411451585894,0.0023833390373181143,0.00045836397781632865
1.806020066889632,2.376194098160067,-0.01338829139937944,-0.00032042557195777,-0.00014611056228792607,0.0016295039933235907,0.0003122885206771714
1.8127090301003344,2.3954962601592604,-0.012797325869260284,-0.0002755839576182738,-0.00012636285534918247,0.001099262759839931,0.0002174598433844115
1.8193979933110367,2.4149837455304333,-0.011986408241670196,-0.00023585570362676773,-0.00010887901020529588,0.0007276712777814982,0.0001562491354773801
1.826086956521739,2.434662272666766,-0.011074326580570422,-0.0002009132293966538,-0.00009334083748696561,0.00046631376592404613,0.00011660788004146088
1.8327759197324414,2.4545071031401076,-0.010111808615600354,-0.00017050820697555376,-0.0000794984348187776,0.0002844062367782923,0.00009133977265145257
1.839464882943144,2.4745406382337043,-0.009149712542245968,-0.00014429187422891886,-0.00006709000030059737,0.00015893887257482074,0.00007554679180797201
1.8461538461538463,2.494709871418126,-0.008198258606564904,-0.0001221276073115865,-0.000055876795177727204,0.00007358685505822031,0.00006615906255275216
1.8528428093645486,2.515054016512059,-0.0072870191002666835,-0.00010389888996550534,-0.00004544319089728182,0.00001586366591734398,0.00006146164904682757
1.859531772575251,2.535586012537792,-0.0064208761855823445,-0.00009031287506604336,-0.00003498571116519643,-0.00002358352243510186,0.00006151324452934357
1.8662207357859533,2.556279615215426,-0.005601705806530117,-0.0000863642820442729,-0.000021172773090137487,-0.000054712980931189426,0.00007292521210000496
1.8729096989966556,2.5771153515218943,-0.004841124602466796,-0.000039097702258558056,-0.00003369310208348988,-0.000049044241746796606,0.000013223877022139013
1.879598662207358,2.5981244414498232,-0.004131649606622787,-0.00002675877934924555,-0.00003086054420388558,-0.00005296620626645893,0.000012149904198626876
1.8862876254180603,2.6192924073893025,-0.003482918296927108,-0.000017356577615685765,-0.0000277946714246942,-0.00005342984565570059,0.00001363752389016016
1.8929765886287626,2.640679216722679,-0.002886594545064735,-0.000009183175231148089,-0.000025120343130858572,-0.00005146519691676749,0.000015313519951695876
1.899665551839465,2.6621957506734772,-0.002343435648296668,-0.000001972583687348492,-0.000022884834771530746,-0.00004812521256886241,0.000017237954614943247
1.9063545150501673,2.683882873283584,-0.0018509870119070107,0.000004643977554712801,-0.000021153358191382254,-0.00004414456078968647,0.00001961196922250221
1.9130434782608696,2.7057343813143464,-0.0014086178626473707,0.000011203111239941176,-0.00002011528957757545,-0.0000400986438780397,0.000022870370561460507
1.919732441471572,2.7277448514582185,-0.0010115671721604123,0.000018891270543179584,-0.00002031609062989648,-0.000036742289425857116,0.000028245398813554153
1.9264214046822743,2.74992891586851,-0.0006596775083379525,0.000033031529895205395,-0.000024606722126599695,-0.000036856759633630976,0.00004167495000871994
1.9331103678929766,2.772295785630186,-0.0003505311464068455,0.000016058385948573584,-0.000010747154158773946,-0.000014668159390166582,0.00001944258258004819
1.939799331103679,2.794810766493574,-0.0000815078278123941,-0.000000000000000005151168473239442,-0.000000000000000011226079757857837,-0.0000000000000000016213490773721077,0.00000000000000001698288419085427
1.9464882943143813,2.8174990811076426,0.0001495833572378194,-0.0000000000000000025547037583047186,-0.0000000000000000063524174806109346,0.000000000000000007145168126471377,0.000000000000000002882938465895795
1.9531772575250836,2.840353871043858,0.00034452155163347894,0.0000000000000000029950421118545177,-0.000000000000000011550033506610552,0.000000000000000018746836850785433,0.000000000000000019457401850647697
1.959866220735786,2.8633832339764993,0.0005021263814548045,-0.0000000000000000044814549838614975,0.0000000000000000034624405098394097,-0.0000000000000000004738610275362985,-0.0000000000000000009411848869310612
1.9665551839464883,2.886601133885654,0.0006277463200069605,-0.000000000000000003502719589290644,0.0000000000000000010028084876340619,0.000000000000000003077764198200854,0.0000000000000000019635808998692645
1.9732441471571907,2.9162824207012013,0.0006839950240957077,-0.000000000000000004092485182354624,-0.0000000000000000024423523885926398,-0.0000000000000000016059617922200455,0.0000000000000000005096603750208979
1.979933110367893,2.961527353226721,0.0005831080018623375,-0.0000000000000000018586779421871144,0.0000000000000000003047227515111821,0.0000000000000000003770036244894456,0.0000000000000000006964221820596502
1.9866220735785953,3.00818070856698,0.00041486735224358795,-0.0000000000000000014584460424482998,-0.00000000000000000033885864551549713,-0.0000000000000000009216056474221723,0.0000000000000000006416383534174417
1.9933110367892977,3.0554972884624103,0.00021266424951707047,-0.0000000000000000006200101283466978,-0.00000000000000000034126242902305667,-0.0000000000000000002863024536561848,0.0000000000000000004970889882611725
1.9971955000000001,3.0833165847319677,0.0000890148065707704,0.0000000000000000008185386431033799,0.00000000000000000014502792243769724,0.000000000000000000043556022334592225,-0.0000000000000000005087202126231748
