# n,energy,berry,bcd_x,bcd_y,qmd_x,qmd_y
0.0000012708333333333336,0,0.00000013833933425468584,-0.000000000023920028140685738,-0.000000021272381182464194,-0.000000014099220432107749,0.00000000002074321152447102
0.006666666666666667,0,0.0007542407593658685,-0.000000000000000003888610181994661,-0.000000000000000010567951585128842,-0.00000000000000000821970816054377,-0.0000000000000000027378590079530336
0.013333333333333334,0,0.0015742184664733032,-0.00000000000000000943901582547048,0.00000000000000001459211825354372,0.000000000000000002136311251207103,-0.0000000000000000012876969890084131
0.02,0,0.002479665490909979,-0.00000000000000001000187425694668,0.00000000000000002435886176653452,0.00000000000000001462909112263966,-0.000000000000000007633551023664274
0.02666666666666667,0,0.0034590949790198043,-0.000000000000000020687025873058692,-0.000000000000000005203892177447778,-0.000000000000000024141382873688804,-0.000000000000000019903215368314843
0.03333333333333333,0,0.0038078957161132533,0.00000000000000007876842161841584,0.00000000000000012311399663364447,0.00000000000000012526178554463796,0.00000000000000005846411872983737
0.04,0,0.003930209704295704,0.00000000000000007451883015236057,0.00000000000000009282871328388288,0.00000000000000011211340016723256,0.000000000000000025210899716520916
0.04666666666666667,0,0.004081317603401509,0.00000000000000005568980093407867,0.000000000000000044463205694088575,0.00000000000000001219398530740599,0.00000000000000003419208796235785
0.05333333333333334,0,0.004264144865574732,-0.00000000000000005685147366018235,0.000000000000000034156868477323905,0.000000000000000014719023756658552,0.00000000000000006851848010783701
0.06,0,0.0044805916608069455,0.000000000000000013979590154533853,0.0000000000000000045817876951481,0.0000000000000000027207469196119074,0.0000000000000000014874648449162948
0.06666666666666667,0,0.004737196932873593,-0.0000000000000000053245986237610934,0.00000000000000005109190762732541,-0.00000000000000001260804606101331,0.000000000000000026899681544194482
0.07333333333333333,0,0.005034575930152167,0.000000000000000078987669686442,-0.000000000000000007670791331543161,-0.00000000000000004738088818663636,0.00000000000000010925232923129941
0.08,0,0.00537504814383995,0.00000000000000003940857675220567,-0.00000000000000010246360697199592,0.00000000000000003843150099962688,-0.00000000000000007528004776093769
0.08666666666666667,0,0.005762644476536035,-0.000000000000000011140222905465631,0.00000000000000011746893985370437,0.0000000000000001299576334907804,-0.000000000000000000025509282773524528
0.09333333333333334,0,0.006200994357110018,0.000000000000000023658140453925123,0.00000000000000008719003016278878,0.00000000000000022489822647359477,0.00000000000000008151108826517183
0.1,0,0.006694175383700184,0.00000000000000011217541326020166,-0.0000000000000000014191351904474887,0.00000000000000017532389933726045,0.00000000000000012354897931972466
0.10666666666666667,0,0.007247003682579547,0.00000000000000009104460543010557,-0.00000000000000010535545831587357,0.00000000000000002127565223905501,-0.00000000000000007273994016781422
0.11333333333333333,0,0.007864593542479814,0.000000000000000006448180437411779,-0.000000000000000004769672913004736,0.000000000000000005318054146059239,-0.00000000000000007140673851850821
0.12,0,0.008552885281330332,-0.00000000000000010855755277563621,0.00000000000000007087856580024504,0.0000000000000001386287941821073,0.00000000000000004147212432447713
0.12666666666666668,0,0.009318624603205178,-0.000000000000000021779523591500716,0.000000000000000050502173919616703,0.00000000000000010874264635330335,0.0000000000000004694194738247818
0.13333333333333333,0,0.010170328261813506,0.00000000000000014436269851898854,-0.00000000000000009578832631832431,-0.00000000000000006474028983258719,0.0000000000000006038031702767015
0.14,0,0.011117789284983323,0.00000000000000007832570319866745,-0.00000000000000016246388313154656,-0.0000000000000001224090288128108,0.00000000000000033801629951855375
0.14666666666666667,0,0.012173775195583249,0.00000000000000008564851080047811,-0.00000000000000010532616560627491,0.00000000000000019837935362188105,-0.00000000000000010750048927638305
0.15333333333333332,0,0.013353229099890312,0.00000000000000014775601011840044,0.00000000000000030837099113630275,0.0000000000000007501426661514614,-0.00000000000000016158055984272007
0.16,0,0.014675759092254567,0.00000000000000022697571637560635,0.0000000000000004299325929451482,0.0000000000000007549219433686441,0.0000000000000005010364240988532
0.16666666666666666,0,0.016168101899212965,0.00000000000000035556239285028936,0.00000000000000014643302926242496,-0.00000000000000002883117353852641,0.0000000000000014386128614021657
0.17333333333333334,0,0.017865151038377804,0.00000000000000016925190423673452,-0.00000000000000026390092040739685,-0.0000000000000009585152309429094,0.0000000000000021897907930555256
0.18,0,0.019813368901518816,-0.00000000000000020060530742212738,-0.0000000000000006182319601458559,-0.0000000000000009223936341492698,0.0000000000000004857334804994218
0.18666666666666668,0,0.022076741450045564,-0.0000000000000003209942095099041,-0.00000000000000017770175225493778,0.00000000000000038282132114536957,-0.000000000000002859289468527767
0.19333333333333333,0,0.024746917809010005,-0.00000000000000034023113848830343,-0.0000000000000003729286127018091,0.0000000000000016490326601005587,-0.0000000000000004897476033511795
0.2,0,0.027949656636050733,-0.00000000000000033937611214682575,0.000000000000000042291954649941135,0.000000000000006226031408387925,-0.0000000000000005968026798997603
0.20666666666666667,0,0.0319588880269278,-0.0000000000000008744731702903214,-0.0000000000000003833534325096576,0.000000000000010287904531568097,-0.000000000000000815706021867554
0.21333333333333335,0,0.03723160917531414,-0.0000000000000007305268780322761,-0.0000000000000005253966444011855,-0.0000000000000017869280697727548,0.000000000000001174092118599365
0.22,0,0.044448810943486766,0.0000000000000000752845121033697,-0.0000000000000009285163330563562,-0.0000000000000007495710011714205,0.000000000000004266787647785661
0.22666666666666666,0,0.05554099212607913,0.000000000000000068354105825834,-0.000000000000002680090551592952,0.000000000000011204951837507333,-0.000000000000005322055149937049
0.23333333333333334,0,0.07019355455042665,-0.00000000000000070632190507805045,-0.00000000000000424517738089493,0.000000000000021954565336428255,-0.000000000000014601195966678618
0.24,0,0.08762743037551983,-0.000000000000000775846479112001,0.0000000000000002639878493070103,0.0000000000000019314880146504768,0.000000000000031642577847903397
0.24666666666666667,0,0.09638555950792917,0.0000000000000012332657037542502,-0.0000000000000022739259791257443,-0.000000000000013066605229743565,0.00000000000002079127086853523
0.25333333333333335,0,0.09914470212062958,0.000000000000002892146955958638,-0.0000000000000051694664702669645,-0.00000000000009433485364316543,-0.000000000000024188121646130787
0.26,0,0.0969383796176802,-0.000000000000012106724537162923,0.000000000000019647882760000252,-0.00000000000010889107199228596,-0.000000000000014994146201210213
0.26666666666666666,0,0.08980266121526753,0.00000000000000355911766552362,-0.000000000000005482218353374361,-0.00000000000001596660326383492,0.000000000000013583634277207295
0.2733333333333333,0,0.07739673760513897,-0.00000000000013526063828473645,0.00000000000022154040276162539,0.000000000000023917233866340507,0.000000000000007719573710903001
0.28,0,0.058958592474376695,-0.00000000000022206362800872704,0.0000000000003646200497316202,0.00000000000003326812386053365,-0.00000000000002490114775474738
0.2866666666666667,0,0.03253559283999026,0.0000000000000002899513807533661,0.0000000000000034580841951960095,0.000000000000027707465441533784,-0.00000000000005960995818577489
0.29333333333333333,0,-0.00046807333043688906,-0.00000000000000036612001721254896,0.000000000000006100769563568018,-0.00000000000005923634164984572,-0.00000000000003041245943083183
0.3,0,-0.034459597124221635,0.00000000000000044275958056996216,0.000000000000006262476292119666,-0.000000000000048354538373650576,-0.00000000000013128618470254503
0.30666666666666664,0,-0.07377939461860879,0.0000000000000006244414656274918,0.0000000000000056659736881622785,-0.000000000000017020352532199803,-0.00000000000005703976945005717
0.31333333333333335,0,-0.11762276470341852,0.0000000000000007987401854298006,0.000000000000004561821192126384,0.00000000000007398797055307622,-0.000000000000042137355297098024
0.32,0,-0.15753091941818506,0.0000000000000000968145370428206,0.00000000000000264923842823471,0.00000000000003195087520176095,-0.00000000000009692129996419928
0.32666666666666666,0,-0.19174112687152942,-0.00000000000000004734104225188708,0.000000000000002406145602512529,-0.00000000000011248171323675708,-0.00000000000012592974337746086
0.3333333333333333,0,-0.20528059949149444,-0.0000000000000016975884396631449,0.0000000000000011733984404732047,-0.00000000000007883326818758495,-0.00000000000005043664073624898
0.34,0,-0.1945020097372595,-0.000000000000002775062440568499,0.0000000000000006163498862741778,-0.000000000000044428694752563675,-0.000000000000010497444826453692
0.3466666666666667,0,-0.17498188252482844,-0.0000000000000010044882105410495,0.0000000000000007572940723198873,0.00000000000006533892210889005,0.000000000000018196102060323842
0.35333333333333333,0,-0.1442374640204231,-0.0000000000000008641547918395583,0.0000000000000042970325317532756,-0.00000000000006719352137908955,0.00000000000005968576405783201
0.36,0,-0.1128264234877405,-0.000000000000008384764882008255,0.000000000000002702046244728733,-0.00000000000005208049708430632,0.000000000000012442391087206289
0.36666666666666664,0,-0.08267545065531769,-0.000000000000011662831128971077,-0.0000000000000013967114635225005,-0.000000000000014872033298816015,-0.000000000000006445450990866381
0.37333333333333335,0,-0.053974031540566576,-0.000000000000006314664413609463,-0.000000000000005802504257205199,-0.000000000000036763191914128936,0.00000000000004469554627372066
0.38,0,-0.026966293199922827,-0.000000000000005000147813987254,-0.000000000000008451760788751498,-0.000000000000006347300132101195,-0.000000000000020019117092295805
0.38666666666666666,0,-0.001424104766608189,-0.000000000000007288705853761946,-0.00000000000000927410721133772,0.0000000000000049898400684452465,-0.0000000000000620932213943238
0.3933333333333333,0,0.022739231976840517,-0.000000000000007264273908111111,-0.0000000000000026770139564074475,0.000000000000004373483818314914,-0.00000000000006583078935349656
0.4,0,0.0450647996026977,0.000000000000000648317146584932,0.00000000000001861229913221321,-0.000000000000007121988968435849,-0.000000000000004118251235150353
0.4066666666666667,0,0.06357100506525788,0.00000000000006401796932461722,0.000000000000020144772869605305,-0.00000000000006610692791105624,-0.000000000000026243422565415795
0.41333333333333333,0,0.07821353086750751,0.00000000000007889126205850348,-0.000000000000029593898547936577,-0.00000000000010653502917337632,-0.00000000000003108763184901728
0.42,0,0.08617811236992184,-0.000000000000029387141542490726,-0.00000000000017971306590998283,-0.00000000000008984739593257451,0.00000000000003232537446602959
0.4266666666666667,0,0.06514364411442995,0.00000000000003385665985013852,0.0000000000019946193523064323,0.0000000000005881904410357881,0.0000000000007165109807597077
0.43333333333333335,0,0.03313210901660624,0.0000000000001620270959041619,0.000000000005048830961036746,0.0000000000015165704600105758,0.0000000000016356788496013386
0.44,0,-0.011125507282398736,-0.00000018452007804025668,-0.000001445701796537039,-0.0000003019928160033496,0.0000000902253551045303
0.44666666666666666,0,-0.055097765023285034,-0.00000024838862592822016,-0.000001946133453442135,-0.00000040652976736679965,0.00000012145628819038305
0.4533333333333333,0,-0.09824485484998718,-0.0000000653927409289014,-0.0000005124445224877422,-0.00000010705057326235036,0.00000003198253981782182
0.46,0,-0.14041495569071002,0.000000000010438790305923353,0.000000000000568655137982936,-0.0000000000047923167980770725,0.0000000000011443738173850547
0.4666666666666667,0,-0.18204160278505133,0.0000000000022401330303189525,0.000000000000357690433370704,-0.0000000000008110341674462327,0.00000000000008344296209773414
0.47333333333333333,0,-0.21766666161852027,0.00000000000004026948100387747,0.00000000000022635375662605402,0.0000000000001348223808406439,-0.00000000000012007163356730569
0.48,0,-0.2511147906195739,0.000000000000016322114810503258,0.00000000000012390020578517024,-0.000000000000020347883362577227,-0.000000000000012579383504739106
0.4866666666666667,0,-0.28695240755586415,0.000000000000009516447580389726,0.00000000000007280922201656716,-0.00000000000016983895779994314,0.000000000000025861413872275702
0.49333333333333335,0,-0.3238905277902497,0.00000000000001060556649497577,0.000000000000045373797930090135,-0.00000000000031671442285268977,0.000000000000032499852970704926
0.5,0,-0.3886981254876031,0.000000000000010622430107956449,0.00000000000003230283470089366,-0.00000000000033443359644548877,0.00000000000004288407224186347
0.5066666666666667,0,-0.47686911012130395,0.00000000000000974040655883503,0.00000000000003127380722691868,-0.00000000000024387917873568976,0.00000000000005640843332839189
0.5133333333333333,0,-0.5650400947550033,0.000000000000008858383009713627,0.000000000000030244779752943705,-0.00000000000015332476102589233,0.00000000000006993279441492009
0.52,0,-0.6405354302471534,0.000000000000008528164675851224,0.00000000000002604471982325277,-0.0000000000001358275156336254,0.000000000000052499346277401594
0.5266666666666666,0,-0.7044719469077501,0.000000000000008701132919832562,0.000000000000018953021820017903,-0.00000000000018495049692432546,0.0000000000000068357298663283
0.5333333333333333,0,-0.7684084635683477,0.000000000000008874101163813904,0.000000000000011861323816782916,-0.00000000000023407347821502634,-0.00000000000003882788654474575
0.54,0,-0.7945395693974125,0.000000000000015482181191116113,0.000000000000010733962902979799,-0.000000000000133086177393761,0.00000000000019310247999288103
0.5466666666666666,0,-0.8189133478486389,0.00000000000002238938766269019,0.000000000000009883845183401451,-0.00000000000002512122700731087,0.0000000000004379363832314452
0.5533333333333333,0,-0.8243206398465867,0.00000000000001373603952540954,0.000000000000006906244309898865,-0.00000000000003791283940459093,0.0000000000002345271765834247
0.56,0,-0.8267941515840602,0.00000000000000267574859110925,0.0000000000000035995593913967175,-0.00000000000006938335793930103,-0.00000000000003821731738406286
0.5666666666666667,0,-0.8111374041562492,0.000000000000002209005768911592,0.000000000000003871480235764646,-0.00000000000008795046238762978,-0.00000000000005260845180840437
0.5733333333333334,0,-0.7931801805838723,0.000000000000002540438278818603,0.000000000000004371087547092129,-0.00000000000010655792337109482,-0.0000000000000458050120131762
0.58,0,-0.7546654437395102,-0.0000000000000012507721551073088,0.0000000000000022385316780088037,-0.00000000000016010877075029832,-0.00000000000008845612939484271
0.5866666666666667,0,-0.7119812597332696,-0.000000000000004881993783510853,0.00000000000000040733073609921044,-0.0000000000002044340454757119,-0.00000000000011699328400784709
0.5933333333333334,0,-0.6471688990988412,-0.000000000000007664119498311597,0.00000000000000017548692653248175,-0.0000000000001997971692843773,-0.00000000000007062452209450136
0.6,0,-0.5729911511426067,-0.00000000000001243965409780661,-0.0000000000000017274474289504438,-0.00000000000016571684595048347,-0.000000000000018147968714927817
0.6066666666666667,0,-0.4696509841808405,-0.00000000000002342236659046163,-0.000000000000008833908453609575,-0.00000000000003995402054439458,0.000000000000053347336139218597
0.6133333333333333,0,-0.35355324037146935,-0.00000000000002918831423833283,-0.000000000000014059082143171357,0.000000000000048948151912060507,0.00000000000010789625414112468
0.62,0,-0.17968295020673009,-0.00000000000001133019969787052,-0.00000000000001076486683959093,-0.000000000000029072736856949594,0.00000000000008570364578016181
0.6266666666666667,0,-0.005812660041990825,0.0000000000000065279148425917945,-0.000000000000007470651536010505,-0.00000000000010709362562595969,0.00000000000006351103741919894
0.6333333333333333,0,0.1564082910306276,0.00000000000001694372036785968,-0.000000000000005814910707638899,-0.00000000000011076160441021138,0.00000000000010066539478443192
0.64,0,0.31147458658528787,0.000000000000022788695149780577,-0.000000000000005165469065203243,-0.00000000000006876437819937235,0.00000000000017426878092713953
0.6466666666666666,0,0.42290112779685296,0.00000000000001990682983323729,-0.000000000000008701161398856298,-0.00000000000005317028998324421,0.0000000000001850684028726482
0.6533333333333333,0,0.5011516616980586,0.000000000000010390607489227677,-0.0000000000000154184948181572,-0.00000000000005764851226277815,0.00000000000014812306906649325
0.66,0,0.4581849923157165,0.0000000000000029398457862802327,-0.00000000000003424822359116387,-0.00000000000012475821008014998,0.00000000000005876158213167654
0.6666666666666666,0,0.37389767091426795,0.000000000000008157591974804892,-0.000000000000039893570874372767,-0.00000000000006936698864533975,0.0000000000000100943832947045
0.6733333333333333,0,0.306695527822772,0.000000000000011777853029507304,-0.000000000000021888262100615084,-0.00000000000005153248525346177,0.0000000000000173221515750837
0.68,0,0.3485109930138655,0.000000000000007402881975867892,0.00000000000001019170945558963,-0.0000000000000912448978069467,0.00000000000004563222293887819
0.6866666666666666,0,0.566826634642412,-0.00000000000000007772340230800525,0.000000000000006259083115777557,-0.000000000000036494723031481475,-0.000000000000018833577970145007
0.6933333333333334,0,0.8222583656986353,-0.000000000000005247207122757465,0.000000000000002582979122254129,-0.0000000000000756717852390511,-0.00000000000005896793423229135
0.7,0,1.122396886326018,0.00000000000000262282324282187,0.000000000000019247718419879456,-0.000000000000072878719105716,-0.000000000000038576381569551307
0.7066666666666667,0,1.477991380985264,-0.000000000000004629046201168944,0.000000000000020170468670629413,-0.00000000000006476266999228751,-0.000000000000007483096648441337
0.7133333333333334,0,1.8724850910465207,-0.00000000000000847611361295265,0.000000000000011946807111234281,-0.00000000000004625554663407388,-0.00000000000000111766378465173
0.72,0,2.278404280931789,-0.000000000000005432540255032175,0.00000000000002486852777496967,-0.00000000000003024997662945766,-0.000000000000025439073754523235
0.7266666666666667,0,2.619371079068743,0.00000000000000011137988670244325,0.000000000000024752609685542075,-0.000000000000019260402763926863,0.00000000000004280714324469815
0.7333333333333333,0,2.771784779448521,0.0000000000000030361210913218614,0.000000000000007587278141111778,-0.00000000000001517909075426286,0.000000000000034209958371919033
0.74,0,2.8401281868281796,0.0000000000000060859356935773284,0.000000000000009120787163621579,-0.000000000000014399708204942913,0.000000000000005295153794810161
0.7466666666666667,0,2.8551877589815318,0.000000000000007263540645062334,0.000000000000008206710168846792,-0.000000000000002927120553746844,-0.00000000000000732955215111373
0.7533333333333333,0,2.8285549454040475,-0.0000000000000029318804357190334,0.000000000000008215650382226158,-0.000000000000020037146186750458,0.000000000000024642304441690962
0.76,0,2.7639164556816382,0.00000000000000369607999864509,0.000000000000008235541589718619,-0.00000000000003201584019857318,0.000000000000003255813799142742
0.7666666666666667,0,2.6611962610806286,0.000000000000014670270577448216,0.0000000000000061667344130551036,-0.00000000000007610184111461377,-0.000000000000021702260000939876
0.7733333333333333,0,2.5054731590564447,0.000000000000004077504261933364,-0.0000000000000050328248839790794,0.0000000000000014271465658135776,0.000000000000002160384899538602
0.78,0,2.2861731174507485,-0.000000000000011761433636485308,-0.000000000000016821513496780876,0.000000000000020582701375642107,0.00000000000003423680319870508
0.7866666666666666,0,2.0504179960239584,0.0000000000000004150977563460724,-0.000000000000015284219756159658,-0.0000000000000015392546127115448,-0.000000000000009121134003736676
0.7933333333333333,0,1.933621446680003,-0.000000000000003806774807375996,-0.000000000000022485253651254578,-0.0000000000000012207275619306174,-0.000000000000004573361937664578
0.8,0,1.8608110568299114,-0.0000000000000010511006620756582,-0.000000000000014528445002654234,-0.000000000000003650863336552703,0.000000000000003925659514086341
0.8066666666666666,0,1.8130301672730587,-0.000000000000003566572012667739,-0.000000000000014481754946622123,0.000000000000004989074443879585,0.0000000000000027330436226959866
0.8133333333333334,0,1.7813023843972808,-0.00000000000000403175984373697,-0.000000000000003689184767927408,0.00000000000000657995861845295,0.000000000000005817624851559233
0.82,0,1.7604743593800087,-0.00000000000000015535920780399501,-0.000000000000003776024701370531,0.0000000000000017325041342711356,0.0000000000000014283909374929986
0.8266666666666667,0,1.7473785392752812,0.0000000000000014900174777173349,-0.000000000000005628966153705233,0.0000000000000022431244757377293,-0.0000000000000018210365980966355
0.8333333333333334,0,1.7404774785037063,0.00000000000000526490572132333,0.0000000000000007935069040361226,0.00000000000000005806676540484703,-0.0000000000000009146561882289596
0.84,0,1.7379879177947144,0.000000000000001793085653102084,-0.0000000000000006369946530638366,-0.000000000000001600152258654089,0.0000000000000001200785023612467
0.8466666666666667,0,1.7387281012614098,0.0000000000000034214196775578897,0.0000000000000008496103249113918,0.0000000000000029580393216355583,0.0000000000000007761026224261656
0.8533333333333334,0,1.7421528749713358,0.000000000000011387069226203869,0.000000000000018862775141538844,0.000000000000011349082618074215,0.000000000000013802895873626759
0.86,0,1.7481188645081933,0.000000000000009307619571646878,0.0000000000000023675951480421527,-0.0000000000000006555661608769207,-0.0000000000000025638841222256774
0.8666666666666667,0,1.7558926394615482,-0.00000000000000032295804636993465,0.0000000000000002053620406891046,-0.00000000000000010317931819673059,-0.0000000000000045672237868223075
0.8733333333333333,0,1.7653962154636456,0.0000000000000001632840035419424,-0.0000000000000032238846248722193,0.000000000000002028567057689771,0.0000000000000011309923690731054
0.88,0,1.776470768478404,0.0000000000000025062665564504275,-0.0000000000000003628028462406137,0.0000000000000002741468663105367,-0.0000000000000025788406016544525
0.8866666666666667,0,1.788971291253686,0.0000000000000027500789789000886,0.0000000000000011780815643341345,0.0000000000000009267137723787495,-0.0000000000000019274523362884108
0.8933333333333333,0,1.8029583043432444,-0.0000000000000003304299758522592,0.0000000000000015479123166020052,-0.000000000000000973985872599797,0.0000000000000002119458377022267
0.9,0,1.8182548666542249,0.0000000000000055025203460615505,0.000000000000003155281141165518,0.0000000000000046576896047494036,0.00000000000000662981614615416
0.9066666666666666,0,1.8350098072747953,-0.000000000000002951085872067088,-0.000000000000003071517302782369,0.0000000000000011102230246251565,0.0000000000000022943381704646297
0.9133333333333333,0,1.853189893898074,-0.0000000000000030001754232048376,-0.000000000000002584604560364009,-0.000000000000001080946641337947,0.0000000000000021102927797429865
0.92,0,1.8729091041333787,0.00000000000000029242853280670416,-0.000000000000002490331376745504,0.0000000000000010513379682246865,0.000000000000000652947990709285
0.9266666666666666,0,1.8943401800930002,-0.0000000000000015565965939873571,-0.000000000000003767338165593691,0.000000000000001992123505949509,0.0000000000000003864374841468272
0.9333333333333333,0,1.91750451273696,-0.000000000000002730439461725209,-0.0000000000000018089003810607002,-0.0000000000000002508051868450374,0.000000000000003464863265734777
0.94,0,1.9426373602820584,-0.0000000000000020980188530642102,-0.000000000000003750608335589468,0.0000000000000014996398109968528,0.000000000000005671527568989209
0.9466666666666667,0,1.9700284908295114,-0.0000000000000044564111561326535,-0.0000000000000009657737078602614,0.0000000000000005216844980101988,0.0000000000000031241435265824657
0.9533333333333334,0,1.9999076735180623,0.0000000000000006596888260286901,-0.0000000000000019340284335677188,0.0000000000000004457004570366636,-0.0000000000000002638601550701811
0.96,0,1.9083094764992263,-0.0000000000000006721177745243815,0.00000000000000068707767389760045,-0.0000000000000019681625984781484,0.000000000000001467225771009854
0.9666666666666667,0,1.5583447849223793,0.00000000000000028884911603308663,0.0000000000000026925297467541873,-0.0000000000000011102230246251565,0.0000000000000005605192802127947
0.9733333333333334,0,1.2268646023220584,0.0000000000000006183754636935657,-0.00000000000000013532410752072086,-0.0000000000000014282069612306855,0.0000000000000006539829122459913
0.98,0,0.9091422751565261,-0.00000000000000011632840377092468,-0.0000000000000029951903022568277,0.000000000000001384160984434803,0.0000000000000007209214067370232
0.9866666666666667,0,0.600883022144197,0.000000000000001496696754826297,0.000000000000002171831912852117,-0.0000000000000016911360933083896,-0.0000000000000009061811062015768
0.9933333333333333,0,0.29892165105082047,0.0000000000000022862956676847683,0.00000000000000006496559782592284,-0.00000000000000015685800194697534,-0.000000000000002128995655433527
1,0,-0.00000000000001902644708451362,0.00000000000000015959455978986625,0.0000000000000003365363543395006,-0.00000000000000030184188481996443,0.0000000000000005759281940243
1.0066666666666666,0,-0.2989216510508452,-0.000000000000002146799522862076,-0.0000000000000006658023070469979,0.0000000000000005023507317460829,0.000000000000001462309327777939
1.0133333333333334,0,-0.6008830221442402,-0.0000000000000021604256228381514,-0.000000000000004427080861723614,0.000000000000002301458138506748,0.0000000000000006649313413935196
1.02,0,-0.9091422751565642,0.0000000000000006719222889297219,0.0000000000000013846433572810222,-0.0000000000000003830307708872864,-0.0000000000000012847156302815434
1.0266666666666666,0,-1.2268646023220966,-0.0000000000000012183132588347569,-0.0000000000000010737703170378486,0.0000000000000011881473172707208,0.000000000000000900329322229228
1.0333333333333334,0,-1.5583447849224232,-0.00000000000000017241904567029415,-0.0000000000000030115994103148068,0.0000000000000013042731418964197,-0.0000000000000004828992333043152
1.04,0,-1.9083094764992525,0.0000000000000009001463391986312,-0.0000000000000007951079964853686,0.000000000000001914147437183737,-0.0000000000000014132106097157709
1.0466666666666666,0,-1.9999076735181003,-0.0000000000000006822462866411035,0.0000000000000013660269437623328,-0.0000000000000003346781545741479,-0.000000000000000006444988746403831
1.0533333333333332,0,-1.97002849082955,0.0000000000000049038831752674725,0.0000000000000005527226132743912,-0.000000000000000556105422559128,-0.0000000000000032274063002289775
1.06,0,-1.9426373602820968,0.000000000000001986996550601688,0.000000000000003964602957802477,-0.0000000000000014996398109968544,-0.000000000000005723013728864444
1.0666666666666667,0,-1.917504512736998,0.0000000000000019133453775211867,0.0000000000000017434047380878203,0.00000000000000042732313228043934,-0.000000000000003817899156605569
1.0733333333333333,0,-1.8943401800930386,0.0000000000000017657977520805875,0.0000000000000034204294166584187,-0.000000000000002041212933764896,-0.0000000000000001195846003504385
1.08,0,-1.8729091041334167,-0.0000000000000005333343341405243,0.000000000000003583072053812801,-0.000000000000001947489841686472,-0.0000000000000007084591419406196
1.0866666666666667,0,-1.853189893898112,0.0000000000000028270108581121198,0.0000000000000011008761852412464,0.0000000000000005261248066770982,-0.000000000000002124206777257267
1.0933333333333333,0,-1.8350098072748335,0.0000000000000031083482879888942,0.0000000000000029510973796071684,-0.0000000000000013320835089091583,-0.00000000000000177654096004128
1.1,0,-1.8182548666542626,-0.00000000000000497269990566794,-0.000000000000004489357387078296,-0.0000000000000045341857381612745,-0.000000000000007886538503615613
1.1066666666666667,0,-1.8029583043432829,0.0000000000000010067266948384769,-0.0000000000000015592012756157254,0.000000000000000005017315117223962,-0.0000000000000007065288836663211
1.1133333333333333,0,-1.7889712912537235,-0.0000000000000031617842030598517,0.0000000000000004779812676201199,-0.0000000000000009698924199662072,0.0000000000000029135367490999963
1.12,0,-1.776470768478442,-0.0000000000000027933439412117908,-0.00000000000000031743254002320656,-0.00000000000000009521628605095883,0.0000000000000029429861499799318
1.1266666666666667,0,-1.7653962154636835,-0.0000000000000004967570921984681,0.00000000000000221937649634784,-0.0000000000000009150945829127833,-0.00000000000000020893860485765562
1.1333333333333333,0,-1.7558926394615861,0.00000000000000032637636482062866,-0.00000000000000029086219894544774,0.00000000000000018157015420961766,0.0000000000000042733522974410736
1.14,0,-1.7481188645082315,-0.00000000000000951822709749721,-0.0000000000000024392834808520576,-0.00000000000000016733827265969936,0.00000000000000312484472133633
1.1466666666666667,0,-1.7421528749713737,-0.000000000000010694255974489043,-0.00000000000001826468123491158,-0.000000000000012230793918928023,-0.000000000000012983703483887023
1.1533333333333333,0,-1.7387281012614477,-0.0000000000000031698393582969755,-0.0000000000000008789461427441263,-0.0000000000000028612581289351366,-0.0000000000000011255176291988165
1.16,0,-1.7379879177947524,-0.0000000000000021956952313172907,0.0000000000000014862929059146468,0.0000000000000016085376289307678,0.000000000000001072768370722768
1.1666666666666667,0,-1.7404774785037445,-0.000000000000005308325442712248,-0.0000000000000004968795165420396,0.0000000000000006644300719926777,0.0000000000000018674556391336664
1.1733333333333333,0,-1.747378539275319,-0.000000000000002618230897319765,0.000000000000005411355669935914,-0.0000000000000019987399914644964,0.000000000000002074120051111674
1.18,0,-1.760474359380047,0.0000000000000005507535548601732,0.000000000000004277872323829275,-0.0000000000000021999226796332625,-0.0000000000000015187533050360078
1.1866666666666668,0,-1.7813023843973195,0.000000000000003684011092314147,0.000000000000004523389895697139,-0.000000000000006196134644044994,-0.0000000000000049372762346716946
1.1933333333333334,0,-1.8130301672730975,0.000000000000002057670918675912,0.000000000000012943414941890583,-0.000000000000004629935296001092,-0.0000000000000033125829482560918
1.2,0,-1.8608110568299492,0.00000000000000038909394594998097,0.000000000000011667299221254195,-0.0000000000000019600701784205418,-0.0000000000000037768218330502366
1.2066666666666668,0,-1.9336214466800419,0.000000000000003492358408550993,0.000000000000022147782999305156,0.0000000000000005067237430815415,0.000000000000003577684211151749
1.2133333333333334,0,-2.0504179960239983,-0.0000000000000015098885625331973,0.000000000000016077557285184158,0.00000000000000744224023173319,0.000000000000004916594938575846
1.22,0,-2.2861731174507876,0.000000000000011982708194239146,0.00000000000001652173436425865,-0.000000000000027641560997732056,-0.000000000000033723639138876326
1.2266666666666666,0,-2.5054731590564794,-0.0000000000000012502874439131506,0.000000000000005309709106983767,-0.000000000000004892937768828338,-0.000000000000004373127159241182
1.2333333333333334,0,-2.661196261080669,-0.000000000000012864724958530162,-0.000000000000008595096662786292,0.00000000000007734561043498271,0.00000000000003431801493226976
1.24,0,-2.7639164556816778,-0.000000000000003588299018690335,-0.000000000000009145453514387487,0.000000000000024861349730906662,-0.000000000000003741596929152422
1.2466666666666666,0,-2.828554945404085,0.0000000000000030833323839281375,-0.000000000000007393830586658244,0.000000000000039910474658979325,-0.000000000000036234561362849094
1.2533333333333334,0,-2.8551877589815695,-0.0000000000000061488475137475044,-0.00000000000001056052905400796,0.000000000000010625810195280187,0.000000000000016374959836559406
1.26,0,-2.840128186828216,-0.0000000000000066941664588318425,-0.000000000000007261815340364227,0.000000000000023618617497704002,-0.000000000000003189788236394825
1.2666666666666666,0,-2.7717847794485597,-0.000000000000004108582542286383,-0.000000000000009342486957661945,0.000000000000022479375154553267,-0.000000000000035055840745918475
1.2733333333333334,0,-2.619371079068776,0,-0.000000000000027056769441939842,0.000000000000018609889960129263,-0.00000000000004899601083456254
1.28,0,-2.2784042809318272,0.00000000000000335662425370217,-0.000000000000029557419658222024,0.000000000000034939102501026934,0.000000000000033195763783954076
1.2866666666666666,0,-1.8724850910465587,0.000000000000008128545644593279,-0.000000000000015054798677535327,0.00000000000005313829648410046,0.00000000000000726464391288524
1.2933333333333332,0,-1.4779913809853045,0.00000000000000672574689336933,-0.000000000000015747371760902958,0.000000000000054987946539499005,0.000000000000005183535117281949
1.3,0,-1.1223968863260543,0.0000000000000021122464960623667,-0.000000000000013034290388762987,0.000000000000051802295544059255,0.0000000000000449622333937137
1.3066666666666666,0,-0.8222583656986704,0.000000000000006987712861434026,-0.00000000000000041077840762502403,0.00000000000006429700475049232,0.00000000000006303253323406158
1.3133333333333332,0,-0.5668266346424526,-0.0000000000000039874254001939685,-0.000000000000008813565667297968,0.000000000000017440530109583475,0.0000000000000009939705953039573
1.32,0,-0.3485109930138952,-0.000000000000009109417402230412,-0.000000000000011060339804479797,0.00000000000008086604242270099,-0.000000000000051318819513490345
1.3266666666666667,0,-0.3066955278228107,-0.00000000000001430068453097829,0.00000000000002793864353595695,0.00000000000006143487291583696,-0.00000000000003719932523064417
1.3333333333333333,0,-0.37389767091430837,-0.000000000000008201026636016881,0.00000000000004408006558555384,0.00000000000007853198114466245,-0.00000000000002976195364879562
1.34,0,-0.4581849923157621,0.000000000000001163547953849256,0.000000000000034567937138631585,0.00000000000012383893774485298,-0.00000000000006044913293050244
1.3466666666666667,0,-0.5011516616981021,-0.000000000000009084303927718293,0.00000000000002463012632562956,0.00000000000005904828646923395,-0.000000000000146242855954931
1.3533333333333333,0,-0.4229011277968983,-0.000000000000019999970734081964,0.000000000000011755237271969848,0.00000000000005820861979182136,-0.0000000000001775904119116677
1.36,0,-0.3114745865853307,-0.000000000000024424840921087474,0.000000000000005188859450107455,0.00000000000007605679739487545,-0.00000000000016473259091814756
1.3666666666666667,0,-0.15640829103067555,-0.00000000000002031171051899513,0.000000000000006920703829935812,0.00000000000011848698470067021,-0.00000000000009372697134518493
1.3733333333333333,0,0.005812660041941642,-0.000000000000009979278574164346,0.00000000000000838941712407256,0.00000000000010994168389523441,-0.00000000000005818196690099756
1.38,0,0.17968295020668032,0.000000000000010479532258598225,0.00000000000000942969564099269,0.000000000000018397174406262905,-0.00000000000008037457526196034
1.3866666666666667,0,0.3535532403714249,0.000000000000030938343091361484,0.000000000000010469974157912856,-0.00000000000007314733508271168,-0.00000000000010256718362292388
1.3933333333333333,0,0.4696509841807964,0.00000000000002581920765399808,0.000000000000005013500579245148,0.000000000000021070048581980804,-0.000000000000048018265621017845
1.4,0,0.5729911511425608,0.000000000000015051842465120786,-0.0000000000000018776131416363196,0.00000000000015630815535427963,0.000000000000023477039233127382
1.4066666666666667,0,0.6471688990987978,0.000000000000010855115537009396,-0.0000000000000003939490012157871,0.00000000000021164432999228465,0.00000000000006261658619623379
1.4133333333333333,0,0.7119812597332247,0.00000000000000876852125090889,0.000000000000003779239570985223,0.00000000000024132033761682514,0.00000000000009136521858250742
1.42,0,0.7546654437394652,-0.0000000000000009332823465663942,0.0000000000000029455233750350546,0.00000000000019259091320509825,0.0000000000000767825496672542
1.4266666666666667,0,0.7931801805838291,-0.000000000000012069962996224227,0.0000000000000011683934841322082,0.00000000000012908813843683656,0.00000000000005403528706369778
1.4333333333333333,0,0.8111374041562053,-0.00000000000001926744022863351,-0.0000000000000007118949361299791,0.0000000000000564024430378564,0.00000000000005420176416238508
1.44,0,0.8267941515840161,-0.000000000000025349202655064494,-0.0000000000000024981231336624996,-0.000000000000009805109684265125,0.000000000000031627243997486415
1.4466666666666668,0,0.8243206398465426,-0.000000000000020332163468371454,-0.000000000000003182264840938823,0.0000000000000006850631606385059,-0.00000000000025662446200160467
1.4533333333333334,0,0.8189133478485945,-0.000000000000014905327170951445,-0.000000000000003675111037862958,0.000000000000025201050404562894,-0.0000000000004736912851528471
1.46,0,0.7945395693973687,-0.000000000000006829208834957336,-0.000000000000002931258033231921,0.00000000000014039200140742627,-0.0000000000002305576173534454
1.4666666666666666,0,0.7684084635683067,0.0000000000000012415979463177664,-0.0000000000000031424100317311163,0.0000000000002498824038331975,0.0000000000000010695177861649682
1.4733333333333334,0,0.7044719469077069,0.000000000000009198137169459744,-0.000000000000023898599309492796,0.0000000000002367368172906151,-0.000000000000014843560660118988
1.48,0,0.6405354302471091,0.000000000000017154676392601455,-0.00000000000004465478858725379,0.0000000000002235912307480331,-0.00000000000003075663910640241
1.4866666666666666,0,0.56504009475496,0.000000000000018091007233157708,-0.000000000000051269213670419986,0.00000000000022933617508370344,-0.00000000000003739709837655579
1.4933333333333334,0,0.47686911012125904,0.000000000000011328826689893477,-0.00000000000004237547621677899,0.0000000000002557968815573461,-0.000000000000033869004180070106
1.5,0,0.3886981254875611,0.000000000000004566646146629474,-0.000000000000033481738763138287,0.00000000000028225758803098783,-0.000000000000030340909983584537
1.5066666666666666,0,0.32389052779020694,0.000000000000007344807186285138,-0.00000000000008824340418842146,0.00000000000027243332164144237,-0.00000000000001479893225255431
1.5133333333333334,0,0.2869524075558193,0.000000000000021503353075904407,-0.00000000000021893767393875317,0.000000000000219325808854006,0.00000000000001507404369037865
1.52,0,0.2511147906195294,-0.00000000000010019969064759549,-0.00000000000013576390970525318,0.00000000000021740712431927868,0.00000000000002568645968484704
1.5266666666666666,0,0.21766666161847742,-0.0000000000005168946983245995,0.0000000000004117747390509297,0.00000000000032663312035059325,-0.0000000000000055209677526713945
1.5333333333333334,0,0.18204160278501072,-0.0000000000003606251387400251,0.000000000008877974795329853,-0.00000000000018847306645250146,0.0000000000005601487723158204
1.54,0,0.14041495569067777,0.000000000001375253175141254,0.0000000000391751703377981,-0.000000000002424803632466019,0.000000000002771352028598849
1.5466666666666666,0,0.09824485480849761,-0.000000003012938999729103,0.000000003310115367646383,-0.0000000011151632546127904,-0.0000000013549526507821826
1.5533333333333332,0,0.05509776486579249,-0.000000011449329701612747,0.000000012406891786161732,-0.000000004224296702916406,-0.000000005157487691921458
1.56,0,0.011125507165392578,-0.000000008506015720333747,0.000000009209520089215476,-0.0000000031367668480436975,-0.000000003832112215676955
1.5666666666666667,0,-0.03313210901664176,-0.000000000001009258062705697,0.0000000000036936093863125965,0.0000000000017975931500940415,-0.0000000000005230477353454112
1.5733333333333333,0,-0.06514364411446276,-0.000000000000462814427984237,0.0000000000015821717811401453,0.0000000000007279601624108605,-0.0000000000002487303758247485
1.58,0,-0.08617811236995326,-0.0000000000000548965986083569,0.000000000000049923271383435285,-0.000000000000025050296456993662,-0.00000000000003140892093775653
1.5866666666666667,0,-0.07821353086753971,-0.000000000000012934154188257709,0.00000000000004776778542316507,0.00000000000005838786974701468,0.000000000000035341612025450134
1.5933333333333333,0,-0.06357100506529069,0.000000000000006672321126523731,0.000000000000035499174809045644,0.00000000000005486104571552941,0.00000000000003157249308361727
1.6,0,-0.045064799602730396,0.00000000000001366518364425731,0.00000000000001987517749775978,0.0000000000000152082155472405,0.000000000000009817804959364394
1.6066666666666667,0,-0.022739231976873543,0.000000000000009647440277177524,0.000000000000012274552398625312,0.0000000000000043177676440030545,0.00000000000007395044261176269
1.6133333333333333,0,0.0014241047665753404,0.000000000000005975148368332327,0.000000000000007735437984266863,0.000000000000008183037998350027,0.00000000000007612431823507823
1.62,0,0.026966293199891044,0.000000000000003737643492115936,0.000000000000005364473673322155,0.000000000000023938024760753497,0.000000000000039559042325696617
1.6266666666666667,0,0.05397403154053428,0.0000000000000050016017609834196,0.0000000000000050813470210958384,0.000000000000053706769909120466,-0.000000000000025155621040318532
1.6333333333333333,0,0.08267545065528507,0.0000000000000035102639173668025,0.0000000000000040245208949887146,0.000000000000040112755135681654,0.00000000000001762004436170578
1.64,0,0.11282642348770752,0.0000000000000015800989641916339,0.0000000000000030021022078886588,0.00000000000005765515917584642,-0.00000000000002051194413261996
1.6466666666666667,0,0.1442374640203904,0.0000000000000005236877322496722,0.0000000000000016647973632905601,0.000000000000045233635395146097,-0.00000000000008204754437047203
1.6533333333333333,0,0.17498188252479493,0.00000000000000170954753546391,-0.0000000000000006655143587384415,-0.00000000000007199036423170009,-0.00000000000002714721951849729
1.66,0,0.19450200973722634,0.0000000000000015675002507541635,-0.00000000000000188983646284261,0.00000000000005855640021292645,-0.000000000000002297993004357373
1.6666666666666667,0,0.2052805994914612,0.0000000000000014418085004634206,-0.000000000000001401539686323262,0.00000000000007636847721581307,0.000000000000041435921512066085
1.6733333333333333,0,0.19174112687149225,0.0000000000000003165589426016935,-0.000000000000006598800284019049,0.0000000000001386626864591473,0.00000000000009366224296083746
1.68,0,0.1575309194181466,0.0000000000000032190186993362105,-0.0000000000000005521850509087418,-0.000000000000021734438619487996,0.00000000000010311530064439809
1.6866666666666668,0,0.11762276470337864,-0.0000000000000032568618477829272,-0.0000000000000033238311234968524,-0.0000000000000745683938422787,0.00000000000005854660268295964
1.6933333333333334,0,0.07377939461856962,-0.000000000000002735845644783287,-0.000000000000008225553293968369,0.0000000000000151182388393264,0.000000000000055454100570386906
1.7,0,0.03445959712418245,-0.00000000000000038134841721148986,-0.000000000000007342576101285318,0.00000000000004711733749520159,0.00000000000011964479849534246
1.7066666666666668,0,0.00046807333039721247,0.00000000000000033012005675843034,-0.000000000000006181257374165735,0.00000000000005728267156051539,0.000000000000026235656342168402
1.7133333333333334,0,-0.032535592840029534,-0.0000000000000005110455426603179,-0.0000000000000026988734979348613,-0.000000000000032174517955073056,0.00000000000005439403685080783
1.72,0,-0.05895859247441522,-0.0000000000000004668096932576939,-0.0000000000000028983145084059254,-0.00000000000002749425136858618,0.000000000000042470015667155525
1.7266666666666666,0,-0.07739673760517683,0.00000000000000013526938808019846,-0.0000000000000025107985477351586,-0.000000000000011516577592950025,0.000000000000010966863836603698
1.7333333333333334,0,-0.08980266121530585,-0.0000000000000003268244620610868,-0.0000000000000010767998935253431,0.000000000000020129910358328816,-0.000000000000006232106507553081
1.74,0,-0.0969383796177184,-0.00000000000000023086342399034437,-0.0000000000000007005351735246157,0.0000000000001109057344164093,0.000000000000012893795552417911
1.7466666666666666,0,-0.09914470212066774,0.00000000000000020961498334308228,-0.0000000000000000077417133080314,0.00000000000009560244028948544,0.000000000000021852182236144503
1.7533333333333334,0,-0.09638555950796736,0.000000000000000022989346269137484,0.0000000000000004943246209280829,0.000000000000010634038959978035,-0.000000000000014401980977542516
1.76,0,-0.08762743037555805,0.00000000000000012129423237958985,0.0000000000000009748677109681209,-0.0000000000000011612118506175174,-0.00000000000002861682716780579
1.7666666666666666,0,-0.07019355455046511,0.0000000000000007718456036972614,0.000000000000004103473542495855,-0.000000000000020707549236162214,0.00000000000002080521288832755
1.7733333333333334,0,-0.05554099212611708,0.00000000000000004971057386189979,0.0000000000000023762062147759516,-0.00000000000001176982357631816,0.000000000000006064222607859158
1.78,0,-0.04444881094352488,-0.00000000000000004902608993703282,0.0000000000000007326292986066172,-0.0000000000000004876543773195879,-0.000000000000007224455307681507
1.7866666666666666,0,-0.03723160917535236,0.0000000000000006829505410265513,0.0000000000000004203173155209499,0.0000000000000016360689544452966,-0.0000000000000032701263027918257
1.7933333333333332,0,-0.031958888026965976,0.000000000000000809324542901583,0.00000000000000031045191191913248,-0.00000000000000971985307645144,0.0000000000000008516900828980577
1.8,0,-0.027949656636088765,0.00000000000000032895332025001856,0.000000000000000018580789295397085,-0.000000000000007640271327757325,-0.0000000000000014103111174358917
1.8066666666666666,0,-0.024746917809048134,0.0000000000000003914919224450383,0.0000000000000003491980671638532,-0.0000000000000018275946448289427,0.00000000000000059907584636854215
1.8133333333333332,0,-0.02207674145008371,0.00000000000000020698095198396076,0.00000000000000022430004016205087,-0.0000000000000007355227538141662,0.00000000000000230022259996913
1.82,0,-0.019813368901556935,0.00000000000000019460033720499372,0.00000000000000062943359077418,0.0000000000000008182023585498018,-0.000000000000000745675754100816
1.8266666666666667,0,-0.01786515103841595,-0.00000000000000018321509180979926,0.0000000000000003186767209881943,0.0000000000000006707584402311772,-0.0000000000000021623976775122974
1.8333333333333333,0,-0.016168101899251136,-0.00000000000000036909335716314593,-0.00000000000000014186658609945657,-0.0000000000000003293951798238621,-0.0000000000000013505786227829705
1.84,0,-0.014675759092292691,-0.00000000000000018698296162563892,-0.0000000000000004497453834302056,-0.0000000000000008499331891666815,-0.00000000000000033790967415536255
1.8466666666666667,0,-0.013353229099928431,-0.00000000000000010265319974300395,-0.0000000000000002670554518940985,-0.0000000000000007392575890237275,0.00000000000000017582940991527528
1.8533333333333333,0,-0.012173775195621373,-0.00000000000000002949004850995101,0.0000000000000001001995422029962,-0.00000000000000022049065745213889,0.00000000000000010646519251219923
1.86,0,-0.011117789285021424,-0.000000000000000046603305187868314,0.000000000000000129204075282857,0.0000000000000001691561814345473,-0.00000000000000018681584493685517
1.8666666666666667,0,-0.01017032826185163,-0.0000000000000001706778225039448,0.0000000000000000995221949563883,0.00000000000000019916590542286385,-0.0000000000000005351797610100843
1.8733333333333333,0,-0.009318624603243323,-0.0000000000000003326176674978628,-0.00000000000000020808975651865552,0.00000000000000020081043917029952,-0.0000000000000006981853397632604
1.88,0,-0.008552885281368465,-0.0000000000000002613890373619068,-0.0000000000000002280962852533839,0.0000000000000001412183173591809,-0.0000000000000003304247116644801
1.8866666666666667,0,-0.00786459354251792,-0.00000000000000007894768893080954,0.0000000000000001659759148584779,-0.00000000000000005843457614951375,0.00000000000000009054509418269645
1.8933333333333333,0,-0.007247003682617656,-0.00000000000000013468659899946503,0.000000000000000196254478076263,-0.000000000000000049206427795248245,0.00000000000000006732849236430817
1.9,0,-0.006694175383738301,-0.00000000000000006972678063125815,-0.000000000000000025718603067211718,-0.0000000000000001803553560095111,-0.00000000000000014078444309533095
1.9066666666666667,0,-0.006200994357148119,-0.000000000000000030721949898383255,-0.00000000000000010536853880436635,-0.00000000000000023926158235185136,-0.00000000000000005879782705398779
1.9133333333333333,0,-0.005762644476574141,0.0000000000000000044794692601640675,-0.00000000000000012110668205743315,-0.00000000000000015070843327815946,0.00000000000000002427869698427751
1.92,0,-0.005375048143878061,-0.00000000000000003985353408645284,0.00000000000000010572861760122816,-0.0000000000000000393304368403253,0.00000000000000007986639863461028
1.9266666666666667,0,-0.005034575930190273,-0.00000000000000008155504954293264,0.000000000000000007104118625374527,0.000000000000000046848920837944407,-0.00000000000000011242108715143366
1.9333333333333333,0,-0.004737196932911703,0.000000000000000001855151671806803,-0.000000000000000050374601839934267,0.00000000000000001087332258503688,-0.00000000000000002799212720808
1.94,0,-0.004480591660845054,-0.000000000000000009681059434155861,-0.000000000000000003257778306427249,-0.000000000000000008731034334229165,0.000000000000000007094285408016018
1.9466666666666668,0,-0.004264144865612836,0.00000000000000005714639997043026,-0.000000000000000030991056432002623,-0.000000000000000013753353248586433,-0.00000000000000006990912288852115
1.9533333333333334,0,-0.004081317603439613,-0.000000000000000053087715720112844,-0.000000000000000045984929123151765,-0.000000000000000011048550077739868,-0.00000000000000003298926006309209
1.96,0,-0.003930209704333812,-0.00000000000000007282272165687897,-0.00000000000000009103779923827878,-0.0000000000000001128297657854718,-0.000000000000000024645530218026432
1.9666666666666666,0,-0.0038078957161513612,-0.00000000000000007939092681938043,-0.0000000000000001253498221996315,-0.00000000000000012372419994391763,-0.00000000000000005836036786301093
1.9733333333333334,0,-0.0034590949790579114,0.00000000000000002053864672048259,0.000000000000000004151964839386648,0.000000000000000023793348169716557,0.000000000000000019351613499874173
1.98,0,-0.002479665490948094,0.00000000000000000931456908282901,-0.00000000000000002387920105925733,-0.000000000000000014998400218037286,0.00000000000000000771438333794309
1.9866666666666666,0,-0.0015742184665114242,0.000000000000000009338025515614209,-0.000000000000000013302420576458061,-0.0000000000000000022758515796764908,0.00000000000000000073345069763969075
1.9933333333333334,0,-0.0007542407594039692,0.0000000000000000041459992606584785,0.000000000000000010750194947321586,0.000000000000000008129247765208845,0.000000000000000003140910519219296
