# n,energy,berry,bcd_x,bcd_y,qmd_x,qmd_y
0.00000125,0,0.0000001280420703437183,-0.0000000000000000047652994141827555,0.000000000000000003667951273812252,0.0000000000000000024122662885383795,-0.000000000000000003164972935411114
0.006666666666666667,0,0.0007099783928679379,0.00000000000000000689378153673816,0.000000000000000008634343503113101,0.000000000000000005038544938956267,0.000000000000000006495435281741809
0.013333333333333334,0,0.0014830292369157074,-0.000000000000000013038845702792706,0.000000000000000023107048932764123,0.000000000000000007612271239379642,-0.000000000000000007081297355107973
0.02,0,0.0023389658253402776,-0.000000000000000009602274438262209,0.0000000000000000033728903451030883,-0.000000000000000004471592485852827,-0.000000000000000007107620807345707
0.02666666666666667,0,0.0032448950583877667,0.000000000000000007586484176154711,0.000000000000000001260541546138661,-0.0000000000000000026801563044092797,0.000000000000000008688165860789227
0.03333333333333333,0,0.0034656510039430296,0.000000000000000040519958198189336,-0.000000000000000014550192631368717,0.000000000000000004340628430301363,0.00000000000000003922910156549832
0.04,0,0.0035849062761883366,0.00000000000000005233893072858349,-0.000000000000000015468050042075038,0.000000000000000025951671545487012,0.000000000000000051218528634245703
0.04666666666666667,0,0.003732059026460407,0.0000000000000000473448074342672,0.000000000000000024544749572605493,0.00000000000000006513569129799645,0.0000000000000000024258562055480637
0.05333333333333334,0,0.003909558197026077,0.00000000000000003400469447355824,0.00000000000000013745338959210978,-0.00000000000000008244908198981662,-0.00000000000000008940360647975864
0.06,0,0.004119767314554393,0.00000000000000005624119069380493,0.00000000000000009596307118805268,0.000000000000000015373313003123097,0.0000000000000000014091409224807679
0.06666666666666667,0,0.00436530727460285,-0.0000000000000000216977107949123,-0.00000000000000004702759146584855,0.000000000000000012909024721573639,0.000000000000000017400059614232622
0.07333333333333333,0,0.0046515660604548896,0.00000000000000006188217159747505,-0.00000000000000004617437334480206,-0.00000000000000012356233291510828,-0.0000000000000000944320183822436
0.08,0,0.004980311943566569,-0.000000000000000015632403920445508,0.00000000000000007754486659247903,-0.000000000000000009486434791562262,-0.00000000000000001382324348150428
0.08666666666666667,0,0.005354041506979061,-0.00000000000000000012910002584330238,-0.00000000000000006871724245199218,0.000000000000000025048538509373437,-0.00000000000000013384399837476087
0.09333333333333334,0,0.005776144272892039,0.0000000000000000512814250333801,0.00000000000000003724642505385241,0.0000000000000004285779308166123,-0.0000000000000001818188801551133
0.1,0,0.006250520508537815,0.00000000000000009072943205329334,0.00000000000000012829572977432187,-0.00000000000000006745315323266895,-0.0000000000000001597911436424199
0.10666666666666667,0,0.006781510099820343,0.00000000000000008562865376764945,0.00000000000000000924134667806993,-0.00000000000000012438822823221247,0.00000000000000002848010577501128
0.11333333333333333,0,0.007374087244200992,0.00000000000000003780417556698291,0.00000000000000006554551016778861,0.0000000000000001621806497421921,0.00000000000000013261192154891162
0.12,0,0.008033396262053061,0.00000000000000004039478387247957,0.000000000000000050296582079211626,0.00000000000000003727917638575897,0.00000000000000016750316383399922
0.12666666666666668,0,0.008766148204667151,0.0000000000000005926177646956311,0.0000000000000004344478248406253,0.00000000000000063776209010286495,0.0000000000000008513365947815637
0.13333333333333333,0,0.009579886643783982,0.0000000000000006727476363969555,0.00000000000000041176384662963306,0.000000000000000818259282291668,0.0000000000000008636733380000027
0.14,0,0.010483606901625473,-0.000000000000000015126566486579004,-0.00000000000000008705290770022997,0.000000000000000019717191520254998,0.00000000000000031387777307276966
0.14666666666666667,0,0.01148909230627384,-0.00000000000000021233556825527747,-0.0000000000000002271278085600347,0.00000000000000009212419493282464,0.0000000000000005770039355784788
0.15333333333333332,0,0.01261018613813334,-0.00000000000000020477891757185687,-0.000000000000000048463765523340447,0.00000000000000040542071417110796,0.0000000000000008500530972555653
0.16,0,0.013865352995966133,0.0000000000000001777437011738284,0.00000000000000019701452857168775,0.00000000000000040693740716286327,0.0000000000000016467191324178938
0.16666666666666666,0,0.01527891922455636,0.00000000000000038902254738307503,-0.00000000000000000022494085690463105,0.00000000000000051281950516703815,0.00000000000000015878491348067647
0.17333333333333334,0,0.016881293607944818,0.00000000000000017277662380328185,0.0000000000000001261308178914565,0.0000000000000009075772318611924,-0.0000000000000014229656763223018
0.18,0,0.018715725949381132,0.00000000000000023634335449532066,0.00000000000000027528063803479178,0.00000000000000004760717124232164,0.0000000000000016698847731807295
0.18666666666666668,0,0.020841086332676423,0.00000000000000029384325181336094,0.0000000000000002815654380040146,-0.0000000000000009789246876752702,0.000000000000001265704661451639
0.19333333333333333,0,0.023336718986406813,0.0000000000000007723622833915758,0.00000000000000008806056069292056,0.00000000000000043249238950905174,0.000000000000000027503718750485407
0.2,0,0.02631808344937894,0.0000000000000008454919699589011,0.000000000000000008480720429188177,0.000000000000002740108382095838,0.0000000000000001685275665554504
0.20666666666666667,0,0.030086835691553012,0.0000000000000007475162113632556,-0.0000000000000004936450423734951,-0.000000000000005722547766603044,0.000000000000002936342746882436
0.21333333333333335,0,0.03495627162206844,0.0000000000000006308447660998005,-0.0000000000000007435318901984365,0.0000000000000025892616404872134,-0.000000000000005308437069933774
0.22,0,0.041549431151859356,0.000000000000000621349330437417,-0.0000000000000007392998136495176,0.000000000000010965347035274993,0.000000000000008921654573601934
0.22666666666666666,0,0.05128925331056727,0.0000000000000006437778730028262,-0.0000000000000015362322699550768,0.00000000000002988191136333077,0.000000000000014247697332599122
0.23333333333333334,0,0.06493685366674347,0.0000000000000004710719816985628,-0.0000000000000022702263954926212,0.00000000000004332367362414021,0.000000000000007407176645288163
0.24,0,0.0841652994236819,-0.00000000000000040890273996107277,0.0000000000000005884760152027696,-0.00000000000000751066720278327,0.00000000000002343146770932219
0.24666666666666667,0,0.09450427638377693,-0.00000000000000021837027397549736,-0.00000000000000043786925424387987,-0.000000000000015063759557786604,0.000000000000003986536557097228
0.25333333333333335,0,0.09862268360356093,0.00000000000000770230872163282,-0.000000000000012831897731246632,0.000000000000044768925558268614,-0.000000000000009512117041568929
0.26,0,0.09756669962096458,0.000000000000013996313297710879,-0.000000000000021927313675067498,0.00000000000004438944179666283,-0.000000000000005595878999962338
0.26666666666666666,0,0.09148708717711038,-0.00000000000001734011302423044,0.00000000000003227729584801343,-0.000000000000015715428276433195,-0.000000000000008769286142111374
0.2733333333333333,0,0.08007173875298768,0.00000000000008629935297514566,-0.0000000000001579872556434277,0.0000000000000053059106498747456,-0.000000000000014936202750049024
0.28,0,0.0625189446000214,0.00000000000019548191031425435,-0.0000000000003532510641349115,0.000000000000027114449715601846,0.0000000000000010164438474158626
0.2866666666666667,0,0.03682713149329692,-0.0000000000000008582276364423458,0.0000000000000043989239037928694,0.000000000000007819183890328962,-0.000000000000007859071526164087
0.29333333333333333,0,0.004022192189838082,0.0000000000000008230283614355062,0.000000000000004464768031585498,0.000000000000040843957835599507,-0.00000000000002810099405454366
0.3,0,-0.029412985332271914,0.000000000000002478191548977513,0.000000000000003445965918051868,0.00000000000020548143623088027,0.0000000000000702088096578099
0.30666666666666664,0,-0.06828141709432592,0.0000000000000000414291191779265,0.00000000000000625730969224267,-0.000000000000045210550129907386,0.000000000000016460990732781987
0.31333333333333335,0,-0.1107654154981533,-0.000000000000000926593534653284,0.0000000000000064704602453983745,-0.00000000000001499604918385302,-0.000000000000009060889074791283
0.32,0,-0.14896419474191486,0.00000000000000006335071239014422,0.000000000000005747930676674502,-0.000000000000019753856790457548,-0.00000000000005436175270232879
0.32666666666666666,0,-0.1840075086004584,0.0000000000000009802594693006097,0.0000000000000033172604924845297,-0.00000000000015991434319610517,0.0000000000000028589183898270066
0.3333333333333333,0,-0.2063586910364983,-0.000000000000000960049756448059,0.0000000000000001637542800775373,-0.0000000000002629932748021884,-0.00000000000010967824744771558
0.34,0,-0.19524725988065472,-0.0000000000000013353899939251188,0.0000000000000004208526417940015,0.000000000000008348506774560644,0.00000000000004376175630181641
0.3466666666666667,0,-0.174669751814031,0.000000000000029395066703220826,-0.0000000000000442718724257983,-0.00000000000015383292926753881,0.00000000000003742141522873879
0.35333333333333333,0,-0.1439190535165321,-0.000000000000001944258289694336,-0.00000000000003122751375608609,-0.00000000000006799008578323869,0.00000000000007152001684251592
0.36,0,-0.11264531553473581,-0.000000000000018343981812853438,-0.000000000000010704803237449939,0.00000000000004495205965064358,0.000000000000021232700954068878
0.36666666666666664,0,-0.08312037824633912,-0.0000000000000051413391927816294,-0.000000000000005535121519896281,0.00000000000003257368558463982,-0.00000000000005706041728272778
0.37333333333333335,0,-0.05508801836636333,-0.000000000000002986460048748762,-0.000000000000006141835065303594,-0.0000000000001260923671177414,-0.00000000000006509414147019011
0.38,0,-0.028615703825612515,-0.0000000000000016311007631159723,-0.000000000000008374887833762924,-0.00000000000010448609402043936,-0.000000000000008344589242600546
0.38666666666666666,0,-0.0032981796715097957,-0.000000000000003595433531435068,-0.000000000000009306880102079315,-0.00000000000008550270554860143,0.000000000000021620174949155012
0.3933333333333333,0,0.020839214496758185,-0.000000000000008968697838171512,-0.000000000000011502491518586066,-0.0000000000000792094622124187,0.000000000000013188551218303699
0.4,0,0.04277281187090255,-0.000000000000019183167055603338,-0.00000000000002893720706596507,-0.0000000000000610167155542841,-0.00000000000007171093318632448
0.4066666666666667,0,0.06176140046273699,-0.000000000000053697160680066436,-0.00000000000003621083523129559,-0.00000000000008729053771271716,-0.00000000000006882438417809533
0.41333333333333333,0,0.07784239529136971,-0.00000000000011667689648235302,-0.00000000000003984449209383885,-0.00000000000014213737283944484,-0.000000000000021891586034938625
0.42,0,0.0856830280681185,-0.00000000000027262428381753323,-0.00000000000005072210998978704,-0.0000000000002358522347122292,0.00000000000003277541672418559
0.4266666666666667,0,0.07112408686234639,0.0000000000057223929095641424,0.000000000002100879028110675,0.00000000000019392050534568534,-0.0000000000006802240390046189
0.43333333333333335,0,0.0389464985274821,0.00000000001655552329812354,0.000000000005953403146076259,0.000000000001035448546735167,-0.0000000000019970405340884043
0.44,0,-0.0032981682758010597,-0.00000006647613986134894,0.00000003377940806915501,0.00000005255013072700818,0.00000003124291704268998
0.44666666666666666,0,-0.047276958263413514,-0.00000011767690165769854,0.00000005978236909891769,0.00000009301088649803456,0.00000005530061691022008
0.4533333333333333,0,-0.08997675501289756,-0.00000003976450933778036,0.0000000201987920625182,0.00000003142799734449047,0.00000001868453770503705
0.46,0,-0.13199980188122876,-0.000000000001036909500824737,-0.000000000002141285676503848,-0.0000000000010099143981761514,-0.0000000000019678569767476597
0.4666666666666667,0,-0.173317471561485,-0.0000000000002280451845561271,-0.0000000000005225788342933997,-0.0000000000005910104910526201,-0.0000000000004579615752474586
0.47333333333333333,0,-0.20887522232186279,0.00000000000010084145430814993,0.00000000000014478602421399571,-0.0000000000004097569764052171,0.00000000000017733521160568444
0.48,0,-0.23991139608609735,0.000000000000052942229516645134,0.00000000000006534071250674786,-0.0000000000004150606967973561,0.00000000000012606591448167469
0.4866666666666667,0,-0.273560719950071,0.000000000000024135502490628115,0.00000000000003260829996676114,-0.000000000000468574469799472,0.00000000000004959490339973768
0.49333333333333335,0,-0.30934235958448697,0.000000000000010908146158457651,0.00000000000003799335017313884,-0.0000000000005614273743288584,-0.00000000000004744056439673814
0.5,0,-0.3666586790658276,0.00000000000000390776359633942,0.00000000000003886605624168565,-0.0000000000005543451496418075,-0.00000000000007686707833351546
0.5066666666666667,0,-0.4528567738760026,0.000000000000005258842894048819,0.000000000000033686918933799625,-0.00000000000041323242299215915,-0.000000000000015618150170689386
0.5133333333333333,0,-0.5390548686861761,0.0000000000000066099221917581946,0.00000000000002850778162591368,-0.00000000000027211969634251317,0.00000000000004563077799213565
0.52,0,-0.616037867919438,0.0000000000000007377541521175976,0.000000000000017729699747715174,-0.000000000000053399947855425564,0.00000000000012672392431213622
0.5266666666666666,0,-0.6825836429387948,-0.000000000000013315626050019189,0.0000000000000006101275014758159,0.0000000000002532192565548316,0.0000000000002302930778018231
0.5333333333333333,0,-0.7491294179581526,-0.000000000000027369006252156205,-0.000000000000016509444744763823,0.0000000000005598384609650938,0.00000000000033386223129151163
0.54,0,-0.7783856366674237,-0.00000000000001519160494549696,-0.000000000000010256138217114192,0.0000000000002310758179212964,0.0000000000001838804667233838
0.5466666666666666,0,-0.8016666543877871,0.0000000000000011889622639104276,-0.00000000000000025761018020318673,-0.00000000000019949909158312646,-0.000000000000006729769895174892
0.5533333333333333,0,-0.807273145512553,0.0000000000000008212244447284066,0.000000000000005885473226920508,-0.000000000000240112366251184,-0.000000000000020054897890661647
0.56,0,-0.8077296394873053,-0.000000000000004426628420153482,0.000000000000010905158575937968,-0.00000000000016709876117456642,0.000000000000018277244774562583
0.5666666666666667,0,-0.7910694602036628,0.000000000000003635602799876198,0.000000000000010891385149475653,-0.00000000000009919593149882498,-0.00000000000004528931717247697
0.5733333333333334,0,-0.7708545406766372,0.00000000000001446203304533515,0.000000000000009832277842854669,-0.00000000000003235449259207841,-0.00000000000013001790170215573
0.58,0,-0.729587907637837,0.000000000000014209670559993225,0.0000000000000035444245923390444,0.000000000000038280483687763846,-0.00000000000000693490900753676
0.5866666666666667,0,-0.6852821338852788,0.000000000000012984012891253996,-0.0000000000000021000962520205724,0.000000000000098455114694967,0.00000000000011667186032753446
0.5933333333333334,0,-0.6146105670806125,0.000000000000007463264579520607,0.000000000000007101150934201742,-0.000000000000005058916150034048,0.00000000000004950275586811157
0.6,0,-0.5383713377109298,0.0000000000000019205738150539376,0.000000000000011324117659555388,-0.00000000000009878245225570286,0.000000000000012720651807902727
0.6066666666666667,0,-0.4251279492839245,-0.000000000000003767952298012288,-0.000000000000017539885210447316,-0.00000000000012743576897336978,0.00000000000017789859523915906
0.6133333333333333,0,-0.3103378897819008,-0.000000000000009186959799734038,-0.00000000000004539192011666158,-0.00000000000015495494822311983,0.00000000000033604548479951363
0.62,0,-0.12972894480028055,-0.0000000000000031365508875856177,-0.00000000000003017946342325984,-0.00000000000013421068909575382,0.00000000000019498452273342473
0.6266666666666667,0,0.0508800001813397,0.000000000000002913858024562803,-0.0000000000000149670067298581,-0.0000000000001134664299683878,0.00000000000005392356066733584
0.6333333333333333,0,0.22061554692238547,0.000000000000009340637371938892,-0.000000000000006862847078979199,-0.00000000000009629675925989488,-0.000000000000014629263800616375
0.64,0,0.3772754294484316,0.00000000000001622001611120805,-0.00000000000000730667796538366,-0.00000000000008342566355416549,0.000000000000004011633428371022
0.6466666666666666,0,0.48111879572952787,0.000000000000014751769070177448,-0.000000000000013057143275951454,-0.00000000000008147789879957363,0.00000000000003486445487207847
0.6533333333333333,0,0.5211493195759112,0.000000000000003197932018783657,-0.000000000000025219077014260706,-0.00000000000009272768750750969,0.00000000000008047170639073816
0.66,0,0.4693757460077017,-0.000000000000002943390197065076,-0.000000000000025985531035455292,0.000000000000013431834833609271,0.00000000000013394747603884757
0.6666666666666666,0,0.38561299749668954,0.000000000000004351790545881049,-0.00000000000003243608438276012,-0.000000000000026723008324430886,0.0000000000000872566055548223
0.6733333333333333,0,0.30058161982978376,0.00000000000001091879311631584,-0.00000000000002307326142651357,-0.00000000000011632492068320017,0.00000000000003360116492079194
0.68,0,0.2905813305252297,0.00000000000000807548084553347,0.000000000000016795058599233948,-0.00000000000015534117065102078,0.00000000000005808208704507999
0.6866666666666666,0,0.5058060034616932,0.00000000000000976823705282703,0.000000000000034094476264383784,-0.0000000000001424476535329678,0.00000000000008418382554358893
0.6933333333333334,0,0.7584485843090111,0.0000000000000004565623826472579,0.000000000000009872873207632911,-0.0000000000001599582053336,0.000000000000012904366820193932
0.7,0,1.056212251926687,-0.00000000000000017092123988607724,0.000000000000022802348455008367,-0.00000000000007573335638005155,0.0000000000000025275553612531383
0.7066666666666667,0,1.4098009526876267,-0.0000000000000023643704518522463,0.000000000000027967526727157957,-0.000000000000005453507827244975,-0.00000000000003348864377734682
0.7133333333333334,0,1.8083243371764859,0.000000000000015043912710586454,0.00000000000001991145828876265,-0.000000000000027162935699941384,-0.00000000000004672965116427809
0.72,0,2.212767471308214,0.000000000000010071467932458038,0.00000000000001757108880760117,-0.00000000000003064745413724454,-0.00000000000001973682036779594
0.7266666666666667,0,2.5632087852583747,0.000000000000009625032821905904,0.00000000000003422412673805596,-0.00000000000003913720153754189,0.000000000000010300660476888959
0.7333333333333333,0,2.7132734731475474,0.000000000000009145214718172374,0.000000000000037285001536035935,-0.00000000000000944269493307719,0.000000000000024954702073100644
0.74,0,2.7765811116225674,0.00000000000001140865625491445,0.000000000000024532883755119755,-0.00000000000000776987644899637,0.00000000000002100561520873714
0.7466666666666667,0,2.785236987137494,0.000000000000009697924573446469,0.000000000000007400575932983545,-0.000000000000011877186633537983,0.000000000000014228181052627608
0.7533333333333333,0,2.7523021542287918,-0.000000000000006667843999144182,-0.000000000000006297712540019214,-0.000000000000013606523712114232,-0.000000000000011275483742275759
0.76,0,2.678892209966964,-0.0000000000000004684120373016787,0.0000000000000017788580029473786,-0.000000000000017047614563110076,0.000000000000008684751227547503
0.7666666666666667,0,2.5633003077944103,-0.0000000000000016539516837128175,-0.0000000000000008488840644191126,0.0000000000000063145488213188715,-0.00000000000001280873025575591
0.7733333333333333,0,2.384044297500794,-0.000000000000005216994826282035,-0.0000000000000054297510556825825,-0.000000000000012768618172645502,-0.00000000000000944042498905738
0.78,0,2.1159304058228408,-0.000000000000012467712893152829,-0.000000000000018228898287546746,-0.000000000000004337250911005016,-0.000000000000010608504219347877
0.7866666666666666,0,1.9396391974245437,0.0000000000000014529137066076984,-0.00000000000002147066120303158,-0.0000000000000012900514709977756,-0.0000000000000031881950566691833
0.7933333333333333,0,1.8407109782032878,-0.0000000000000012829587582292385,-0.00000000000001223084007783883,-0.000000000000003308785729016923,0.0000000000000028855690353740197
0.8,0,1.7780173039881548,0.0000000000000012635618035198015,-0.000000000000005373128750154571,-0.000000000000002045408386549776,-0.000000000000012741175433591042
0.8066666666666666,0,1.736970868064122,-0.000000000000001619623901495662,-0.000000000000006408920205494356,0.000000000000002016394161512912,-0.0000000000000032295979166468842
0.8133333333333334,0,1.709918151655318,-0.000000000000009823764402264635,-0.000000000000008500738705573846,-0.000000000000001850908308341008,0.0000000000000065462215538119934
0.82,0,1.6924681920330318,-0.0000000000000034660801318843494,-0.000000000000009812782987963946,-0.0000000000000016322362504803604,0.000000000000002676400321744811
0.8266666666666667,0,1.6818689006880885,0.0000000000000025381381639821937,-0.000000000000003852423359684716,-0.0000000000000010124916069455212,0.000000000000000702358711562687
0.8333333333333334,0,1.676722921023596,0.0000000000000007086607637556126,-0.0000000000000034490178124639697,0.0000000000000019102472085876277,-0.0000000000000020165101576926304
0.84,0,1.6756030003750557,0.00000000000000034765454312476877,-0.0000000000000015913780234346876,-0.000000000000001345616606729384,-0.0000000000000016649724623361568
0.8466666666666667,0,1.6774031772419518,0.0000000000000009073189092126728,0.0000000000000023717984025640235,-0.000000000000000007471721514435629,0.0000000000000023044797288149384
0.8533333333333334,0,1.6816318720079546,-0.000000000000001340233364502129,0.000000000000008049589258681832,0.00000000000000445274350483626,-0.000000000000003348802206999368
0.86,0,1.6881424352067187,0.000000000000003597752485156095,0.0000000000000006217071585980063,0.0000000000000010946274976482548,-0.0000000000000004700684057422215
0.8666666666666667,0,1.6962767700659243,0.0000000000000024726238354665904,-0.0000000000000011854558884994942,0.000000000000004278913677450531,0.000000000000003527235619506711
0.8733333333333333,0,1.7060254859949973,0.0000000000000015454087452423693,-0.000000000000004487499760499034,-0.00000000000000035832399275988435,-0.00000000000000018670283093305377
0.88,0,1.717246007700742,0.0000000000000005737964741492416,-0.0000000000000014358752706149055,-0.0000000000000009599029789687804,-0.000000000000001770029646559917
0.8866666666666667,0,1.729745897391909,0.00000000000000023653446880626906,0.0000000000000006107203163380321,0.0000000000000007736313040614961,-0.0000000000000006827766964211723
0.8933333333333333,0,1.7436606786099438,-0.00000000000000034744109578771645,0.0000000000000015821966448848545,0.0000000000000011158110208378402,0.0000000000000004462213404999309
0.9,0,1.7588068758157354,0.0000000000000012211475038613098,-0.0000000000000029977250001885046,-0.0000000000000017475480000983383,0.0000000000000018397071607636
0.9066666666666666,0,1.7753240392132936,-0.000000000000001990655870150044,-0.0000000000000002949521455213578,0.000000000000001955059458308448,0.0000000000000013431031260543963
0.9133333333333333,0,1.793219293670079,-0.0000000000000009691467991545207,-0.0000000000000007852441848377624,0.0000000000000018192994676293826,0.0000000000000015238800095567075
0.92,0,1.8125431647160815,-0.000000000000001089066808131085,-0.0000000000000026060575958186136,0.0000000000000012115441513844365,-0.0000000000000004575585371555251
0.9266666666666666,0,1.8335471894957913,-0.0000000000000019212211993114915,-0.000000000000001353993004432684,0.0000000000000003365609773207348,0.0000000000000025344081342052546
0.9333333333333333,0,1.856194668718384,-0.0000000000000013506696010247516,-0.0000000000000029037982247407447,0.0000000000000020642971920530477,0.0000000000000013744164891513527
0.94,0,1.880721107595022,-0.0000000000000029751940617180426,-0.000000000000004757152927310763,0.000000000000003087336769419052,0.000000000000002258590919284914
0.9466666666666667,0,1.9074831342440846,-0.000000000000006708635280462861,-0.000000000000002444260359937492,-0.0000000000000008262229557116789,0.000000000000006021148479064382
0.9533333333333334,0,1.9366273814906394,0.0000000000000006062117305844272,0.0000000000000003299875798231225,0.0000000000000007079960503536695,-0.0000000000000000929624538504245
0.96,0,1.9033734258248436,0.0000000000000026490292864816454,-0.000000000000002276510985217954,0.00000000000000023976571648929477,-0.0000000000000012123847713055405
0.9666666666666667,0,1.5738947161943708,0.0000000000000003495858557341747,-0.000000000000000035470655499545816,-0.0000000000000006921286166981807,0.0000000000000008976542732765844
0.9733333333333334,0,1.2389425961107416,-0.0000000000000005531069429626221,0.000000000000000670983330625735,-0.0000000000000005833682302656962,0.0000000000000022584017989047134
0.98,0,0.9180134832530195,0.000000000000001137144308202264,0.0000000000000012158610703722506,-0.0000000000000003656949675782634,-0.0000000000000006742101998482262
0.9866666666666667,0,0.6067173452321669,0.00000000000000026054293004492795,0.0000000000000015733673297535601,0.00000000000000026553311569305506,-0.0000000000000008784568047793474
0.9933333333333333,0,0.30180944059650594,0.0000000000000029568704754037345,-0.00000000000000017434794730065015,-0.0000000000000007246853039855825,-0.000000000000001894910459780748
1,0,0.000000000000004343747583845925,-0.0000000000000008049116928532385,-0.00000000000000013877787807814457,0.00000000000000020122792321330962,-0.000000000000000485722573273506
1.0066666666666666,0,-0.30180944059649223,-0.000000000000003556603543846324,0.000000000000001421227566121388,0.00000000000000008478689583653563,0.0000000000000015488674369246006
1.0133333333333334,0,-0.6067173452321634,-0.0000000000000007046321398948999,-0.0000000000000011920804823251834,0.0000000000000005840176006993922,0.000000000000000028906088386813887
1.02,0,-0.9180134832530107,-0.0000000000000012508587390224905,-0.000000000000000831321204290012,0.0000000000000005823553157878732,0.0000000000000005712642824588427
1.0266666666666666,0,-1.238942596110733,0.0000000000000001752302007200776,-0.0000000000000004489387257007037,0.0000000000000005668151133638167,-0.0000000000000022915080327084723
1.0333333333333334,0,-1.5738947161943724,-0.0000000000000003495858557342216,0.00000000000000009924128090403137,0.0000000000000009141732216231807,-0.000000000000000876397398141641
1.04,0,-1.903373425824833,-0.000000000000000969296346398056,0.0000000000000011574274048106963,-0.0000000000000004640254603597858,0.0000000000000016048393230790462
1.0466666666666666,0,-1.93662738149063,-0.00000000000000041412816775474865,-0.000000000000000014980521047656997,-0.000000000000001023003109129038,0.000000000000000407969512625832
1.0533333333333332,0,-1.9074831342440763,0.000000000000007172140876114618,0.000000000000004216910892753461,0.00000000000000038954635902987153,-0.000000000000005680668958508747
1.06,0,-1.8807211075950137,0.000000000000002753149456793012,0.00000000000000453734913286272,-0.0000000000000028697737854479975,-0.0000000000000021486890220608928
1.0666666666666667,0,-1.8561946687183761,0.0000000000000017021384798867854,0.0000000000000030266939712665662,-0.0000000000000011393148294038003,-0.0000000000000017840689775706575
1.0733333333333333,0,-1.8335471894957833,0.0000000000000013652361695155814,0.0000000000000016076958730980343,-0.0000000000000004475832797831517,-0.0000000000000025187973817059223
1.08,0,-1.8125431647160728,0.0000000000000003672916314112018,0.0000000000000028863092549630706,-0.0000000000000015834157615849205,-0.0000000000000004203774887166512
1.0866666666666667,0,-1.7932192936700708,0.0000000000000015507191521999075,0.0000000000000012007049758684385,-0.000000000000002044951684752589,-0.0000000000000015686264438849225
1.0933333333333333,0,-1.7753240392132856,0.0000000000000015417888837304246,0.000000000000002082239743476651,-0.0000000000000030436114899254798,-0.0000000000000008320956961643849
1.1,0,-1.758806875815726,-0.000000000000000749939678702425,0.000000000000004157628710059296,0.000000000000001747548000098463,-0.0000000000000013309937089369055
1.1066666666666667,0,-1.7436606786099351,0.0000000000000001050301083813534,-0.0000000000000011353134369284222,-0.0000000000000005431271241502538,-0.000000000000000396298185481348
1.1133333333333333,0,-1.7297458973919004,-0.0000000000000011512443119751765,0.000000000000000009104991322871578,-0.0000000000000010777184836865679,0.0000000000000017629434844014332
1.12,0,-1.7172460077007332,-0.000000000000001532735543357708,0.0000000000000019506633505748645,0.0000000000000001503200456563788,0.00000000000000188105194902236
1.1266666666666667,0,-1.7060254859949888,-0.0000000000000020437371792903834,0.0000000000000048237918492929786,-0.0000000000000007493551777987204,0.0000000000000008275795603357892
1.1333333333333333,0,-1.6962767700659158,-0.000000000000002562823200632802,0.0000000000000007807100145818546,-0.00000000000000228972238776633,-0.000000000000003261192556651799
1.14,0,-1.6881424352067103,-0.0000000000000037044811548246334,-0.000000000000000850937376832988,-0.0000000000000012364060558070136,0.0000000000000002304545185917827
1.1466666666666667,0,-1.681631872007946,0.000000000000001100794974317989,-0.0000000000000070469642750353974,-0.000000000000004711054376009094,0.000000000000003938701289830178
1.1533333333333333,0,-1.677403177241943,-0.0000000000000010466614050971653,-0.0000000000000018204510089604928,-0.0000000000000002625840551755388,-0.0000000000000011994982124306207
1.16,0,-1.675603000375047,-0.0000000000000008496107446202446,0.000000000000002824167927578467,0.00000000000000038573866690128817,0.0000000000000011230288899019182
1.1666666666666667,0,-1.6767229210235879,-0.0000000000000005519567511896431,0.0000000000000039559446096712644,-0.0000000000000020207955065984713,0.0000000000000003916783963953825
1.1733333333333333,0,-1.68186890068808,-0.000000000000004783472118563856,0.0000000000000032610869505844785,0.000000000000002337983779558137,-0.00000000000000012744088662192533
1.18,0,-1.6924681920330231,0.0000000000000021371498548902447,0.000000000000010050840991657643,0.0000000000000022929044686160317,-0.000000000000002486382514357376
1.1866666666666668,0,-1.7099181516553097,0.000000000000008699012690399285,0.000000000000008947650185073173,0.0000000000000004839387650118978,-0.000000000000006005499615741755
1.1933333333333334,0,-1.736970868064114,0.0000000000000025617051580363505,0.000000000000007142535211385162,-0.000000000000002218837734859611,0.0000000000000042968410396297154
1.2,0,-1.7780173039881466,-0.0000000000000006371259870772097,0.000000000000008059476866995915,-0.0000000000000013522247578343785,0.000000000000011511858413968495
1.2066666666666668,0,-1.8407109782032802,0.0000000000000018293169325984625,0.000000000000015544002475827615,-0.00000000000000033882912176020613,-0.000000000000003843774158621811
1.2133333333333334,0,-1.9396391974245386,0.000000000000004150041349665563,0.00000000000001535004874778928,0.000000000000007509011412719394,0.000000000000002192615710502068
1.22,0,-2.1159304058228323,0.00000000000000494591546315631,0.0000000000000207221540852839,0.0000000000000005528149029675664,0.000000000000006804898471659636
1.2266666666666666,0,-2.3840442975007767,0.00000000000000453439103937039,0.000000000000003922249810205291,0.000000000000012195921780177268,0.000000000000007474717414755253
1.2333333333333334,0,-2.5633003077944037,-0.00000000000000009761218244074355,0.0000000000000009998244279245162,-0.000000000000004054808416787867,0.000000000000019590446292397555
1.24,0,-2.6788922099669565,-0.0000000000000032221479349601224,-0.0000000000000005064658574093753,0.000000000000011022447081275337,-0.000000000000009543017312095275
1.2466666666666666,0,-2.7523021542287847,0.000000000000007170483094984693,0.0000000000000029114038003500496,0.000000000000015962558971027205,0.000000000000008253143315837514
1.2533333333333334,0,-2.785236987137486,-0.0000000000000066829960695330605,-0.00000000000000522724434805259,0.000000000000020289958041754426,-0.000000000000013536057731714062
1.26,0,-2.776581111622559,-0.000000000000006006159876100212,-0.00000000000002334958827449803,0.000000000000018440740051606814,-0.00000000000001907463174653779
1.2666666666666666,0,-2.7132734731475407,-0.00000000000001047244400649059,-0.00000000000003397933013926434,0.000000000000005989971962688413,-0.00000000000001865468130270813
1.2733333333333334,0,-2.5632087852583636,-0.000000000000015205017495143984,-0.00000000000003493869982759288,0.00000000000003776657051767092,-0.0000000000000033209812189231626
1.28,0,-2.212767471308197,-0.00000000000000872904454252651,-0.000000000000022457836335147888,0.00000000000003716664994570145,0.00000000000002195726641704707
1.2866666666666666,0,-1.8083243371764746,-0.000000000000013323301458566893,-0.000000000000020589424311342507,0.00000000000003162811737711611,0.00000000000005696924289563392
1.2933333333333332,0,-1.4098009526876254,0.0000000000000032525488715519534,-0.000000000000026305648782138067,0.000000000000004148892933038489,0.00000000000005374641050066784
1.3,0,-1.056212251926679,-0.000000000000000016949833500195992,-0.000000000000022605904230852798,0.0000000000000713949610618595,0.0000000000000018110781000157384
1.3066666666666666,0,-0.7584485843089966,0.00000000000000036654165898696014,-0.000000000000012152365395787359,0.00000000000015930579477504553,-0.00000000000002411221617145731
1.3133333333333332,0,-0.5058060034616845,-0.000000000000009890786071356763,-0.00000000000003124078551042408,0.00000000000014339305140490405,-0.00000000000008290111590605634
1.32,0,-0.29058133052521506,-0.000000000000006624489477768832,-0.000000000000016850036050140866,0.00000000000012800101330352886,-0.00000000000007118058393436203
1.3266666666666667,0,-0.3005816198297776,-0.000000000000006031404371892995,0.000000000000023565617354920974,0.00000000000009582679488905618,-0.00000000000003204206731344925
1.3333333333333333,0,-0.3856129974966817,-0.00000000000000005307082942858756,0.00000000000003355518209881603,0.000000000000014972482305843676,-0.00000000000008256722209626041
1.34,0,-0.46937574600769466,0.000000000000005918899456259732,0.00000000000002406918896107604,-0.000000000000025454362561688962,-0.0000000000001283889331245009
1.3466666666666667,0,-0.521149319575903,0.0000000000000020770839297811975,0.0000000000000146149905474951,0.0000000000000724734985567136,-0.00000000000005218160808640416
1.3533333333333333,0,-0.4811187957295204,-0.000000000000016469865021140103,0.000000000000009446168708713753,0.00000000000008372328726464947,-0.000000000000023601063801377893
1.36,0,-0.37727542944842085,-0.000000000000021347836021626038,0.00000000000000746968526070212,0.00000000000008978919637828217,-0.000000000000004830014586783622
1.3666666666666667,0,-0.22061554692237742,-0.00000000000001491228816876145,0.0000000000000081354315903088,0.00000000000009156451992389999,0.000000000000005821926686923284
1.3733333333333333,0,-0.05088000018133168,-0.000000000000007365661387278387,0.00000000000001428941603363578,0.00000000000010652794527740477,-0.00000000000006409287620256292
1.38,0,0.1297289448002855,0.0000000000000011049110897292604,0.000000000000025007283249441373,0.00000000000013245826918661185,-0.00000000000020100498644317633
1.3866666666666667,0,0.3103378897819087,0.000000000000009575483566737189,0.00000000000003572515046524732,0.0000000000001583885930958198,-0.0000000000003379170966837943
1.3933333333333333,0,0.42512794928393066,0.000000000000004212041507862439,0.000000000000016827275511854283,0.00000000000014004583557027862,-0.00000000000017144099488028194
1.4,0,0.5383713377109324,-0.0000000000000014764846052036033,-0.000000000000002766536655373191,0.00000000000012066270955538693,0.00000000000000216439464440022
1.4066666666666667,0,0.6146105670806191,-0.000000000000005419598929530406,0.0000000000000046682822326745404,0.00000000000002495240218195894,-0.000000000000028716814993088053
1.4133333333333333,0,0.6852821338852843,-0.00000000000000910009780401927,0.00000000000001616984121545224,-0.00000000000008224212753752923,-0.00000000000009036517114077655
1.42,0,0.7295879076378432,-0.000000000000002008170724797974,0.0000000000000013529903457043824,-0.000000000000020962780736426985,0.000000000000049546158359379607
1.4266666666666667,0,0.7708545406766449,0.000000000000004872092193076485,-0.000000000000014072376434861317,0.00000000000004964915225844341,0.00000000000018614506835623022
1.4333333333333333,0,0.7910694602036703,-0.0000000000000028946947221439374,-0.00000000000001171880464237028,0.00000000000009342558759877671,0.0000000000000590521915617142
1.44,0,0.8077296394873129,-0.000000000000007403279371881045,-0.000000000000009652252777825647,0.00000000000014897846285183813,-0.00000000000003504207974417066
1.4466666666666668,0,0.8072731455125608,0.0000000000000037769289054762075,-0.000000000000008967750230232346,0.0000000000002612368806571395,0.00000000000002975749476132851
1.4533333333333334,0,0.8016666543877948,0.000000000000017426523598162663,-0.000000000000006181683362622701,0.00000000000024486940826744253,0.000000000000029631798570759015
1.46,0,0.7783856366674312,0.00000000000003955092606281698,0.0000000000000038168446742883834,-0.00000000000021293553503963523,-0.00000000000019331410318844982
1.4666666666666666,0,0.7491294179581603,0.00000000000005460862039778258,0.000000000000010693585897036353,-0.0000000000005587685036694545,-0.00000000000036994238136627103
1.4733333333333334,0,0.6825836429388018,0.000000000000025564967980032443,-0.0000000000000019118702842745588,-0.00000000000020581573059274895,-0.00000000000025751533974917374
1.48,0,0.6160378679194455,-0.0000000000000034786844377167383,-0.00000000000001451732646558505,0.00000000000014713704248394487,-0.00000000000014508829813208014
1.4866666666666666,0,0.5390548686861849,-0.00000000000002016695304306753,-0.00000000000002860019826462528,0.00000000000035377832392513244,-0.00000000000005601470059657679
1.4933333333333334,0,0.4528567738760082,-0.000000000000025946570038824532,-0.000000000000043987490266316,0.00000000000043124020366047303,0.000000000000012439983820700939
1.5,0,0.36665867906583427,-0.00000000000003172618703458134,-0.0000000000000593747822680062,0.0000000000005087020833958111,0.00000000000008089466823797638
1.5066666666666666,0,0.3093423595844948,0.0000000000000012665255772978687,-0.00000000000007427348730508164,0.0000000000004938680323201133,0.00000000000005742123997615613
1.5133333333333334,0,0.2735607199500781,0.00000000000006316846193022365,-0.00000000000008880789465821793,0.0000000000004102167669783217,-0.00000000000003459515189981463
1.52,0,0.2399113960861055,0.00000000000004447846256570302,-0.0000000000002284314140801098,0.0000000000003125180087401566,-0.00000000000014246097937208005
1.5266666666666666,0,0.20887522232187183,-0.00000000000007297684528520479,-0.0000000000005213514715709438,0.00000000000019760406691048198,-0.00000000000026975026878341195
1.5333333333333334,0,0.1733174715615022,0.0000000000023819889481770283,-0.0000000000011727363470692139,0.000000000000931264194141542,-0.0000000000031218423890598463
1.54,0,0.13199980188126603,0.000000000008113894841074903,-0.000000000002280760198109153,0.000000000002745900679725024,-0.00000000000944498971680584
1.5466666666666666,0,0.08997675547695161,0.00000000003580694943437524,0.000000000032266993704450686,0.00000000020669740521029662,0.0000000001176199400345054
1.5533333333333332,0,0.04727695963664939,0.00000000008456987277910563,0.00000000010102345716712286,0.0000000006045821751467429,0.00000000037265947236249623
1.56,0,0.003298169051651978,0.000000000048181158624004896,0.000000000055545009249894875,0.00000000034094930348633713,0.0000000002118939102694149
1.5666666666666667,0,-0.03894649852747957,0.000000000001937164930704389,-0.000000000003093381598187215,-0.000000000000729074532839808,0.0000000000010608780478712142
1.5733333333333333,0,-0.07112408686234059,0.0000000000007002704523876563,-0.000000000001046400644208346,-0.0000000000001591398935613591,0.00000000000030782361474517716
1.58,0,-0.08568302806811108,0.000000000000010869847437354922,0.00000000000008462944919173344,0.00000000000015496027837528319,-0.00000000000005818307769226133
1.5866666666666667,0,-0.07784239529136278,0.0000000000000175289019826307,0.000000000000051159855665740014,0.00000000000014380374719995205,0.0000000000000678857245889806
1.5933333333333333,0,-0.06176140046273047,0.00000000000001446298622244432,0.00000000000003431303692807378,0.00000000000009011158073701486,0.00000000000008704148513061227
1.6,0,-0.042772811870895475,0.000000000000010105372743344181,0.000000000000022476205525647254,0.00000000000006134408550254708,0.00000000000005689657389737245
1.6066666666666667,0,-0.020839214496751038,0.000000000000006675281967175049,0.000000000000014820091307015605,0.00000000000009954885348462977,-0.000000000000035280009170509616
1.6133333333333333,0,0.003298179671516771,0.000000000000005797268549787004,0.000000000000009976474569162068,0.0000000000000950585911172694,-0.00000000000003280047091904727
1.62,0,0.028615703825620266,0.0000000000000039986874643274755,0.0000000000000069141272401983535,0.00000000000009985546228343105,0.000000000000010020222028052306
1.6266666666666667,0,0.05508801836637123,0.0000000000000010265872354977307,0.000000000000005392985632715072,0.00000000000011136727873837379,0.00000000000007921147024630994
1.6333333333333333,0,0.08312037824634673,0.0000000000000034952837306033196,0.000000000000002673235256751288,-0.000000000000031231325589081254,0.00000000000009260101055874704
1.64,0,0.11264531553474257,0.000000000000002623678015888597,0.0000000000000024850070755464237,-0.000000000000026127792959910402,0.000000000000009242586219420823
1.6466666666666667,0,0.1439190535165401,0.0000000000000007089781653674992,0.0000000000000025205102102945583,0.00000000000008100809348966381,-0.00000000000005935903721829822
1.6533333333333333,0,0.17466975181404035,0.0000000000000003138010569568514,0.0000000000000016456270585429155,0.0000000000001498240981672667,-0.0000000000000427171310772469
1.66,0,0.19524725988066377,0.000000000000001626522475876178,-0.00000000000000036774998666758836,0.0000000000000049187494916242605,-0.000000000000047664603223469836
1.6666666666666667,0,0.20635869103650742,0.0000000000000011028791643639608,-0.00000000000000078074522356835165,0.00000000000026240046885826993,0.00000000000012087176872672755
1.6733333333333333,0,0.18400750860046808,-0.0000000000000019751400597615565,-0.000000000000008910738576067108,0.00000000000015345208818306475,-0.000000000000013898435106962124
1.68,0,0.14896419474192407,0.0000000000000024323571694213158,-0.000000000000014352266565714432,0.00000000000001850761501263828,0.000000000000035172009401682496
1.6866666666666668,0,0.11076541549816105,0.0000000000000022434146536543605,-0.000000000000015514885502530545,0.000000000000020841391800167776,-0.0000000000000015954885011644996
1.6933333333333334,0,0.06828141709433516,-0.0000000000000009562704435845583,-0.000000000000008101780515563204,0.00000000000004572307572246319,-0.000000000000025066508768769632
1.7,0,0.02941298533228229,-0.0000000000000031585262502958816,-0.000000000000003518670710905792,-0.00000000000020199211537263826,-0.00000000000007532990400533024
1.7066666666666668,0,-0.0040221921898299096,-0.0000000000000013468100733593581,-0.000000000000003094806554183238,-0.000000000000038472927466658755,0.000000000000021885661053945982
1.7133333333333334,0,-0.03682713149328856,-0.00000000000000032108664877456687,-0.0000000000000030808688933348094,-0.000000000000004946891133370525,0.000000000000010278345266754397
1.72,0,-0.06251894460001363,0.0000000000000005141714156977616,-0.0000000000000032202265899883817,-0.000000000000018488188168890895,0.000000000000006873097450328074
1.7266666666666666,0,-0.08007173875298032,-0.0000000000000004304667272397657,-0.000000000000002361026644915754,-0.000000000000004840188828977132,0.0000000000000160137815907707
1.7333333333333334,0,-0.0914870871771034,-0.0000000000000007461144646869266,-0.0000000000000009610167271392677,0.000000000000017536072567920347,0.00000000000000866980879562316
1.74,0,-0.09756669962095764,-0.0000000000000008125979660223795,-0.0000000000000004251057272134152,-0.00000000000003917422139587397,0.0000000000000057236276109414265
1.7466666666666666,0,-0.0986226836035541,-0.00000000000000024195596789213923,-0.00000000000000005991071158233151,-0.00000000000004792501766699759,0.000000000000007409531597713435
1.7533333333333334,0,-0.0945042763837699,0.0000000000000005878332609893031,0.0000000000000002255410456063185,0.000000000000004994766929603062,-0.000000000000001549365509634651
1.76,0,-0.084165299423675,-0.00000000000000000015597065767636635,0.0000000000000004093805881127597,-0.0000000000000012140092366106634,-0.000000000000014301618881371982
1.7666666666666666,0,-0.0649368536667368,-0.0000000000000006905228793630181,0.0000000000000025096517469909825,-0.000000000000045319703573053344,-0.00000000000000768965412194054
1.7733333333333334,0,-0.051289253310560404,-0.0000000000000006207134193575365,0.0000000000000015855863809441467,-0.00000000000002994993217314953,-0.000000000000015925541528124456
1.78,0,-0.041549431151852605,-0.0000000000000007638614157336158,0.000000000000000789760600894542,-0.000000000000010948901212856873,-0.000000000000009164072044941418
1.7866666666666666,0,-0.03495627162206172,-0.000000000000001046384559583199,0.0000000000000007892887376451754,-0.0000000000000027352548141988797,0.0000000000000066543446556297255
1.7933333333333332,0,-0.03008683569154631,-0.0000000000000006980017889065366,0.0000000000000004497422006262496,0.000000000000006207541453813441,-0.0000000000000017404592868864692
1.8,0,-0.0263180834493721,-0.0000000000000008449654268000101,0.0000000000000001558149248393025,-0.000000000000002487807121550411,-0.0000000000000005402562440897686
1.8066666666666666,0,-0.023336718986399996,-0.0000000000000007229071014681733,0.00000000000000014029187040510817,0.00000000000000015113026901455033,0.0000000000000005606580656179261
1.8133333333333332,0,-0.020841086332669574,-0.0000000000000002271550749245712,-0.00000000000000020212140447664533,0.0000000000000005974928298488469,-0.0000000000000005802915345681641
1.82,0,-0.018715725949374228,-0.00000000000000024831021617440873,-0.00000000000000021330832443180734,-0.0000000000000004432944330741846,-0.0000000000000013661437489193085
1.8266666666666667,0,-0.016881293607937938,-0.00000000000000013044753658543732,-0.00000000000000008472936239947803,-0.0000000000000009726046862043453,0.0000000000000014309033899159096
1.8333333333333333,0,-0.015278919224549508,-0.00000000000000035330236163361853,0.0000000000000000387865485401313,-0.0000000000000005221445463413729,-0.0000000000000005350651632395168
1.84,0,-0.013865352995959226,-0.00000000000000018094180921141653,-0.00000000000000020665152868049562,-0.0000000000000005041672738095093,-0.0000000000000018600566718461762
1.8466666666666667,0,-0.012610186138126448,0.00000000000000022908834549456613,-0.000000000000000023253670989700714,-0.0000000000000004601091010596383,-0.0000000000000006070520150646184
1.8533333333333333,0,-0.011489092306266971,0.00000000000000022148882918066778,0.0000000000000001574340520219801,-0.00000000000000017096218773674152,-0.0000000000000003223805343077266
1.86,0,-0.010483606901618587,-0.000000000000000005289658616712479,0.00000000000000007170795598264058,-0.00000000000000002742068478744214,-0.0000000000000002841890111586634
1.8666666666666667,0,-0.009579886643777132,-0.0000000000000006471084723640627,-0.0000000000000003889026185897554,-0.0000000000000007538065695342697,-0.0000000000000009046870557190904
1.8733333333333333,0,-0.008766148204660327,-0.0000000000000014085456444549539,0.000000000000000315414490404965,-0.0000000000000003766259634334523,-0.0000000000000010361614945207889
1.88,0,-0.008033396262046261,-0.0000000000000005832455682101473,0.000000000000000551284058086795,0.00000000000000020959285654757416,-0.00000000000000021073428705835616
1.8866666666666667,0,-0.007374087244194184,0.00000000000000036370784130708147,-0.0000000000000005803723279261414,-0.00000000000000005000420395811347,-0.00000000000000009534931862579745
1.8933333333333333,0,-0.006781510099813539,0.00000000000000002727346545626528,-0.0000000000000001877034030094701,0.00000000000000010849005379120389,-0.00000000000000003698250461786957
1.9,0,-0.00625052050853101,-0.00000000000000011855737134092512,-0.00000000000000004619380383967359,0.0000000000000000145751422605212,0.0000000000000001771191678647153
1.9066666666666667,0,-0.005776144272885209,-0.000000000000000040851667679105053,-0.000000000000000023281511915812857,-0.00000000000000041135919504733766,0.00000000000000017290578972851194
1.9133333333333333,0,-0.005354041506972242,-0.000000000000000018049191241165497,0.00000000000000005709459184173098,-0.000000000000000030381808963141226,0.00000000000000014298155651795655
1.92,0,-0.004980311943559748,0.00000000000000001585293411819367,-0.00000000000000008232118490785721,0.000000000000000011784996872059315,0.000000000000000018362400927087853
1.9266666666666667,0,-0.004651566060448067,-0.00000000000000005999417680188715,0.0000000000000000476664172313954,0.00000000000000011652243387128374,0.00000000000000008479003412445286
1.9333333333333333,0,-0.004365307274596037,0.00000000000000002984307963015106,0.00000000000000003275786561022693,-0.0000000000000000014484351370984207,-0.000000000000000020134206964359196
1.94,0,-0.004119767314547581,-0.00000000000000006357256878407451,-0.0000000000000000961023889172744,-0.0000000000000000001512904519139475,-0.000000000000000007117648810909353
1.9466666666666668,0,-0.003909558197019256,-0.000000000000000034112396151561315,-0.0000000000000001419357166240404,0.00000000000000008341880068079594,0.00000000000000008965148177474667
1.9533333333333334,0,-0.003732059026453593,-0.00000000000000005158660996795182,-0.000000000000000022828793518209442,-0.00000000000000006474951350713071,-0.000000000000000007663746407509744
1.96,0,-0.003584906276181524,-0.000000000000000052587480656316144,0.000000000000000014568978810850257,-0.00000000000000002663390234221447,-0.00000000000000005128194762071692
1.9666666666666666,0,-0.0034656510039362187,-0.000000000000000039822408386921496,0.00000000000000001433335219687318,-0.000000000000000004340628430301844,-0.00000000000000003898353472762283
1.9733333333333334,0,-0.003244895058380953,-0.00000000000000000710654685914286,-0.000000000000000000896245349170996,0.0000000000000000028738685148975343,-0.000000000000000008153285677342056
1.98,0,-0.0023389658253334714,0.000000000000000008505879110645934,-0.000000000000000004081081976918582,0.000000000000000005656635346721326,0.000000000000000007231200082325429
1.9866666666666666,0,-0.0014830292369088986,0.000000000000000014787356066686565,-0.000000000000000022827744574075402,-0.000000000000000007679814778717902,0.000000000000000006333844907632202
1.9933333333333334,0,-0.0007099783928611197,-0.0000000000000000067809444927397954,-0.000000000000000009024120192565496,-0.000000000000000005040017214539386,-0.000000000000000006351365750604683
