# n,energy,berry,bcd_x,bcd_y,qmd_x,qmd_y
0.00000384375,0,-0.0000000000000006571732678498607,0.000000000000000000000000010698759626712778,0.0000000000000000000000000000003821045009664276,-0.000000000000000000000000000000040059342843254506,-0.000000000000000000000000007071577184506565
0.006666666666666667,0,-0.00000390642608790403,0.00000000000000000002203074743734576,-0.000000000000000000006303729719959106,0.0000000000000000000000976630951086395,-0.000000000000000000005774473505595538
0.013333333333333334,0,-0.000029823790391685426,-0.00000000000000000006291693515142118,0.000000000000000000006532531552377466,0.00000000000000000001560977943204482,0.000000000000000000021537804234315925
0.02,0,-0.00010094790646389336,-0.00000000000000000003184750270010423,-0.00000000000000000012543637603709405,0.000000000000000000010817167149255,0.00000000000000000004916566086247822
0.02666666666666667,0,-0.00024293604015474,-0.00000000000000000043192478121124603,-0.00000000000000000036022999897319763,0.00000000000000000015344896712020014,0.00000000000000000040745385857354203
0.03333333333333333,0,-0.0004841158066404095,-0.0000000000000000008802989771732277,-0.0000000000000000003115462067024129,0.00000000000000000007452270756966147,0.0000000000000000005194912772731504
0.04,0,-0.0008558020850001074,0.000000000000000003545810532651146,0.0000000000000000003792808452207455,-0.00000000000000000010525253662328474,-0.0000000000000000012747718785381785
0.04666666666666667,0,-0.001392574788374509,0.000000000000000003945607591300265,-0.00000000000000000036662165187405404,0.00000000000000000003688591923221479,-0.0000000000000000021086087597668326
0.05333333333333334,0,-0.0021325347712405547,0.000000000000000002202925461232386,-0.0000000000000000006509436398795131,-0.00000000000000000039704807079177285,-0.000000000000000002058505950363722
0.06,0,-0.003117810776668298,-0.0000000000000000062898295082806996,-0.00000000000000000009514086031712674,0,-0.0000000000000000018158565254301232
0.06666666666666667,0,-0.0043946785125240145,-0.0000000000000000032216827131323656,-0.000000000000000003667733103856227,0.0000000000000000007311100968481202,0.0000000000000000011214041887314984
0.07333333333333333,0,-0.00601367000427229,0.000000000000000007519041691403259,0.000000000000000002265095642887014,0.0000000000000000005303721669102068,-0.0000000000000000012651408631710586
0.08,0,-0.008030728628807653,0.00000000000000002060290296509167,-0.000000000000000008673617379884035,0.0000000000000000013324571958917749,-0.000000000000000004336808689942018
0.08666666666666667,0,-0.010506867450133475,-0.000000000000000003850508658284549,0.000000000000000003469446951953614,0.00000000000000000008529252783893297,0.0000000000000000011005388550733375
0.09333333333333334,0,-0.01350779974630613,-0.00000000000000000021609295393648764,0.0000000000000000027162904406016442,0.0000000000000000027162904406016442,0.0000000000000000052782543291319804
0.1,0,-0.017093261919003025,-0.000000000000000046147823326733864,-0.00000000000000000014912659992214675,0.00000000000000000005592247497080503,0.00000000000000002747596324077489
0.10666666666666667,0,-0.019869306393497238,0.0000000000000000034010967822331193,-0.000000000000000011342126357353556,0.0000000000000000017176359335466834,0.000000000000000004270384926437707
0.11333333333333333,0,-0.022448979059450785,-0.000000000000000052766651227314115,-0.000000000000000004519234149743511,-0.000000000000000009923457926788886,0.000000000000000008551207924817028
0.12,0,-0.02528078285737413,-0.00000000000000001755704199069266,-0.000000000000000016579668000672256,0.00000000000000000901135240399126,-0.00000000000000002542726152917961
0.12666666666666668,0,-0.028378807095538992,-0.0000000000000000009727663898092719,0.000000000000000054144316356869245,0.0000000000000000010251261557914351,-0.00000000000000000887065162217369
0.13333333333333333,0,-0.031763974349640685,-0.000000000000000036633907826187595,0.000000000000000036633907826187595,0.000000000000000009062333579676597,0.0000000000000000029928727599134446
0.14,0,-0.0354572718031283,0.000000000000000048543761911573665,-0.00000000000000004851526649579674,-0.000000000000000013735310728929798,-0.000000000000000034409515361766825
0.14666666666666667,0,-0.03949820410837161,0.000000000000000042014200115215914,-0.00000000000000003545614290308123,0.00000000000000001891249825285896,0.00000000000000003088610260181069
0.15333333333333332,0,-0.043898246272594366,0.000000000000000029442066181563286,-0.00000000000000000421622641483593,0.0000000000000000086253844698416,-0.000000000000000029309841000334305
0.16,0,-0.04868023445159708,0.00000000000000018964164860038926,-0.000000000000000022329113515139357,0.000000000000000001356615525122389,-0.00000000000000007444872593359121
0.16666666666666666,0,-0.05387711583487237,0.0000000000000000635568726215137,-0.000000000000000027755575615628914,0.000000000000000010025856133783323,-0.000000000000000038150374244861784
0.17333333333333334,0,-0.05951172328440597,-0.000000000000000008781898867782084,0.00000000000000000737201985549942,0.000000000000000009486838373923415,-0.000000000000000003252883976157518
0.18,0,-0.06561405696779837,0.000000000000000008425047410041403,-0.000000000000000016850094820082805,0.00000000000000001437317230985918,0.0000000000000000013631850994432636
0.18666666666666668,0,-0.07222200556670644,0.000000000000000021771982058254155,0.000000000000000010308377899864519,0.000000000000000014833088154346927,0.000000000000000012985435330826972
0.19333333333333333,0,-0.07937271972172902,0.00000000000000010240452053842678,0.00000000000000005730748492592566,0.0000000000000000025125572673766125,-0.000000000000000005142560209239399
0.2,0,-0.08710101584491507,0.0000000000000002776379492044925,-0.000000000000000022237337711784462,0.000000000000000002718022427820564,-0.0000000000000000833078233709884
0.20666666666666667,0,-0.0954474494685974,0.00000000000000021314753228272507,0.0000000000000000019771272538458285,0.00000000000000004064479979652046,-0.000000000000000050568333096643254
0.21333333333333335,0,-0.10451434282487566,0.00000000000000010524496285868155,0.000000000000000025955476014744392,0.000000000000000028655625416071174,0.000000000000000009377538805603148
0.22,0,-0.11438776647277088,0.00000000000000007521219903275609,0.0000000000000000058232599936838095,-0.000000000000000038041371250206396,-0.000000000000000008054527814130647
0.22666666666666666,0,-0.12505995803062167,-0.0000000000000000810390732518457,0.00000000000000007078965284278494,-0.00000000000000004666244462590971,-0.0000000000000000006047278997922809
0.23333333333333334,0,-0.1365873487467386,-0.00000000000000010031844751955754,0.000000000000000018321293818613355,0.000000000000000004717140898507779,-0.00000000000000003610086010933313
0.24,0,-0.14902363141336158,-0.000000000000000019189632393269587,-0.00000000000000004043701073509011,0.000000000000000016964406730640862,-0.00000000000000008326672684688674
0.24666666666666667,0,-0.16242828575683965,-0.0000000000000000183380628947278,0.000000000000000037173088336530026,-0.00000000000000006021990759170838,-0.00000000000000007868221112320478
0.25333333333333335,0,-0.17697819732314574,-0.00000000000000013143671524100575,-0.00000000000000007592556400974793,-0.0000000000000000036705814185694064,-0.0000000000000000504075480366353
0.26,0,-0.19293261226692882,0.000000000000000007346716347319241,-0.0000000000000000623917847861062,0.00000000000000004174988412156109,-0.00000000000000007466593490332628
0.26666666666666666,0,-0.21017285148746473,-0.0000000000000006599038525294336,-0.00000000000000005551115123125783,-0.0000000000000000053752320675244215,0.00000000000000012222481678650335
0.2733333333333333,0,-0.22879089589219226,-0.0000000000000011836724428467352,0.0000000000000000004846715029415385,-0.000000000000000046178514108891266,0.00000000000000027743458828055377
0.28,0,-0.2488656767614637,-0.000000000000001006558200152858,0.00000000000000009176083316609934,-0.000000000000000027755575615628914,0.00000000000000025140530298202826
0.2866666666666667,0,-0.27082552396448833,-0.0000000000000006864939047654258,-0.00000000000000003626488498887349,-0.000000000000000027755575615628914,0.00000000000000026207411282827597
0.29333333333333333,0,-0.2950005764892127,-0.0000000000000009774254141247472,-0.00000000000000005551115123125783,-0.00000000000000008128934008383135,0.00000000000000012092126309993483
0.3,0,-0.32112738325422435,-0.0000000000000009266783504559693,-0.00000000000000014244054228596518,-0.000000000000000024092911407808315,0.00000000000000008509805895079705
0.30666666666666664,0,-0.34928285400386694,-0.0000000000000005876653256821642,-0.00000000000000027032157540749225,0.00000000000000007846848909292967,0.00000000000000018520947925554501
0.31333333333333335,0,-0.38034611266323076,-0.0000000000000007693414874601331,-0.00000000000000022994909501238806,-0.00000000000000010320767268503919,0.00000000000000036688564103351387
0.32,0,-0.4148039948146575,-0.0000000000000014243532284003867,-0.000000000000000031447209372062684,-0.000000000000000035537622153619894,0.000000000000000771738300310496
0.32666666666666666,0,-0.4520710023360118,-0.0000000000000019486951370725218,0.0000000000000001723382976722714,0.000000000000000026304364621004428,0.0000000000000010477729794899915
0.3333333333333333,0,-0.4923261968661569,-0.000000000000002102422888890176,0.0000000000000003260660494899255,-0.000000000000000012127573333409087,0.0000000000000010477729794899915
0.34,0,-0.538526701099899,-0.0000000000000017886904338766425,-0.000000000000000005484922907560839,-0.0000000000000000316963051917675,0.000000000000001105683160987839
0.3466666666666667,0,-0.5887061037710255,-0.0000000000000014664400204545178,0.00000000000000002078601856853622,0.000000000000000002646793492602817,0.000000000000000965075130378129
0.35333333333333333,0,-0.6430908640265093,-0.0000000000000011598790299980677,0.0000000000000004806275042532116,0.00000000000000009732004054533009,0.00000000000000059539864188652715
0.36,0,-0.7068515647728401,-0.0000000000000004815113707843735,0.00000000000000016923313832052866,0.0000000000000001080862575187085,0.0000000000000006250291855617938
0.36666666666666664,0,-0.7758519590783096,-0.00000000000000032139087452849727,-0.00000000000000009363417441232214,0.00000000000000007991995976620947,0.0000000000000008423804233874957
0.37333333333333335,0,-0.8545020726090731,-0.0000000000000013291671428746018,-0.00000000000000012614308629445453,-0.00000000000000001760677588018777,0.0000000000000013950319253837467
0.38,0,-0.9463358317776613,-0.0000000000000010126937264929993,-0.00000000000000018417223459583647,-0.00000000000000012814212165956486,0.0000000000000011195643353154047
0.38666666666666666,0,-1.0465509742104542,0.00000000000000014565942862798963,-0.000000000000000258425641975387,-0.00000000000000024694757346684577,0.0000000000000003176275356162584
0.3933333333333333,0,-1.1786726128515006,0.0000000000000002988864220502892,-0.00000000000000033200680158120417,-0.0000000000000002231047107313741,0.00000000000000005657125703760061
0.4,0,-1.3218671551628134,0.00000000000000010329212552869715,-0.00000000000000040535466277680115,-0.0000000000000001497568495357771,-0.00000000000000001677660415799639
0.4066666666666667,0,-1.4828294903640387,0.00000000000000006794673335455425,-0.00000000000000042467585746304713,-0.0000000000000000624889214949769,-0.00000000000000012345788458581208
0.41333333333333333,0,-1.6636751400508372,0.0000000000000002119302753283111,-0.0000000000000003835377026134023,0.000000000000000040356465629135134,-0.00000000000000026744142655956894
0.42,0,-1.8445207897376354,0.00000000000000035591381730206795,-0.0000000000000003423995477637575,0.00000000000000014320185275324718,-0.00000000000000041142496853332577
0.4266666666666667,0,-1.9543220206630723,0.000000000000000003747749722636676,-0.00000000000000033306690738754696,-0.000000000000000013054023791104978,0.0000000000000002742607000894512
0.43333333333333335,0,-2.041764364185587,-0.0000000000000003970532419343637,-0.00000000000000033306690738754696,-0.00000000000000021480830216876995,0.0000000000000010306236943062815
0.44,0,-2.1156367032371572,0.00000000000000007200187767124705,-0.00000000000000033306690738754696,-0.00000000000000014264597607559907,0.0000000000000002368381072814018
0.44666666666666666,0,-2.1847337358310654,0.00000000000000029891896952480426,-0.0000000000000004612461875986378,0.00000000000000005988340448560555,0.000000000000000017156977748575242
0.4533333333333333,0,-2.2494900214574742,0.00000000000000032103388990730165,-0.0000000000000005859136982401251,0.0000000000000002849348374665656,0.00000000000000027017667484601267
0.46,0,-2.3088290796942523,0.0000000000000002031100974937852,0.00000000000000020024491784998463,-0.0000000000000001867603321875001,0.0000000000000007418718445000784
0.4666666666666667,0,-2.364980465064656,0.0000000000000009187469798264845,0.00000000000000010977208712441329,0.00000000000000005696973579237727,-0.00000000000000011477294847682274
0.47333333333333333,0,-2.4185324432815913,0.0000000000000009509570081141238,-0.00000000000000014411251087154648,0.00000000000000039213448048107273,-0.0000000000000007725172837267223
0.48,0,-2.469552476829012,-0.000000000000001314525809791241,0.00000000000000010303106926358422,0.00000000000000022737209372431893,0.00000000000000029843823019217746
0.4866666666666667,0,-2.517481254404485,-0.000000000000000049155982034972144,0.00000000000000002989364799303241,-0.00000000000000018359866742238492,0.0000000000000002113739256833221
0.49333333333333335,0,-2.5634955837065174,-0.00000000000000010267419688808295,0.00000000000000016402902202144367,-0.00000000000000022371422603991783,0.00000000000000022120979436758805
0.5,0,-2.6076299699168723,-0.0000000000000006661338147750939,0.00000000000000010173594495698153,-0.00000000000000013993867276633633,0.0000000000000002630975710043788
0.5066666666666667,0,-2.6499319501084315,-0.0000000000000006436202459101219,-0.0000000000000005325979434476062,-0.00000000000000021454008197004062,0.0000000000000002164162127087883
0.5133333333333333,0,-2.6898584865482236,-0.0000000000000001245193317775541,-0.00000000000000001349702931503845,-0.000000000000000041506443925851376,0.00000000000000008664098417564635
0.52,0,-2.728015738662649,-0.00000000000000039800540671445716,0.000000000000000044688068010106127,0.00000000000000013266846890481905,-0.00000000000000044199560716181364
0.5266666666666666,0,-2.7644460379282685,0.00000000000000006111751002078072,0.00000000000000004277948969387498,0.00000000000000013648562553728135,-0.0000000000000003707509651457973
0.5333333333333333,0,-2.79912399526,0.0000000000000009679052632110162,0.00000000000000014999769690507812,0.00000000000000001948769722128123,0.00000000000000021909266449244545
0.54,0,-2.8319554645390856,-0.00000000000000017501178267877928,0.0000000000000003258310885804313,0.00000000000000010740439305895781,-0.00000000000000004465742302058429
0.5466666666666666,0,-2.862455247853613,-0.000000000000000982698847467623,0.0000000000000010937211499301386,-0.0000000000000003115633878389241,0.00000000000000032481597004003795
0.5533333333333333,0,-2.891042732640928,-0.0000000000000011595288997821294,0.0000000000000005916705018836736,0.00000000000000004964220859428019,-0.00000000000000023479149051090877
0.56,0,-2.9176424022282066,-0.0000000000000015769003509285587,-0.00000000000000015555910876780072,0.0000000000000004440892098500626,-0.00000000000000009658501637848145
0.5666666666666667,0,-2.94216747795269,-0.000000000000002617768955571533,-0.00000000000000034848286363395967,0.0000000000000003644172546699768,0.0000000000000014127172369146803
0.5733333333333334,0,-2.9642351930165267,-0.000000000000003583830606925406,0.0000000000000001784598552863347,-0.00000000000000007470167776360182,0.000000000000002773985927458774
0.58,0,-2.983402257794049,-0.0000000000000026981586065989795,0.0000000000000002220446049250313,-0.00000000000000011102230246251565,0.00000000000000244402356730439
0.5866666666666667,0,-2.9998890643909712,-0.000000000000002728257531199524,-0.0000000000000002314287430597633,0.00000000000000005903020303178234,0.000000000000002162588863485372
0.5933333333333334,0,-3.013592683907062,-0.000000000000003595293967600208,-0.0000000000000004714660153151861,0.00000000000000015715533843839538,0.0000000000000021512464952864936
0.6,0,-3.024394461013879,-0.000000000000004400389161467099,0,-0.000000000000000023348115276317123,0.000000000000002297478394384871
0.6066666666666667,0,-3.0309857774059665,-0.00000000000000029557844072702234,0,-0.0000000000000002798987853225719,0.0000000000000013140341592075608
0.6133333333333333,0,-3.0332987090215346,-0.000000000000003863828466205481,0,-0.00000000000000033306690738754696,0.0000000000000029179711976552716
0.62,0,-3.0315036780151847,-0.000000000000007289362097986347,0.00000000000000007953871504198339,-0.00000000000000005468140474060511,0.0000000000000039885171185501045
0.6266666666666667,0,-3.025365893625589,-0.000000000000011600555817256888,0.0000000000000002220446049250313,0.00000000000000037405668360804755,0.000000000000004731869475699738
0.6333333333333333,0,-3.012762186282215,-0.00000000000003523584257571172,0.0000000000000002220446049250313,-0.00000000000000011494924932550071,0.000000000000011414950559124898
0.64,0,-2.9929892197217,-0.000000000000018644050672923248,0.000000000000000098010032711741,-0.000000000000000035992746605095844,0.000000000000005777607826440946
0.6466666666666666,0,-2.9667523366887965,-0.0000000000000014139551635171252,0.00000000000000011733907398231354,0.00000000000000006702014971914808,0.00000000000000038654421741061136
0.6533333333333333,0,-2.93333710423016,-0.000000000000001337337447745812,0.00000000000000042380993706756616,-0.000000000000000047906423937821645,0.00000000000000096117708569546
0.66,0,-2.885524327377542,0.00000000000000009951277243371794,0.0000000000000004440892098500626,0.00000000000000008084888705292368,0.0000000000000006242106168811418
0.6666666666666666,0,-2.8276976699354477,0.0000000000000010272539577839926,0.000000000000000051343911151136646,0.000000000000000026267275587014206,0.00000000000000031844496956542515
0.6733333333333333,0,-2.7570992563793766,0.000000000000001095145049609662,-0.0000000000000008991313744082309,-0.0000000000000003131881835413313,0.0000000000000001487172400012524
0.68,0,-2.658314289738676,0.000000000000000971585910576302,-0.0000000000000002784003403320287,-0.00000000000000020372857322033194,0.0000000000000005269336446090796
0.6866666666666666,0,-2.55148215283324,0.0000000000000007933683462888798,0.0000000000000007909050453925038,0.000000000000000033894845829564215,0.0000000000000010615863374713458
0.6933333333333334,0,-2.370162707470439,0.0000000000000002688815235131658,0.0000000000000005977357947147288,-0.00000000000000014416815344620224,0.0000000000000008651620597937283
0.7,0,-2.181389153856434,-0.00000000000000029025722306395214,0.0000000000000002782279395278043,-0.0000000000000003638298038872128,0.0000000000000005955773069797607
0.7066666666666667,0,-2.0059401116081874,-0.000000000000001935678084184733,0.000000000000000035923161765802284,-0.000000000000000519188350546776,-0.0000000000000003913187164683094
0.7133333333333334,0,-1.920298698162375,-0.000000000000010902674816998794,0.0000000000000003139695720856181,-0.00000000000000024114194022696017,-0.000000000000006212915432539453
0.72,0,-1.848646141025611,-0.000000000000009841375820546659,0.00000000000000010212775850986951,-0.000000000000000004159348918705309,-0.000000000000004769640160023906
0.7266666666666667,0,-1.791232753813622,-0.0000000000000013780296988324023,-0.00000000000000039188102330582174,0.00000000000000011758827880854765,0.000000000000001645916279095652
0.7333333333333333,0,-1.7447631633312746,-0.0000000000000009435362762207258,-0.0000000000000000442862852164804,-0.00000000000000020828178815020985,0.000000000000000038290615432448386
0.74,0,-1.7056230435626063,-0.0000000000000007277796981759759,-0.0000000000000004811961645724481,0.00000000000000026147074431756585,-0.0000000000000006176548579804436
0.7466666666666667,0,-1.6715898810249084,-0.00000000000000028181305668691523,-0.00000000000000028181305668691523,0.0000000000000002738133010739581,-0.0000000000000006309002558420162
0.7533333333333333,0,-1.6420365062628928,-0.00000000000000015408633539904337,-0.00000000000000010272422359936224,0.00000000000000028323381751474773,-0.00000000000000016678389424128735
0.76,0,-1.6163759258438812,-0.0000000000000001234026533093382,-0.0000000000000003059103065563148,0.00000000000000021253501474000738,0.000000000000001362867758403218
0.7666666666666667,0,-1.5941493592071727,0.0000000000000013605955671421414,-0.0000000000000003729297747114932,-0.00000000000000020709602967855146,0.000000000000002697069669614085
0.7733333333333333,0,-1.5750016815758512,0.000000000000002553993982164833,-0.0000000000000000935430994975893,-0.0000000000000002496231161923482,0.0000000000000010448831419504305
0.78,0,-1.5585609102300282,0.00000000000000015736183459477933,0.00000000000000041197651369708664,-0.00000000000000009837672542163171,0.00000000000000009040873096304939
0.7866666666666666,0,-1.5446131850287854,0.0000000000000012206950494364001,-0.0000000000000000011005553025441876,0.0000000000000002626951043096077,0.0000000000000009130985193333373
0.7933333333333333,0,-1.5330496455483342,0.0000000000000006164461974206348,-0.0000000000000014462392148314367,0.0000000000000005691642513264801,0.0000000000000005120222654199352
0.8,0,-1.5236589430107537,0.0000000000000008580733204724896,0.00000000000000012494396104317526,0.0000000000000004968267533318795,0.0000000000000006294383505611084
0.8066666666666666,0,-1.5163905640954878,-0.00000000000000012721395726472364,0.0000000000000010045979404300435,0.0000000000000004497763382615828,0.00000000000000006649525175644364
0.8133333333333334,0,-1.5110642695849248,0.0000000000000007022704765518337,0.0000000000000008236331030246824,-0.00000000000000025995680763294,0.00000000000000018919709769840594
0.82,0,-1.507725140272444,0.000000000000001068995318230776,-0.0000000000000007379851789284361,0.00000000000000008296960481006292,0.0000000000000012072189782614457
0.8266666666666667,0,-1.5062587640548766,0.0000000000000006791050011416054,-0.0000000000000008968258772777996,-0.000000000000000520521682001881,0.00000000000000005188474546604591
0.8333333333333334,0,-1.506964861066593,-0.0000000000000002395367352741276,0.000000000000000466934429812379,-0.0000000000000007832256376055476,0.0000000000000018628374341197856
0.84,0,-1.509602154555189,0.00000000000000008781643939578379,0.0000000000000013554734926169197,-0.00000000000000017995627024669823,0.0000000000000006013523330920388
0.8466666666666667,0,-1.5142619303060878,0.0000000000000010548859292241115,0.0000000000000002495390967953409,0.00000000000000037500486851386286,0.0000000000000015624042482542866
0.8533333333333334,0,-1.5208941329963477,0.000000000000004507918586838303,-0.000000000000000796769275091062,-0.000000000000000031039300929585344,-0.0000000000000004727437615706812
0.86,0,-1.5298310380878413,0.000000000000005254865094850759,-0.0000000000000005357448139500738,-0.0000000000000006902301166875962,-0.0000000000000006203060127250884
0.8666666666666667,0,-1.5411486515807078,0.000000000000006077613812878833,-0.0000000000000010415216013501038,0.0000000000000007663170051486738,0.0000000000000010502090050347903
0.8733333333333333,0,-1.5547849781751302,0.0000000000000012782631423048565,-0.0000000000000006436515631102082,0.0000000000000003248391095269573,-0.0000000000000007977256118890841
0.88,0,-1.5712648936503166,0.0000000000000040247769318957066,0.0000000000000000559480864902857,-0.0000000000000004729371236132612,0.000000000000002459536222611111
0.8866666666666667,0,-1.5906262948495244,0.000000000000002714432984045071,0.0000000000000009554089244345095,-0.00000000000000015481410019064707,0.0000000000000016469841026119514
0.8933333333333333,0,-1.6130366149472681,0.00000000000000158669878108936,0.0000000000000002220446049250313,0.0000000000000005689741749326711,-0.00000000000000016653345369377348
0.9,0,-1.6392179879690802,0.000000000000003963834507108727,0.0000000000000002220446049250313,-0.00000000000000027014401753160877,0.000000000000000588541224577485
0.9066666666666666,0,-1.6688752642346303,0.0000000000000056298443833713635,0.00000000000000017910137206380554,0.00000000000000011817950793938662,0.0000000000000013661359292088012
0.9133333333333333,0,-1.7033900883615891,0.000000000000010756834233911605,-0.000000000000000178457624270186,0.0000000000000002884525013200005,0.000000000000005038049453348998
0.92,0,-1.742525384240391,-0.0000000000000005163562683283766,0.000000000000000005243429490089566,0.00000000000000029693337814839,0.0000000000000003394785749522914
0.9266666666666666,0,-1.787350966247153,0.0000000000000006385553957011608,-0.000000000000002128045568226014,-0.00000000000000031307042403784154,0.0000000000000005620061170810616
0.9333333333333333,0,-1.8388779665178425,-0.0000000000000009759709325120047,-0.000000000000000483713261430448,-0.00000000000000015406411790334454,0.0000000000000005426421765221493
0.94,0,-1.8876821625333788,0.0000000000000009726218367253809,0.00000000000000040865069593371595,0.0000000000000005196729983962317,-0.00000000000000034635635010617697
0.9466666666666667,0,-1.703051250777313,0.00000000000000040501441549477326,0.000000000000000783358197840962,-0.00000000000000015009709681780501,-0.0000000000000002820008616810532
0.9533333333333334,0,-1.4779444207890307,-0.00000000000000013738163406759893,-0.0000000000000005569943217129414,0.00000000000000016559204899359194,-0.00000000000000017500609599540734
0.96,0,-1.257754727051665,0.000000000000000464377619456206,-0.00000000000000012615211352845986,0.00000000000000010272045428094366,-0.0000000000000004433522672014627
0.9666666666666667,0,-1.0418715599784438,-0.0000000000000009241444631287332,-0.00000000000000044096503767337057,0.00000000000000002892714018188843,-0.0000000000000014417278459243575
0.9733333333333334,0,-0.8295680836199906,-0.0000000000000022294451687161096,0.0000000000000002631155233818624,-0.0000000000000002692107498358512,-0.000000000000002022782350141237
0.98,0,-0.6198495412418624,0.000000000000016960312496766742,0.0000000000000013586716720459951,0.00000000000000024953166106794267,0.000000000000006367143343435247
0.9866666666666667,0,-0.41209392513099363,0.0000000000000003145953909105566,0.0000000000000009498789436904755,-0.00000000000000027934139869465245,-0.000000000000001406072374035025
0.9933333333333333,0,-0.20573144545253164,-0.00000000000000013711377560275706,0.00000000000000037391905887228443,0.00000000000000009039931289321543,0.0000000000000006686331901726852
1,0,0.00000000000003174543961037557,-0.0000000000000005568462357885551,0.00000000000000004163336342344337,-0.0000000000000001196959198423997,0.00000000000000007112366251504909
1.0066666666666666,0,0.20573144545259095,0.00000000000000009406406282982494,0.0000000000000010334093504838984,-0.0000000000000005677698645978795,-0.00000000000000027546309515069213
1.0133333333333334,0,0.4120939251310603,-0.0000000000000008095778728726686,-0.0000000000000015627396980198387,-0.0000000000000006524943263158871,-0.0000000000000003815924663908792
1.02,0,0.6198495412419236,-0.000000000000016553725985355865,-0.0000000000000005678391566051005,0.00000000000000034457727829659043,-0.000000000000006132505353953886
1.0266666666666666,0,0.8295680836200554,0.0000000000000011923648615388211,-0.00000000000000008823706336765511,-0.00000000000000014599799446535736,0.00000000000000012176080886460323
1.0333333333333334,0,1.0418715599785109,0.000000000000003940515452299583,0.0000000000000014948958680230012,0.0000000000000007841950204842752,0.0000000000000018760445018730445
1.04,0,1.2577547270517284,0.0000000000000005634133604941503,0.00000000000000003910293391508714,-0.000000000000000456812713923234,0.00000000000000031619247922358965
1.0466666666666666,0,1.477944420789098,-0.00000000000000012324470052509772,0.00000000000000039140227271935874,-0.000000000000000054569746531073175,0.0000000000000003133132717234876
1.0533333333333332,0,1.703051250777373,-0.000000000000000365939621139465,-0.0000000000000007052086091303927,0.00000000000000005416708600819198,0.00000000000000019806210222262568
1.06,0,1.8876821625334426,-0.0000000000000009903410936835543,-0.000000000000000035438513916346667,0.00000000000000016002720557142468,0.0000000000000004175103244128026
1.0666666666666667,0,1.8388779665179062,0.00000000000000195365074695423,0.00000000000000035458781510795893,-0.0000000000000000034177638604558826,-0.00000000000000036278494607282307
1.0733333333333333,0,1.7873509662472173,0.0000000000000009978260602512027,-0.0000000000000005089112718004466,-0.000000000000000006207273812750746,0.0000000000000009299003613944433
1.08,0,1.7425253842404536,0.0000000000000005784217064222787,-0.00000000000000018591107568588022,-0.0000000000000001317107818271536,-0.000000000000000019377621992106737
1.0866666666666667,0,1.7033900883616517,-0.000000000000010865801685548479,0.0000000000000005333180219851625,-0.0000000000000002874250759072788,-0.00000000000000436883336233571
1.0933333333333333,0,1.6688752642346953,-0.000000000000006528844228857786,0.0000000000000004584036208038207,0.00000000000000021488739944815226,-0.0000000000000030764170443044824
1.1,0,1.6392179879691426,-0.000000000000004803913514202101,0.0000000000000003478903846368975,-0.0000000000000002813385139224334,-0.0000000000000010401959499597746
1.1066666666666667,0,1.6130366149473319,-0.0000000000000017624941767801749,0.00000000000000002159103107609779,-0.00000000000000007863575584836898,0.0000000000000003708512117707181
1.1133333333333333,0,1.5906262948495886,-0.0000000000000016897582458038319,-0.0000000000000003727880869712852,0.0000000000000006325185624078799,-0.0000000000000011514543596748607
1.12,0,1.5712648936503804,-0.000000000000003582435463081773,-0.0000000000000001678442594708687,0.0000000000000002517663892063031,-0.0000000000000024040250713798813
1.1266666666666667,0,1.5547849781751946,0.0000000000000011124241665421656,0.0000000000000004786247734022883,0.00000000000000015900013376422153,0.0000000000000007707233682665621
1.1333333333333333,0,1.5411486515807713,-0.0000000000000052364585922760445,0.0000000000000009446062586166832,-0.0000000000000011384369440834355,-0.0000000000000002457556560241192
1.14,0,1.5298310380879054,-0.000000000000005845896917950967,-0.0000000000000004440892098500626,0.0000000000000003595280110750128,0.000000000000001315489875043986
1.1466666666666667,0,1.5208941329964114,-0.000000000000004865368150497238,0.0000000000000002220446049250313,-0.000000000000000465321931852921,-0.00000000000000024813601937611333
1.1533333333333333,0,1.5142619303061509,-0.0000000000000038321840490891314,-0.00000000000000011067419080208997,-0.000000000000000020968980563157924,-0.0000000000000006946726416266806
1.16,0,1.5096021545552525,0.00000000000000135979688407198,-0.0000000000000002525300080700121,0.00000000000000029097857270921164,-0.0000000000000007201668916947574
1.1666666666666667,0,1.5069648610666568,0.000000000000001261582677399051,0.0000000000000005611810326805298,0.0000000000000006604225097845228,-0.000000000000001826156685640937
1.1733333333333333,0,1.5062587640549403,0.0000000000000014851325738537605,0.000000000000000025942372733047018,-0.0000000000000002710701629730274,-0.000000000000000001429593709048984
1.18,0,1.5077251402725076,0.00000000000000003386891399139868,0.0000000000000002008365076543122,-0.00000000000000004704392273340816,-0.0000000000000006605746944467491
1.1866666666666668,0,1.511064269584988,-0.0000000000000006151669823956418,-0.0000000000000010030647256016592,-0.000000000000000012428786518182567,0.00000000000000006689570649551575
1.1933333333333334,0,1.5163905640955513,-0.0000000000000017570872474836166,-0.00000000000000021125016839022167,-0.00000000000000007170280603347227,0.00000000000000004062409207759783
1.2,0,1.5236589430108174,0.00000000000000003123599026079039,0.00000000000000031914524880690107,0.00000000000000034115862771103613,-0.0000000000000006434574997480614
1.2066666666666668,0,1.5330496455483982,-0.0000000000000019005758827864647,0.00000000000000031552127399646156,0.0000000000000001917271647831704,0.000000000000000023019264855703497
1.2133333333333334,0,1.5446131850288487,-0.000000000000002348845009288516,-0.0000000000000006145541196993038,-0.0000000000000000031549462358278637,0.00000000000000014417369121734238
1.22,0,1.558560910230092,-0.0000000000000013951208877832396,-0.0000000000000012056463570354842,0.0000000000000000972588591607762,0.00000000000000002769840336259141
1.2266666666666666,0,1.5750016815759145,0.0000000000000005466124235935633,0.00000000000000008787704035157213,0.00000000000000015265566588595902,0.00000000000000031065664654100997
1.2333333333333334,0,1.5941493592072364,0.0000000000000016739008364470688,0.0000000000000017223300032803524,-0.00000000000000015854499679862603,-0.0000000000000009915436354694398
1.24,0,1.616375925843945,0.0000000000000009892162704533915,0.0000000000000013913726294878134,0.00000000000000022149573703550354,-0.0000000000000005685394920435947
1.2466666666666666,0,1.642036506262956,0.0000000000000013389920697925672,0.0000000000000004108968943974561,-0.00000000000000021943370644636515,0.0000000000000001195170861532638
1.2533333333333334,0,1.671589881024972,0.0000000000000016397353189762695,0.0000000000000008454391700607502,-0.0000000000000004280966254713593,0.0000000000000004969153042844346
1.26,0,1.7056230435626691,0.0000000000000009992007221626409,0.000000000000001197004960113874,0.00000000000000016114690293881372,0.00000000000000041124564518415457
1.2666666666666666,0,1.7447631633313376,0.0000000000000009992007221626409,-0.0000000000000008217489918754132,0.00000000000000013316544507075297,-0.0000000000000010658600920533496
1.2733333333333334,0,1.7912327538136865,0.0000000000000009992007221626409,-0.00000000000000030035688474138396,0.0000000000000003069628141154294,-0.0000000000000009355120652698422
1.28,0,1.8486461410256747,0.000000000000009124178126516632,0.0000000000000005972808476148669,0.00000000000000009409698373007667,0.000000000000004990036975076012
1.2866666666666666,0,1.920298698162438,0.000000000000010177145944504307,0.0000000000000009801033868607147,-0.00000000000000002298124179014737,0.000000000000006182692140726345
1.2933333333333332,0,2.005940111608247,0.0000000000000015577072245903401,0.0000000000000007020569765409094,0.000000000000000046530360789803974,0.0000000000000008302987420700905
1.3,0,2.1813891538564936,0.0000000000000004440892098500626,0.00000000000000031834889036534775,-0.00000000000000010099206475312796,-0.00000000000000014814468455989605
1.3066666666666666,0,2.3701627074705005,0.0000000000000004440892098500626,-0.00000000000000008103592861831266,-0.00000000000000028071523329577515,-0.0000000000000004776371602214159
1.3133333333333332,0,2.551482152833302,0.0000000000000004494932862004851,-0.0000000000000004008565990466825,-0.0000000000000004143667899227388,-0.0000000000000007366255446094407
1.32,0,2.6583142897387435,0.0000000000000005088991409629622,0.00000000000000007439023905313407,-0.00000000000000008763458872911488,-0.00000000000000029108163389086264
1.3266666666666667,0,2.757099256379442,0.0000000000000004947996122505917,0.0000000000000002933094596950962,0.00000000000000018915041621701844,-0.00000000000000009526859892370858
1.3333333333333333,0,2.8276976699355103,0.0000000000000002232352449479253,-0.00000000000000038560145856156985,0.00000000000000029098705395551834,-0.0000000000000007741795171803746
1.34,0,2.8855243273776066,-0.00000000000000018887368078046716,-0.0000000000000005804492481342417,-0.00000000000000007393478415650114,-0.0000000000000007548158901509159
1.3466666666666667,0,2.9333371042302234,-0.0000000000000005393883598844909,-0.00000000000000040353066428506966,-0.0000000000000007039006023216673,-0.00000000000000027755575615628914
1.3533333333333333,0,2.9667523366888595,0.0000000000000013760545343983057,0.00000000000000020941106188542528,-0.0000000000000004357385971220758,-0.00000000000000027755575615628914
1.36,0,2.992989219721764,0.00000000000001891814435685163,0.000000000000000052049079003092755,-0.0000000000000002840618910316757,-0.0000000000000059621376534373524
1.3666666666666667,0,3.0127621862822784,0.000000000000035138742552319917,-0.0000000000000004440892098500626,-0.00000000000000018634615305852423,-0.000000000000011656807863414808
1.3733333333333333,0,3.0253658936256524,0.000000000000012073962715621174,-0.0000000000000004440892098500626,-0.000000000000000023344175414010166,-0.0000000000000048107248023452165
1.38,0,3.0315036780152482,0.000000000000008913267784421782,-0.00000000000000015907743008397275,-0.00000000000000007125294494152247,-0.000000000000004150907687193641
1.3866666666666667,0,3.033298709021598,0.000000000000005863931183333957,0,-0.000000000000000022884969613788572,-0.000000000000002677294805124478
1.3933333333333333,0,3.0309857774060305,0.0000000000000016064588305648898,-0.0000000000000000708908294199619,0.00000000000000007557688775253471,-0.0000000000000005387103081485734
1.4,0,3.024394461013943,0.000000000000004000931750996592,-0.0000000000000004129583894816337,-0.00000000000000009545689227830119,-0.0000000000000023345649984723504
1.4066666666666667,0,3.0135926839071256,0.0000000000000039045368166987985,0.000000000000000027376805465132157,0.00000000000000004613303597588259,-0.0000000000000035588003398657904
1.4133333333333333,0,2.999889064391035,0.000000000000003394391345974618,-0.00000000000000010398419886146664,0.00000000000000011102230246251565,-0.0000000000000031817308791843186
1.42,0,2.983402257794113,0.000000000000002844814560285369,-0.0000000000000004440892098500626,-0.00000000000000001120778249952717,-0.0000000000000022397957879912965
1.4266666666666667,0,2.9642351930165907,0.0000000000000023698494047775165,-0.0000000000000004150327100909315,-0.0000000000000002967462826886331,-0.0000000000000018640151329393004
1.4333333333333333,0,2.942167477952754,0.000000000000001491611539910374,-0.0000000000000000637375641440745,0.0000000000000001423726497449382,-0.0000000000000002392750829350867
1.44,0,2.9176424022282705,0.0000000000000014044001548207527,0.00000000000000028853010108225983,-0.0000000000000005714131730511832,-0.00000000000000044941652566269685
1.4466666666666668,0,2.891042732640991,0.000000000000000999537055599935,-0.00000000000000004896954171968016,-0.00000000000000011169496933710395,-0.0000000000000004751155902214803
1.4533333333333334,0,2.8624552478536764,0.0000000000000006561305250678815,-0.00000000000000042758733515504775,0.0000000000000008401697357492767,-0.00000000000000028580669350379657
1.46,0,2.83195546453915,0.0000000000000012599094414790595,0.00000000000000031859526977332127,0.00000000000000031859526977332127,-0.0000000000000006733696335822067
1.4666666666666666,0,2.799123995260065,-0.0000000000000004984244752744663,-0.00000000000000003307151357738386,-0.00000000000000003307151357738386,-0.0000000000000008492030252575594
1.4733333333333334,0,2.7644460379283324,0.00000000000000040843502290404755,-0.000000000000000247507927999797,0.0000000000000005714058252238911,-0.0000000000000003422359175509998
1.48,0,2.728015738662713,0.0000000000000009978049870371414,-0.0000000000000004671311114178653,0.0000000000000005970081100716857,0.000000000000000022344034005053063
1.4866666666666666,0,2.6898584865482875,0.0000000000000007698999245897138,-0.00000000000000047935481710877815,0.0000000000000000830128878516959,-0.000000000000000006748514657514098
1.4933333333333334,0,2.6499319501084946,0.0000000000000012024840197001956,0.00000000000000029929655409008936,0.00000000000000042908016394008144,-0.00000000000000026629897172380327
1.5,0,2.607629969916936,0.0000000000000001538682090246216,-0.000000000000000077462753405934,0.00000000000000027987734553267025,-0.0000000000000005238735526323777
1.5066666666666666,0,2.563495583706581,-0.00000000000000033473652850243417,-0.00000000000000005300671955892701,0.00000000000000005300671955892701,-0.0000000000000004415847781777318
1.5133333333333334,0,2.5174812544045477,0.00000000000000003420915803849023,-0.00000000000000003844593750265711,-0.0000000000000000811286544694811,-0.0000000000000006213327080761865
1.52,0,2.4695524768290746,0.0000000000000012936433357553135,-0.0000000000000004360979766511231,0,-0.0000000000000015023692186821121
1.5266666666666666,0,2.4185324432816544,0.0000000000000000991160317688806,-0.00000000000000018895439651599906,0,0.0000000000000001040640521961941
1.5333333333333334,0,2.3649804650647193,-0.00000000000000024990436515216824,-0.00000000000000000041673844603209564,-0.00000000000000005530278200824178,-0.00000000000000010831350256330701
1.54,0,2.3088290796943163,-0.0000000000000002586212487250427,0.00000000000000020856001926254598,-0.00000000000000008663787326250807,-0.0000000000000006741684786688182
1.5466666666666666,0,2.249490021457538,-0.0000000000000003765450411385593,0.0000000000000005230234656985901,-0.000000000000000008022011653497029,-0.00000000000000016316537821024637
1.5533333333333332,0,2.1847337358311294,-0.00000000000000028613424503057714,0.0000000000000002819280094106378,0.00000000000000006829587572548511,-0.0000000000000000768743645997731
1.56,0,2.1156367032372194,-0.0000000000000000323025632465211,0.00000000000000026914067052794087,0.00000000000000004777495523634558,-0.00000000000000008713482484434287
1.5666666666666667,0,2.04176436418565,0.00000000000000040067139331249824,0.0000000000000006299523009937903,-0.00000000000000009654969694999419,-0.00000000000000015929715093751274
1.5733333333333333,0,1.954322020663135,0.00000000000000038437761524036846,0.0000000000000000690178686781526,0.00000000000000009796827867141378,-0.00000000000000001725446716953815
1.58,0,1.844520789737692,0.00000000000000026773842475406164,-0.00000000000000041609128872142607,0.00000000000000025889047540386475,0.00000000000000008769070152198519
1.5866666666666667,0,1.6636751400508962,-0.000000000000000020228659193447834,-0.00000000000000029267682417249342,0.00000000000000017661416570457633,-0.000000000000000015154685602125355
1.5933333333333333,0,1.4828294903641002,-0.0000000000000003081957431409573,-0.00000000000000016926235962356078,0.00000000000000009433785600528791,-0.00000000000000011800007272623587
1.6,0,1.3218671551628731,-0.0000000000000005667486089153969,-0.00000000000000002064169262490093,0.00000000000000009424569830452129,-0.00000000000000021817951645812474
1.6066666666666667,0,1.1786726128515643,-0.000000000000000799016836034781,0.00000000000000015050331683148734,0.00000000000000016759355950011625,-0.0000000000000003159766647189181
1.6133333333333333,0,1.04655097421052,-0.000000000000000562060703075737,0.00000000000000025077359630302814,0.00000000000000019143642223559018,-0.000000000000000556923063410731
1.62,0,0.9463358317777254,0.0000000000000010269622148466707,0.0000000000000001468188259716557,0.00000000000000007263097042830738,-0.0000000000000012103530483507864
1.6266666666666667,0,0.8545020726091375,0.000000000000001568818523679829,0.00000000000000007063193506319695,0.00000000000000005685656302660404,-0.0000000000000014771580719777343
1.6333333333333333,0,0.7758519590783733,0.0000000000000004635155196873185,0.00000000000000003812302318106429,0.00000000000000020314666649620101,-0.0000000000000011358144972153413
1.64,0,0.7068515647729041,0.000000000000000639510392347801,-0.000000000000000095558312024271,0.00000000000000018520719177690312,-0.0000000000000008096889719365413
1.6466666666666667,0,0.6430908640265722,0.0000000000000013368345148345714,-0.00000000000000025208362318285194,0.00000000000000009585625408074311,-0.000000000000000515410539750072
1.6533333333333333,0,0.5887061037710886,0.0000000000000010122405249395073,-0.00000000000000008978662823531992,0.00000000000000007782325464212845,-0.000000000000000542460038907994
1.66,0,0.5385267010999623,0.0000000000000013771498721316496,-0.0000000000000001082798410087367,0.000000000000000039577764344044207,-0.0000000000000007265257668089898
1.6666666666666667,0,0.4923261968662197,0.0000000000000022879608458275428,-0.0000000000000002670544693098511,-0.000000000000000013440234189212873,-0.0000000000000010310510931612667
1.6733333333333333,0,0.4520710023360746,0.000000000000001942073404237822,-0.000000000000000036462841583370583,-0.0000000000000000038322497006095176,-0.000000000000000968599193985345
1.68,0,0.41480399481472097,0.0000000000000014241937167903312,0.00000000000000005551115123125783,0.00000000000000005936229659774192,-0.0000000000000007121766142001896
1.6866666666666668,0,0.3803461126632937,0.000000000000000817127869223781,0.00000000000000005551115123125783,0.00000000000000011901665285974993,-0.00000000000000036490951851166943
1.6933333333333334,0,0.34928285400393005,0.0000000000000003124718642849808,0.00000000000000005551115123125783,0.0000000000000000180854518719899,-0.00000000000000017314023663492537
1.7,0,0.32112738325428813,0.00000000000000032338101532777447,0.00000000000000008928995469883888,0.0000000000000000675576069351621,-0.0000000000000001725566815457256
1.7066666666666668,0,0.29500057648927597,0.0000000000000004678659582952996,0.00000000000000005155637770514459,0.00000000000000009120032754339196,-0.0000000000000002884434101752399
1.7133333333333334,0,0.2708255239645518,0.0000000000000006747768843517902,-0.00000000000000006192657331205323,0.00000000000000005551115123125783,-0.0000000000000004307014538144966
1.72,0,0.24886567676152768,0.0000000000000011015292782016907,-0.00000000000000010460181269704329,0.00000000000000005551115123125783,-0.0000000000000002493316864282889
1.7266666666666666,0,0.2287908958922568,0.0000000000000012025800528429375,-0.00000000000000003733054848946936,0.00000000000000004629968198462704,-0.0000000000000002681019511581852
1.7333333333333334,0,0.21017285148752857,0.0000000000000006446822567047397,0,0.00000000000000001656540384157674,-0.00000000000000014729277636837047
1.74,0,0.19293261226699251,-0.000000000000000014227349902166772,0.000000000000000027522534219394035,-0.000000000000000017318104585238712,0.00000000000000004323700111403806
1.7466666666666666,0,0.17697819732320966,0.00000000000000010808583732766054,0.00000000000000010074467449052275,-0.00000000000000002261676162963246,0.0000000000000000891044463252233
1.7533333333333334,0,0.16242828575690343,0.00000000000000006284637638914886,-0.0000000000000000575934387942681,0.00000000000000005655229501276296,0.00000000000000007213964847328143
1.76,0,0.14902363141342553,0.00000000000000007470078362452719,0.00000000000000003187106751272947,0.0000000000000000022252256626295013,0.00000000000000005019930664580292
1.7666666666666666,0,0.1365873487468027,0.0000000000000001268044499892423,0.000000000000000010703854942960786,0.000000000000000008525860336334064,0.000000000000000034377076233050775
1.7733333333333334,0,0.12505995803068545,0.0000000000000001212717228715762,0.000000000000000014895985603271308,0.000000000000000026546119816044272,0.000000000000000027755575615628914
1.78,0,0.1143877664728346,0.00000000000000005910314340449532,0.00000000000000010383831811604067,-0.000000000000000008734889990525973,0.000000000000000011741610632997962
1.7866666666666666,0,0.10451434282493964,0.00000000000000009879864605751161,-0.00000000000000002595547601474488,-0.0000000000000000380331642216753,-0.00000000000000003687160992160437
1.7933333333333332,0,0.09544744946866143,-0.00000000000000024888741097551576,-0.0000000000000000019771272538464406,0.000000000000000009923533300121576,0.0000000000000001189876570242355
1.8,0,0.0871010158449787,-0.00000000000000023308108073271924,0.000000000000000022237337711784945,0.000000000000000013877787807814457,0.00000000000000010404231203450616
1.8066666666666666,0,0.07937271972179295,-0.00000000000000006136993501320929,-0.00000000000000006675893609720756,0.000000000000000004426336636530809,0.000000000000000007355728527506542
1.8133333333333332,0,0.07222200556677044,-0.00000000000000002954028056960182,-0.0000000000000000005035829563651343,-0.000000000000000023682582751317967,-0.00000000000000002482672670648699
1.82,0,0.06561405696786225,0.000000000000000008428558285320593,0.000000000000000005944614024538755,-0.00000000000000002552458991878754,-0.00000000000000001734723475976807
1.8266666666666667,0,0.059511723284469915,-0.000000000000000014260102519862658,-0.00000000000000004759550426666253,-0.000000000000000006938893903907228,0.000000000000000032337682405544227
1.8333333333333333,0,0.053877115834936255,-0.00000000000000021547465351657231,0.00000000000000000232199278572177,-0.000000000000000001160996392860885,0.00000000000000010929435009985336
1.84,0,0.04868023445166076,-0.00000000000000022584854992333793,-0.000000000000000025042344565383823,0.000000000000000009807941232446822,0.00000000000000007656155736042127
1.8466666666666667,0,0.04389824627265826,-0.000000000000000039946872857509275,-0.000000000000000007975070827045125,-0.000000000000000007782139186874276,0.000000000000000026262016689865668
1.8533333333333333,0,0.039498204108435436,-0.00000000000000003232561591689901,0.000000000000000034313632827763635,-0.000000000000000013687369461928203,-0.000000000000000030695684255924804
1.86,0,0.03545727180319211,-0.00000000000000011068035747319216,0.00000000000000002778407103140587,-0.000000000000000010422588563749322,0.0000000000000000378647146058317
1.8666666666666667,0,0.03176397434970444,-0.00000000000000002909329750718957,-0.00000000000000003778762834863195,-0.000000000000000007131180657647799,-0.0000000000000000028005860061732844
1.8733333333333333,0,0.0283788070956028,-0.00000000000000004930803453052696,0.0000000000000000021549718435470435,0.000000000000000005572059029518603,0.000000000000000018253866322243014
1.88,0,0.025280782857438074,0.00000000000000001704533081795861,0.000000000000000018954030442561633,-0.000000000000000011083810904074377,0.000000000000000025322357913717087
1.8866666666666667,0,0.022448979059514564,0.00000000000000004227828903180745,0.0000000000000000033894256123074405,0.000000000000000006454010974835496,-0.000000000000000016095016767265657
1.8933333333333333,0,0.01986930639356102,-0.0000000000000000031012266433560164,-0.0000000000000000056710631786768234,0.000000000000000000483980293176401,-0.000000000000000011526236511652447
1.9,0,0.017093261919066814,0.00000000000000005819768353362053,-0.00000000000000000007456329996103884,0.000000000000000008561772429942478,-0.00000000000000004728547702708135
1.9066666666666667,0,0.013507799746369946,-0.0000000000000000049078348231240584,-0.000000000000000003469446951953614,-0.0000000000000000002284104532728163,-0.0000000000000000066363995494328214
1.9133333333333333,0,0.010506867450197296,-0.0000000000000000005915383569841308,-0.000000000000000003765216130445679,-0.00000000000000000008529252783882628,-0.0000000000000000009100080019078167
1.92,0,0.008030728628871503,0.0000000000000000009048997026322971,-0.0000000000000000016090651203399816,0.000000000000000000993020093625229,-0.000000000000000001225567822576933
1.9266666666666667,0,0.006013670004336064,-0.000000000000000001096646077631839,0.0000000000000000028672712974202655,-0.0000000000000000002292843396434354,0.000000000000000004247054330412969
1.9333333333333333,0,0.004394678512587827,0.000000000000000007161919099269146,0.0000000000000000012886730852529734,-0.0000000000000000017223539542471752,-0.0000000000000000012639340417937096
1.94,0,0.0031178107767321295,0.0000000000000000010669819991992011,0.0000000000000000005241524590234874,0.00000000000000000017160463948245808,-0.00000000000000000018561245034662776
1.9466666666666668,0,0.0021325347713043387,-0.000000000000000001625247417757592,0.0000000000000000006509436398795686,0.0000000000000000005781003798628471,0.0000000000000000023473449721008184
1.9533333333333334,0,0.0013925747884383074,-0.000000000000000006263793153648168,-0.0000000000000000015938924203922106,-0.00000000000000000018107328548893114,0.000000000000000002099107587402752
1.96,0,0.0008558020850639114,-0.000000000000000003633366099263582,-0.000000000000000000049923229407539405,-0.0000000000000000003815192424037138,0.000000000000000003314630723917615
1.9666666666666666,0,0.0004841158067042135,0.0000000000000000011174520106157378,0.00000000000000000012187559367232099,0.000000000000000000050781497363467074,-0.0000000000000000005973130617939109
1.9733333333333334,0,0.0002429360402185407,0.00000000000000000030953206591483664,0.0000000000000000002150843467141431,-0.00000000000000000009923885849592475,-0.0000000000000000003147622271558073
1.98,0,0.00010094790652769463,0.00000000000000000013321618380570469,0,-0.000000000000000000020906062672849047,-0.00000000000000000010993889693887286
1.9866666666666666,0,0.000029823790455486834,0.00000000000000000006061595084979006,-0.000000000000000000010647036104329834,-0.000000000000000000025652308786268125,-0.000000000000000000025652308786268125
1.9933333333333334,0,0.000003906426151704905,-0.000000000000000000007517370947658228,0.0000000000000000000010427308112603692,0.00000000000000000000040717734547751986,0.000000000000000000009520951092536063
