# n,energy,berry,bcd_x,bcd_y,qmd_x,qmd_y,stable
0.00000384375,0,-0.0000000000000006571732678498645,0.000000000000000000000000011875894171698078,0.0000000000000000000000000000004622231866529366,-0.0000000000000000000000000000003389636702121535,-0.000000000000000000000000008589462662692411,FmTmd
0.006666666666666667,0,-0.000003961709897635694,-0.0000000000000000001160470802666621,0.00000000000000000000071261316715944665,0.0000000000000000000010448489569162597,0.00000000000000000006138438188351551,FmTmd
0.013333333333333334,0,-0.000029709899169571506,-0.000000000000000000050912029594341907,-0.00000000000000000004297637116694047,0.00000000000000000002661540964653798,-0.0000000000000000000009145725165672135,FmTmd
0.02,0,-0.00010000032222784341,-0.0000000000000000004914291685090936,0.00000000000000000022959170133929176,0.000000000000000000024801785324244036,0.00000000000000000005421010862427522,FmTmd
0.02666666666666667,0,-0.0002409061335459758,0.00000000000000000018405156612927244,-0.000000000000000000004555131794076738,0.00000000000000000015579762818171056,-0.00000000000000000014373258933955026,FmTmd
0.03333333333333333,0,-0.0004837927263526812,-0.000000000000000001896420264735977,-0.00000000000000000019093084563617699,0.00000000000000000020844363227946107,0.000000000000000001702365033959796,FmTmd
0.04,0,-0.0008570668719428604,-0.000000000000000003791718933260433,-0.0000000000000000015967672711897565,-0.00000000000000000010000842515144158,0.0000000000000000033566349262523524,FmTmd
0.04666666666666667,0,-0.001394965627444364,0.0000000000000000051731972926583804,-0.0000000000000000004584593772118345,-0.00000000000000000008673902255812173,-0.000000000000000001877221263922806,FmTmd
0.05333333333333334,0,-0.0021352673039140724,-0.0000000000000000021996514585211988,0.0000000000000000008673617379884035,0.00000000000000000021663050556885302,0.000000000000000001812421401995787,FmTmd
0.06,0,-0.0027805288583093698,0.000000000000000007791284450390689,0.0000000000000000008673617379884035,-0.000000000000000001949467943663216,-0.000000000000000005626473191380866,FmTmd
0.06666666666666667,0,-0.003370291460247075,0.000000000000000010806443893348273,-0.0000000000000000024597738879381247,0.0000000000000000016279899814564926,0.0000000000000000003981030374874303,FmTmd
0.07333333333333333,0,-0.004041083424267145,0.000000000000000009042540878563034,-0.0000000000000000004576217447990607,0.0000000000000000006385508655888731,0.0000000000000000002731599954595619,FmTmd
0.08,0,-0.0047988687961775835,-0.0000000000000000006078732983070893,0.0000000000000000025155890674047727,0.0000000000000000009538578845488415,0.0000000000000000015395070781198158,FmTmd
0.08666666666666667,0,-0.005649183554291549,-0.000000000000000005464037409864981,0.0000000000000000012539181571377385,-0.0000000000000000012409419421277218,-0.0000000000000000017249913147192947,FmTmd
0.09333333333333334,0,-0.0065980411754887084,0.0000000000000000055176288314489086,-0.000000000000000004591856315406859,-0.000000000000000001166217446993479,-0.0000000000000000064906103403996155,FmTmd
0.1,0,-0.00765226866910897,0.000000000000000003353813938429327,0.000000000000000002809289564001954,-0.0000000000000000031393682579777844,-0.0000000000000000023756086950077524,FmTmd
0.10666666666666667,0,-0.008819293760947701,-0.000000000000000004118988452104312,0.0000000000000000053493839198222256,-0.0000000000000000007947549920425014,0.0000000000000000021328848146705418,FmTmd
0.11333333333333333,0,-0.010106058016574479,-0.00000000000000000656451944657136,-0.00000000000000000502853052648527,0.0000000000000000001910363377421957,0.000000000000000018516547440666815,FmTmd
0.12,0,-0.011521215063494135,-0.000000000000000010187961625171792,-0.000000000000000012966496613855008,-0.0000000000000000033518137688082774,0.000000000000000010320481943918753,FmTmd
0.12666666666666668,0,-0.013073647848527478,-0.00000000000000007480240011115981,0.000000000000000008311377790128867,-0.000000000000000004373032648917535,0.000000000000000013061742092153332,FmTmd
0.13333333333333333,0,-0.014772473644937794,-0.00000000000000007293768917178124,0.000000000000000007263910679024871,-0.000000000000000005150000965410814,0.000000000000000017766722925457682,FmTmd
0.14,0,-0.016627231102311006,-0.00000000000000002541622178812745,-0.0000000000000000017948047857528505,-0.000000000000000005264251737706465,0.000000000000000014711291637150614,FmTmd
0.14666666666666667,0,-0.018648519326663178,-0.00000000000000003326705335854261,-0.000000000000000006567615578278122,-0.000000000000000003469446951953614,0.000000000000000016183853057615648,FmTmd
0.15333333333333332,0,-0.020848631094164464,-0.000000000000000015178861543624746,-0.000000000000000013877787807814457,-0.0000000000000000003097676023061892,0.000000000000000009974691115694325,FmTmd
0.16,0,-0.023239261395483747,0.0000000000000000016480659094151802,-0.00000000000000003178734477313524,0.000000000000000001976983871510216,0.000000000000000020758330650857266,FmTmd
0.16666666666666666,0,-0.025832197490776063,0.0000000000000000106709247801599,-0.000000000000000036187281870037213,0.000000000000000008281658297665979,0.000000000000000009661934680610309,FmTmd
0.17333333333333334,0,-0.028643094056481237,-0.000000000000000037648475993589535,-0.000000000000000021819835388852542,0.000000000000000015856367883406582,0.0000000000000000044448733504148824,FmTmd
0.18,0,-0.03168824417327819,0.000000000000000017695579487494182,-0.000000000000000035664234627046253,0.000000000000000004787556787189838,-0.00000000000000003230069112594122,FmTmd
0.18666666666666668,0,-0.034979845717444356,0.000000000000000015104921225387484,-0.0000000000000000016332054642960517,0.000000000000000007074251252814903,-0.000000000000000023198811233711925,FmTmd
0.19333333333333333,0,-0.038537996693761054,-0.000000000000000051779667651159294,0.000000000000000016545382178815897,0.000000000000000025087981244627473,0.000000000000000021078718339866607,FmTmd
0.2,0,-0.04237959229617606,0.000000000000000022781632292342523,0.000000000000000027755575615628914,0.000000000000000008782840459885929,0.00000000000000004086933429313674,FmTmd
0.20666666666666667,0,-0.04652284685282168,0.00000000000000022548323536665114,0.000000000000000025913371374535747,-0.00000000000000002683447349508233,-0.00000000000000013586105469641372,FmTmd
0.21333333333333335,0,-0.051009972132626556,0.00000000000000000958907410623242,-0.000000000000000012185598259655794,-0.00000000000000000778498867798656,-0.00000000000000007553768610894378,FmTmd
0.22,0,-0.055867629352929715,0.00000000000000024620381966595595,0.00000000000000007019180915129245,-0.000000000000000012943865115272008,-0.00000000000000008186584280807307,FmTmd
0.22666666666666666,0,-0.06110726751843976,0.0000000000000001625313569773784,0.000000000000000019633704368894756,0.0000000000000000020304678116835395,-0.000000000000000030239208115226753,FmTmd
0.23333333333333334,0,-0.06675436102268416,0.00000000000000017491053899896743,0.000000000000000018185617719504485,-0.000000000000000002153914955845014,-0.000000000000000018424192237690578,FmTmd
0.24,0,-0.0728424645700246,0.00000000000000016010600675385286,0.000000000000000027755575615628914,0.000000000000000011752886304936755,-0.00000000000000005072353004587206,FmTmd
0.24666666666666667,0,-0.07940150942374191,0.0000000000000001249000902703301,-0.0000000000000000010314298775546833,0.000000000000000010483372319718754,-0.00000000000000009072133568957131,FmTmd
0.25333333333333335,0,-0.08646316088653841,0.00000000000000006195578354754418,-0.00000000000000006917149761466221,-0.000000000000000025679845318336818,-0.00000000000000006381407242042621,FmTmd
0.26,0,-0.09406263608811241,-0.00000000000000006707264759446276,-0.00000000000000011872996670465228,-0.00000000000000004949677781921014,0.00000000000000003947282213246399,FmTmd
0.26666666666666666,0,-0.10222945119559326,0.00000000000000011035721770181849,-0.0000000000000000004433898404647832,-0.000000000000000014010804759953887,-0.000000000000000055156439358886005,FmTmd
0.2733333333333333,0,-0.11116027437814228,-0.00000000000000004070620426737671,0.00000000000000007002854156764263,-0.00000000000000004889205859163577,-0.00000000000000010219684560968625,FmTmd
0.28,0,-0.12078860718277025,0.00000000000000004328221594211053,0.00000000000000004570967518649247,-0.000000000000000027343362485962124,-0.0000000000000001298008282927128,FmTmd
0.2866666666666667,0,-0.1311623913052617,0.00000000000000013916242008173243,0.00000000000000005576751256698306,0.00000000000000003514310185705532,-0.00000000000000015278384655382165,FmTmd
0.29333333333333333,0,-0.02762472420455419,0.3375757776762736,-0.5846985967574373,3.2478114228081107,-1.8751263719275484,TwinTmd
0.3,0,-0.022389532222019795,0.33448554825412047,-0.5793464923254267,3.8551969220031124,-2.2258012775162994,TwinTmd
0.30666666666666664,0,-0.01377160007044276,0.3187242929494204,-0.5520471169911053,4.8812970035356775,-2.81821783900113,TwinTmd
0.31333333333333335,0,-0.003614216677340328,0.30967397549938375,-0.536370668904894,5.9419472024274045,-3.4305892093387675,TwinTmd
0.32,0,0.009542739666421872,0.3034053108969715,-0.5255133919184396,6.85631405941103,-3.9584959401788025,TwinTmd
0.32666666666666666,0,0.02507272019559802,0.2951958253759774,-0.5112948674651195,7.573579303884208,-4.372604766796561,TwinTmd
0.3333333333333333,0,0.040500807980491965,0.2787664359432753,-0.48283841954291673,8.26840537617374,-4.7737684181789195,TwinTmd
0.34,0,0.05169611799818175,0.24769046757126814,-0.42901196711076417,8.809606445622055,-5.0862394290986535,TwinTmd
0.3466666666666667,0,0.05500737012267359,0.20384717171123842,-0.35307278722223284,9.076448141456062,-5.240298740804678,TwinTmd
0.35333333333333333,0,0.050401822678076906,0.17933893135535756,-0.3106268099427708,9.362624525042007,-5.405506494584167,TwinTmd
0.36,0,0.030769398190198173,0.24785297861469452,-0.4292990346565709,10.126086642317095,-5.8462778572659975,TwinTmd
0.36666666666666664,0,-0.051111794010597275,0.9182204561505505,-1.5903832909835558,12.847872204062199,-7.417887018097242,TwinTmd
0.37333333333333335,0,-3.649787148953632,0.23961969910982606,-0.4150225369350984,6.150219956440157,-3.550911455997042,TwinTmd
0.38,0,-3.9944103641810136,-0.8565583925127139,1.483598920274197,2.425932794882965,-1.4006277838593733,TwinTmd
0.38666666666666666,0,0.09026833985926228,-1.877856793002817,3.252531944765133,4.3737926639004225,-2.5252562937838023,TwinTmd
0.3933333333333333,0,0.1536180377418087,-0.8898877888594763,1.541328066232806,-0.36368419874476654,0.20996177193728194,TwinTmd
0.4,0,0.19201010244707473,-0.43232003793983337,0.7488004061840379,-2.9393015128380324,1.6970061779607437,TwinTmd
0.4066666666666667,0,0.7070535516803402,-0.00000000000000446281591947777,-0.00000000000001131547505784844,-0.00000000000006895050389492775,-0.000000000000005346972754230052,One2Tmd
0.41333333333333333,0,0.7567473754098634,-0.0000000000000034359105520007356,-0.000000000000009934464391241393,-0.000000000000013993361469949893,-0.00000000000002602672222342275,One2Tmd
0.42,0,0.8140467210032379,0.0000000000000010889488187325789,-0.000000000000007970882309136683,-0.00000000000000715494131744422,-0.00000000000006270338489694164,One2Tmd
0.4266666666666667,0,0.8783913772520098,0.000000000000008854108204690633,-0.000000000000005467640138663362,-0.000000000000044890891315871956,-0.00000000000011419865240382138,One2Tmd
0.43333333333333335,0,0.9588189799714767,-0.000000000000003361981050611709,-0.0000000000000025721603409288564,-0.000000000000029151285846740346,-0.000000000000022577864232966626,One2Tmd
0.44,0,1.0454953443250257,-0.00000000000001484900809417016,-0.0000000000000015256032641231485,-0.00000000000000345668309533666,0.00000000000005274187166643862,One2Tmd
0.44666666666666666,0,1.155367867274863,-0.000000000000008746996640563163,-0.000000000000010849704877812345,0.000000000000040226875535158294,-0.00000000000005846300996471693,One2Tmd
0.4533333333333333,0,1.2791724157547635,-0.0000000000000022452747299996374,-0.000000000000016678775079475863,0.00000000000006918292078518709,-0.00000000000013924318480466355,One2Tmd
0.46,0,1.4560610705290322,0.000000000000005779432645833509,-0.000000000000009191000678911357,0.000000000000042023874654326,-0.00000000000010409848096889795,One2Tmd
0.4666666666666667,0,1.6329497253032996,0.00000000000001380414002166659,-0.0000000000000017032262783469117,0.00000000000001486482852346514,-0.00000000000006895377713313263,One2Tmd
0.47333333333333333,0,1.7871167922669788,0.000000000000016838566249563635,-0.000000000000002259200369317842,-0.000000000000022176108469334992,-0.0000000000000440630853572288,One2Tmd
0.48,0,1.901717991646701,0.000000000000011183247519850554,-0.000000000000016822025141139326,-0.00000000000007642471547982668,-0.000000000000037028050798014675,One2Tmd
0.4866666666666667,0,-1.8821969208210239,0.00000000000000026006821470206866,0.000000000000000492541204296454,0,-0.000000000000000036178645326847926,FmTmd
0.49333333333333335,0,-1.9473085061420168,0.0000000000000007164933229964855,0.000000000000000219613398654757,-0.00000000000000009585660390223465,0.000000000000000013197678622916477,FmTmd
0.5,0,-2.0065279886543164,0.0000000000000013642372301647772,-0.00000000000000022957049456066843,-0.00000000000000021075577047157564,0.00000000000000024039281849611383,FmTmd
0.5066666666666667,0,-2.0570035335323427,0.0000000000000027541105363027312,-0.00000000000000030272172119950807,-0.00000000000000010102893051331614,0.00000000000000014895378519756424,FmTmd
0.5133333333333333,0,-2.1031674844997146,0.000000000000001831708480903228,-0.00000000000000002445737354032071,-0.00000000000000012164176562709203,0.00000000000000011102230246251565,FmTmd
0.52,0,-2.145574218123256,-0.0000000000000003499598547517144,0.0000000000000004098603534506633,-0.00000000000000018781574852563197,0.00000000000000016236558706161468,FmTmd
0.5266666666666666,0,-2.182400628359671,0.0000000000000004937766615359431,0.00000000000000010304707480060604,0.00000000000000011899753012442527,0.0000000000000006225855050367005,FmTmd
0.5333333333333333,0,-2.2153975624211397,-0.0000000000000009238790242880305,-0.00000000000000010309303888034182,0.00000000000000011895156604468949,0.000000000000001859633025481199,FmTmd
0.54,0,-2.2451441333150863,-0.000000000000002320156269253236,-0.00000000000000007587077401608394,-0.00000000000000003654345772723684,0.0000000000000026701029762235962,FmTmd
0.5466666666666666,0,-2.270582930958956,0.00000000000000010356471821849569,0.0000000000000005496056098475887,-0.000000000000000192912553693155,0.0000000000000007936738246325784,FmTmd
0.5533333333333333,0,2.804407030226781,-0.000000000000035920377842228344,0.0000000000000360467271166249,-0.0000000000000490186656139877,-0.00000000000003102724250207734,One2Tmd
0.56,0,2.8421778160243867,-0.00000000000013750068467231596,-0.000000000000002945147034867651,0.00000000000016766680476294136,-0.00000000000008857982427549808,One2Tmd
0.5666666666666667,0,2.8764761814097506,0.000000000005097210965537098,-0.000000000035301302871676944,0.0000000000581906338550825,0.00000000004499246161721025,One2Tmd
0.5733333333333334,0,2.909377358669611,0.000000000014260979522966425,-0.00000000009646214227619995,0.00000000015857096336939536,0.0000000001231960722388629,One2Tmd
0.58,0,2.9765885368146177,0.000000000003908356233532369,-0.00000000002683095126295309,0.000000000043719610581389244,0.00000000003421759466904699,One2Tmd
0.5866666666666667,0,3.052430830316086,-0.000000000000039963585730133914,-0.00000000000015965018415475843,0.00000000000006679345259831472,0.0000000000001717687449253449,One2Tmd
0.5933333333333334,0,3.1370233460407695,-0.00000000000003790109269427554,0.000000000000014825460922213785,0.0000000000002177994571444392,-0.000000000000002942723749430194,One2Tmd
0.6,0,3.238101991393992,-0.000000000000005308946565473999,-0.000000000000004790182581231591,0.00000000000016227209707314767,0.00000000000002119960671634873,One2Tmd
0.6066666666666667,0,3.3604589402320273,0.000000000000008779951479208464,-0.000000000000009418409784770692,0.0000000000001663234483580007,0.00000000000006478715947824114,One2Tmd
0.6133333333333333,0,3.500989318635361,0.00000000000002155807869732053,-0.000000000000004111763566408976,0.00000000000017216673873640961,0.00000000000009818226422799215,One2Tmd
0.62,0,3.6791648328534543,0.00000000000006161206119320519,0.000000000000015844209982072572,0.00000000000008012780023522782,0.000000000000055003502955832794,One2Tmd
0.6266666666666667,0,3.6514506459611864,0.000000000000036137046437927555,0.000000000000020723366126545992,0.00000000000005517049776627439,0.000000000000009877885655734897,One2Tmd
0.6333333333333333,0,3.4872446781507747,-0.00000000000001801800506707677,0.000000000000017274940714876578,0.00000000000007163472984600974,-0.000000000000009247170322437593,One2Tmd
0.64,0,3.2180941247404693,-0.000000000000009958702653947622,0.000000000000016941911689540662,0.00000000000010253982339718268,0.00000000000014740968319557696,One2Tmd
0.6466666666666666,0,2.9265549291657553,-0.0000000000000059673364031496545,0.00000000000001720036621121323,0.0000000000001082031444633573,0.00000000000017930416206022606,One2Tmd
0.6533333333333333,0,2.609450764072792,-0.00000000000000662103362821783,0.000000000000018134219389882053,0.00000000000008504358563237053,0.00000000000006873594570583753,One2Tmd
0.66,0,0.5056555881455189,-1.1505718617979048,1.992848689651876,-8.472614703304107,4.891618630443157,TwinTmd
0.6666666666666666,0,0.4514334207108328,-1.4448705685103733,2.5025880018160422,-8.03476647803909,4.638851047583382,TwinTmd
0.6733333333333333,0,0.35342179775265387,-2.153615137034013,3.7301691363805705,-7.39318475991999,4.268425969160384,TwinTmd
0.68,0,1.5078031155751492,-0.3927914610602944,-0.000009147596114537505,0.000017077953180147956,-0.6929995821364219,UuudddTmd
0.6866666666666666,0,1.5391019301913955,0.20477360168829561,0.00001240322325014494,-0.000015532679494114888,-1.7048072124163798,UuudddTmd
0.6933333333333334,0,1.5892544321504833,0.8091188908946378,-0.0000060121455390499645,0.000022671209676766747,-2.4542450389847263,UuudddTmd
0.7,0,1.6465664503349726,0.8262491021566436,-0.000014216680606179892,0.000011941623335424021,-1.970712434204157,UuudddTmd
0.7066666666666667,0,1.6204191116707478,-0.3756462268108324,0.000001799022280263598,0.000011071416370881806,-0.6390096047450211,UuudddTmd
0.7133333333333334,0,1.3463508067814942,-0.5673111445480943,-0.000002872453037451006,0.00001293205113040334,-0.838777452285191,UuudddTmd
0.72,0,1.1134367489617405,-0.7235112784737479,0.0000007733980562328077,0.0000006622342398048757,-0.9224120549205406,UuudddTmd
0.7266666666666667,0,0.9110327081350703,-0.8676520178295257,-0.0000010467730593257626,0.000002508637855285789,-0.934120655817318,UuudddTmd
0.7333333333333333,0,0.7091395308600494,-0.9960787783879915,-0.0000010140879657101334,-0.0000005703649636756944,-0.9258952500935923,UuudddTmd
0.74,0,0.5615763065039356,-1.2415866228997445,-0.00000020057535083704906,-0.00000020294839251749583,-0.6710269163180056,UuudddTmd
0.7466666666666667,0,1.9724612162341342,0.000000000000003634538873316079,0.000000000000004084098636029588,0.00000000000003039144244168023,-0.00000000000006549162619423377,Tri1Tmd
0.7533333333333333,0,1.8049923847317453,-0.000000000000006415927959314065,-0.000000000000016510041956054726,-0.000000000000023909436711523453,0.000000000000021122738530767407,Tri1Tmd
0.76,0,1.4819774313149792,0.000000000000003182123898400477,-0.00000000000003695806547901179,-0.000000000000012433505142516937,-0.00000000000003855210562806648,Tri1Tmd
0.7666666666666667,0,0.9804360746494617,-0.000000000000003846984876969529,0.00000000000000019078633010760517,-0.000000000000000009432909305880704,0.000000000000004018500803314992,SatoTmd
0.7733333333333333,0,0.9986743658221972,-0.000000000000004440892098500626,0.000000000000000002370556406801932,0.00000000000000041070356276827907,0.000000000000004825025363856677,SatoTmd
0.78,0,1.0162176584334603,0.00000000000000039589515612508404,0.00000000000000025451405349321644,-0.00000000000000010709115117331729,0.0000000000000004021457934582619,SatoTmd
0.7866666666666666,0,1.0331822936820831,-0.000000000000001973785307138178,0.000000000000001020400562358016,0.0000000000000005730081487973383,0.0000000000000041362964116950385,SatoTmd
0.7933333333333333,0,1.049536575233036,0.0000000000000002596680840093257,0.000000000000001053762391257294,0.00000000000000016465355047662978,0.0000000000000015289081263023586,SatoTmd
0.8,0,1.0654681268714756,-0.0000000000000011102230246251565,0,-0.0000000000000001511764247776413,0.0000000000000045468782115422686,SatoTmd
0.8066666666666666,0,1.0809379157477075,-0.000000000000005080978755740607,0.00000000000000022059754061752502,-0.0000000000000006363885257366439,0.00000000000000031219485801722096,SatoTmd
0.8133333333333334,0,1.0960573642681077,0.0000000000000010651031151301294,-0.0000000000000004302342208684217,0.0000000000000001244785212777406,0.0000000000000008297162855207408,SatoTmd
0.82,0,1.1108142154520988,0.0000000000000011811715374550865,-0.000000000000000026715859755057036,-0.00000000000000019094954684002027,-0.0000000000000017280995947599594,SatoTmd
0.8266666666666667,0,1.1252853867507373,0.0000000000000026401458258453986,0.0000000000000013352597560929894,0.00000000000000014979399463801198,0.0000000000000005405878718568827,SatoTmd
0.8333333333333334,0,1.1395083499324055,0.000000000000008464537512797463,-0.0000000000000001737316423544499,-0.00000000000000017861169433641883,0.000000000000002697598619163665,SatoTmd
0.84,0,1.1534327016580908,-0.0000000000000004815259213538767,-0.000000000000000389221974643268,-0.00000000000000007608636443380579,0.000000000000000030578307102964734,SatoTmd
0.8466666666666667,0,1.167339891553818,0.00000000000000019876527062988752,-0.000000000000000017459500721357864,-0.0000000000000003506377742490505,-0.00000000000000007453697648620781,SatoTmd
0.8533333333333334,0,1.1809114270704142,-0.0000000000000021242305395093594,0.0000000000000001739368500545545,0.00000000000000033283286597478507,0.00000000000000023685139764659337,SatoTmd
0.86,0,1.1944108227853183,-0.0000000000000017400811054321832,-0.00000000000000011058328235085294,-0.00000000000000014795656659807708,-0.00000000000000051707969789786,SatoTmd
0.8666666666666667,0,1.2077714626823728,0.000000000000000532403587151361,-0.000000000000000532403587151361,0.000000000000000011353962580608621,-0.00000000000000006607194838336541,SatoTmd
0.8733333333333333,0,1.221115076606417,-0.0000000000000006610466940793145,0.0000000000000006610466940793145,-0.0000000000000005840941504599204,-0.0000000000000007809714577594441,SatoTmd
0.88,0,1.2344150330461148,-0.00000000000000018253964802479097,-0.00000000000000008059902779171716,0.00000000000000028002481596255416,-0.0000000000000002401225805645047,SatoTmd
0.8866666666666667,0,1.2475957459360154,-0.00000000000000007071689272644515,-0.00000000000000035626076055461966,0.0000000000000006484545915934826,-0.0000000000000005801097729354765,SatoTmd
0.8933333333333333,0,1.2609845888376972,0.00000000000000009180761111608637,-0.00000000000000007659444829398329,0.00000000000000020676536282999472,-0.00000000000000034641146449335386,SatoTmd
0.9,0,1.2742356090103553,-0.00000000000000038178836253928196,0.00000000000000018466409653856293,-0.00000000000000004616602413464073,0.00000000000000197236188270408,SatoTmd
0.9066666666666666,0,1.2877466088603242,0.0000000000000012850326779874894,0.0000000000000006389838007716295,-0.0000000000000002371083080944568,-0.00000000000000029438572843677224,SatoTmd
0.9133333333333333,0,1.3013371094709425,-0.0000000000000002220446049250313,-0.0000000000000002305829766559518,-0.0000000000000006826798437488211,-0.00000000000000036989743671234755,SatoTmd
0.92,0,1.3150946819812879,0.0000000000000014514657099214625,-0.0000000000000008391237522475711,0.0000000000000006007275915050218,-0.000000000000000982849166345123,SatoTmd
0.9266666666666666,0,1.329072992917323,0.0000000000000011921411775425153,0.00000000000000014012645200767257,-0.0000000000000002673159870416193,-0.0000000000000012977770115783715,SatoTmd
0.9333333333333333,0,1.343286851488764,0.000000000000000919440045405784,-0.00000000000000015321927842123658,-0.000000000000000050043476104726665,-0.000000000000001921776258254868,SatoTmd
0.94,0,1.3578558360358084,-0.00000000000000038382350857186303,-0.0000000000000006661338147750939,-0.0000000000000006106226635438361,-0.0000000000000005245520753987935,SatoTmd
0.9466666666666667,0,1.372748921506497,0.0000000000000025424590420332106,0.00000000000000009996838785786618,-0.000000000000000716118008704027,-0.0000000000000006139071165221948,SatoTmd
0.9533333333333334,0,1.3880624559078885,0.0000000000000016306608372373742,-0.0000000000000005122933716071338,0.00000000000000027983004091665385,0.000000000000001119605973077528,SatoTmd
0.96,0,1.403775116593495,0.0000000000000046885037308196735,0.0000000000000001317420304870302,-0.0000000000000003730382626004189,-0.0000000000000010401933956016295,SatoTmd
0.9666666666666667,0,1.4200040408682828,-0.00000000000000042671846560795847,-0.000000000000000849492513769919,0.0000000000000005315622480222123,0.00000000000000033377809116026793,SatoTmd
0.9733333333333334,0,1.4326747257707078,0.0000000000000008471336809896181,-0.0000000000000007254164703767858,0.00000000000000014843696939170487,0.0000000000000005630087724331187,SatoTmd
0.98,0,1.1639618910575413,0.0000000000000010270013549725536,-0.0000000000000008292147179647703,-0.0000000000000002220446049250313,0.0000000000000003504197742966005,SatoTmd
0.9866666666666667,0,0.7653692727017243,0.00000000000000014750457446926937,0.0000000000000004575628725541925,0.0000000000000001169713905934534,0.0000000000000002458409574487823,SatoTmd
0.9933333333333333,0,0.37958150589509215,-0.0000000000000006056654931991361,-0.000000000000000037561868075877554,0.0000000000000009752628887970252,0.00000000000000030861338408916373,SatoTmd
1,0,-0.000000000000026326163471424024,-0.00000000000000017000290064579928,-0.0000000000000024563684419831778,0.00000000000000025673907444457504,0.00000000000000004683753385144183,SatoTmd
1.0066666666666666,0,-0.379581505895133,-0.0000000000000019969542390185133,0.0000000000000014406116178573008,-0.00000000000000019542845740401208,-0.0000000000000003645403607616424,SatoTmd
1.0133333333333334,0,-0.7653692727017756,-0.0000000000000002771618845457084,0.0000000000000011847630550809413,-0.0000000000000005804833512786142,0.0000000000000004890807354564964,SatoTmd
1.02,0,-1.1639618910575877,-0.0000000000000004250551248832442,0.00000000000000009366943555346212,0.0000000000000003625487582552245,0.00000000000000008937627602048246,SatoTmd
1.0266666666666666,0,-1.4326747257707544,-0.0000000000000004586795433629991,0.0000000000000004494366639252186,0.00000000000000008235483100232821,-0.0000000000000003924647281829767,SatoTmd
1.0333333333333334,0,-1.420004040868329,-0.0000000000000002761507575568623,0.000000000000000465674949890437,-0.00000000000000036236494189698953,-0.000000000000002094293618502722,SatoTmd
1.04,0,-1.4037751165935415,-0.000000000000004747726713220903,-0.0000000000000003774425651088904,-0.000000000000000005353049840753656,0.0000000000000013369799894064862,SatoTmd
1.0466666666666666,0,-1.3880624559079349,-0.0000000000000021685307695034097,0.00000000000000020499356448576352,-0.00000000000000038033834781008336,-0.0000000000000010130369703321043,SatoTmd
1.0533333333333332,0,-1.3727489215065438,-0.0000000000000025998125123652088,-0.00000000000000025072134009105113,0.0000000000000007036219602217781,0.0000000000000008877782344768802,SatoTmd
1.06,0,-1.3578558360358546,0.0000000000000008068623816019717,0.00000000000000018571454964818084,0.0000000000000002129620911058187,0.0000000000000011849152718108217,SatoTmd
1.0666666666666667,0,-1.3432868514888099,-0.0000000000000010304623478682448,0.0000000000000002439153054310619,-0.000000000000000007815406426400945,0.0000000000000017188840631324599,SatoTmd
1.0733333333333333,0,-1.3290729929173695,-0.0000000000000007329667251812329,-0.00000000000000018108552846635315,0.000000000000000220429447126182,0.000000000000000881717788504728,SatoTmd
1.08,0,-1.315094681981334,-0.0000000000000014071482321176146,0.0000000000000006170791473225591,-0.000000000000000380402280710049,0.0000000000000008952842041731604,SatoTmd
1.0866666666666667,0,-1.3013371094709887,0.0000000000000004355508381191422,-0.00000000000000015586048903012297,0.0000000000000005326924190287746,-0.00000000000000007819560175911838,SatoTmd
1.0933333333333333,0,-1.2877466088603706,-0.0000000000000011976278513063267,-0.000000000000000706303689893573,0.00000000000000016476718458272051,0.0000000000000005719414845930609,SatoTmd
1.1,0,-1.274235609010401,0.000000000000002255588112243179,-0.00000000000000019712426600074254,-0.00000000000000006485627832786612,-0.0000000000000021401730519065546,SatoTmd
1.1066666666666667,0,-1.2609845888377436,0.0000000000000006738725547320417,0.0000000000000002527352476609942,-0.00000000000000043261325846055505,0.00000000000000029857297394606723,SatoTmd
1.1133333333333333,0,-1.247595745936062,-0.0000000000000005661407722835011,0.0000000000000002220446049250313,0.00000000000000020132423344438255,0.0000000000000010232967790576264,SatoTmd
1.12,0,-1.2344150330461607,-0.00000000000000041287137818372003,0.0000000000000011299755030753108,-0.0000000000000002878292738791441,-0.00000000000000009788244643561353,SatoTmd
1.1266666666666667,0,-1.2211150766064638,0.0000000000000006207074696509406,-0.0000000000000011051359039294213,0.0000000000000006307922757580452,0.0000000000000005184981931215957,SatoTmd
1.1333333333333333,0,-1.2077714626824192,-0.0000000000000003318082457157617,0.00000000000000008831437730129841,0.0000000000000001611711378214155,-0.00000000000000044345987901417,SatoTmd
1.14,0,-1.194410822785365,0.000000000000001738325024985601,0.0000000000000005546724922009449,0.00000000000000006468983975119524,0.0000000000000003786310849035091,SatoTmd
1.1466666666666667,0,-1.1809114270704604,0.0000000000000011194701093388754,0.00000000000000013507617989776256,-0.0000000000000004667531602833572,-0.00000000000000026321704626023597,SatoTmd
1.1533333333333333,0,-1.1673398915538642,-0.0000000000000008416197511098367,-0.00000000000000019876527062988703,0.00000000000000027173592258250307,-0.000000000000000010184708754125623,SatoTmd
1.16,0,-1.1534327016581372,0.0000000000000008881784197001252,0.00000000000000020461408122204015,0.0000000000000001016631245865632,0.00000000000000007294167493424899,SatoTmd
1.1666666666666667,0,-1.1395083499324514,-0.000000000000008319598625086311,0.00000000000000007710571721332052,0.00000000000000038369800663684976,-0.000000000000002514106872845485,SatoTmd
1.1733333333333333,0,-1.125285386750784,-0.0000000000000043069764260545345,-0.0000000000000005566075755839792,-0.0000000000000005079418143021659,-0.0000000000000001725742593934473,SatoTmd
1.18,0,-1.1108142154521456,-0.000000000000001288034976475339,0.000000000000000124380232340049,0.0000000000000002830848377906452,0.0000000000000009459893375402042,SatoTmd
1.1866666666666668,0,-1.0960573642681544,-0.0000000000000003399944018783579,0.000000000000000652278825793472,-0.0000000000000003729911960144802,-0.0000000000000018206792085625183,SatoTmd
1.1933333333333334,0,-1.0809379157477539,0.0000000000000044568098058832465,0.000000000000000008682385845065484,-0.00000000000000005858616288471852,-0.0000000000000021959965744785618,SatoTmd
1.2,0,-1.0654681268715216,0.000000000000004476831751990919,0.0000000000000014442002342332134,-0.0000000000000006043096024165295,-0.000000000000004095026226664639,SatoTmd
1.2066666666666668,0,-1.0495365752330819,-0.0000000000000014000203895915181,-0.00000000000000012041546486303612,-0.0000000000000002399259233865904,-0.000000000000002589025515656267,SatoTmd
1.2133333333333334,0,-1.0331822936821293,0.00000000000000060002274344616,-0.0000000000000002703721330502929,0.0000000000000006413421630267437,-0.000000000000003842181677066455,SatoTmd
1.22,0,-1.016217658433507,-0.0000000000000019554489256525675,0.0000000000000008557089711319401,-0.00000000000000012738455652843287,-0.0000000000000006954723766898479,SatoTmd
1.2266666666666666,0,-0.9986743658222437,0.000000000000004632119470137287,0,-0.0000000000000003903559759239031,-0.000000000000004228823896140241,SatoTmd
1.2333333333333334,0,-0.9804360746495083,0.0000000000000015575489156782634,-0.00000000000000003125827481742672,-0.0000000000000006176280619474317,-0.0000000000000025343811200273488,SatoTmd
1.24,0,-1.4819774313150123,0.000000000000001977764328748093,0.000000000000037296430061116155,0.000000000000019168342719717916,0.000000000000049499996657483775,Tri1Tmd
1.2466666666666666,0,-1.804992384731778,0.000000000000007194096860114687,0.000000000000025611845190854988,0.00000000000002104622243100989,-0.000000000000022798372227257212,Tri1Tmd
1.2533333333333334,0,-1.9724612162341684,-0.0000000000000035489084423225377,-0.0000000000000056463793979469,-0.00000000000003097824903652406,0.00000000000006933310527577915,Tri1Tmd
1.26,0,-0.5615763065039199,1.241586622899743,0.00000020057535029361884,0.00000020294839798786095,0.6710269163180138,UuudddTmd
1.2666666666666666,0,-0.7091395308600357,0.9960787783879993,0.0000010140879750947902,0.0000005703649642111442,0.9258952500935957,UuudddTmd
1.2733333333333334,0,-0.91103270813506,0.8676520178295201,0.0000010467730685695227,-0.0000025086378560426736,0.9341206558173509,UuudddTmd
1.28,0,-1.1134367489617247,0.7235112784737511,-0.000000773398053795788,-0.0000006622342293112424,0.9224120549205672,UuudddTmd
1.2866666666666666,0,-1.3463508067814844,0.5673111445480866,0.0000028724530384550207,-0.000012932051143379287,0.8387774522852263,UuudddTmd
1.2933333333333332,0,-1.6204191116707312,0.3756462268108332,-0.0000017990222797948065,-0.000011071416360037164,0.6390096047450357,UuudddTmd
1.3,0,-1.6465664503349555,-0.8262491021566604,0.00001421668059637517,-0.000011941623298416332,1.9707124342041817,UuudddTmd
1.3066666666666666,0,-1.5892544321504667,-0.8091188908946393,0.0000060121455372168226,-0.00002267120970315631,2.4542450389847255,UuudddTmd
1.3133333333333332,0,-1.5391019301913789,-0.20477360168828296,-0.000012403223275534193,0.000015532679482824627,1.7048072124163516,UuudddTmd
1.32,0,-1.5078031155751324,0.3927914610603322,0.000009147596066443134,-0.00001707795308618455,0.6929995821363103,UuudddTmd
1.3266666666666667,0,-0.35342179775265753,2.1536151370340018,-3.7301691363805363,7.3931847599200715,-4.268425969160345,TwinTmd
1.3333333333333333,0,-0.4514334207108329,1.4448705685103782,-2.5025880018160414,8.03476647803916,-4.638851047583338,TwinTmd
1.34,0,-0.5056555881455198,1.1505718617979128,-1.992848689651869,8.472614703304128,-4.891618630443037,TwinTmd
1.3466666666666667,0,-2.6094507640728235,0.000000000000014513508359193218,-0.000000000000020604898110426438,-0.00000000000010035032172200567,-0.00000000000001203493945477459,One2Tmd
1.3533333333333333,0,-2.9265549291657837,0.00000000000001582090280932956,-0.000000000000018970655047756016,-0.0000000000001227627980100572,-0.00000000000008375486357653942,One2Tmd
1.36,0,-3.218094124740511,0.000000000000016963932817554717,-0.000000000000017106884694107605,-0.00000000000013834003066480184,-0.00000000000003429098633060264,One2Tmd
1.3666666666666667,0,-3.487244678150815,0.000000000000017963019893562455,-0.000000000000015042104737024945,-0.00000000000014793126659447613,0.0000000000001213001743063359,One2Tmd
1.3733333333333333,0,-3.651450645961228,-0.000000000000021144400959034146,-0.000000000000038272053414609925,-0.00000000000012763461578048433,0.00000000000013799819310837496,One2Tmd
1.38,0,-3.679164832853495,-0.00000000000003805715431553252,-0.000000000000043169297165019554,-0.00000000000008551074122935504,0.00000000000007047042286520389,One2Tmd
1.3866666666666667,0,-3.5009893186354013,-0.000000000000006383260356020689,-0.00000000000001000403151683116,-0.000000000000013924900172879871,-0.00000000000010451718860617982,One2Tmd
1.3933333333333333,0,-3.360458940232068,-0.000000000000023137642391727198,-0.000000000000032286261162770055,-0.00000000000005129294426890433,-0.0000000000001841495617122456,One2Tmd
1.4,0,-3.2381019913940348,0.00000000000006010913917160295,0.000000000000018815399278695158,-0.00000000000010531200285588486,-0.00000000000016965519140902,One2Tmd
1.4066666666666667,0,-3.1370233460408095,0.00000000000040504268570143086,0.0000000000002732152065618491,-0.0000000000001366970324613985,0.000000000000011412287084327966,One2Tmd
1.4133333333333333,0,-3.0524308303161383,0.0000000000009960581777303286,0.000000000007178835230880156,-0.000000000004185071372956331,0.000000000006927255535990353,One2Tmd
1.42,0,-2.9765885368433755,0.000000005545795739626232,-0.000000025137291145637428,-0.000000029835165870374646,0.000000029715827539809036,One2Tmd
1.4266666666666667,0,-2.909377358773661,0.000000020093200022647524,-0.00000009112482330179432,-0.00000010809777034135047,0.00000010765254145230255,One2Tmd
1.4333333333333333,0,-2.8764761814478583,0.00000000735090922885153,-0.000000033334349425753946,-0.00000003954957517080979,0.000000039384604280998056,One2Tmd
1.44,0,-2.8421778160244466,-0.00000000000025589275484940764,0.0000000000044152531526197206,-0.0000000000017811126686684488,-0.0000000000003356445490392809,One2Tmd
1.4466666666666668,0,-2.804407030226834,-0.0000000000000066900757704917175,0.0000000000002409643965934456,-0.000000000000015687222768738378,-0.0000000000000225585041918669,One2Tmd
1.4533333333333334,0,2.2705829309590015,0.0000000000000008519379270963674,-0.00000000000000037125908177036535,-0.00000000000000016928640492627347,-0.0000000000000012204440576342328,FmTmd
1.46,0,2.2451441333151325,0.0000000000000030411052706192218,0.000000000000000019663658144430078,-0.0000000000000004820245968581098,-0.0000000000000027059504693104555,FmTmd
1.4666666666666666,0,2.215397562421186,0.0000000000000017684401881302,0.00000000000000028944965152954574,-0.00000000000000028747048871203314,-0.0000000000000021312386808728586,FmTmd
1.4733333333333334,0,2.182400628359717,0.0000000000000001189975301244292,0.0000000000000001607097541484068,-0.00000000000000008127291993140835,-0.0000000000000012163396703995105,FmTmd
1.48,0,2.1455742181233024,-0.00000000000000018781574852563158,-0.0000000000000006830267621392604,-0.00000000000000015797623959392354,-0.0000000000000008711747319181921,FmTmd
1.4866666666666666,0,2.103167484499761,-0.000000000000002096230938486551,-0.000000000000000241674307648604,-0.000000000000000032663001296522085,-0.00000000000000023025023268123616,FmTmd
1.4933333333333334,0,2.057003533532387,-0.000000000000002829973501772796,0.000000000000000050331930086434017,0.00000000000000013137411670135988,-0.0000000000000001369184081866347,FmTmd
1.5,0,2.006527988654363,-0.0000000000000016229782622319817,-0.00000000000000009597052319124047,0.000000000000000314252183298453,-0.0000000000000008684306745750072,FmTmd
1.5066666666666666,0,1.9473085061420636,-0.0000000000000006470320763400953,0.0000000000000004568237021400617,0.000000000000000017596904830559526,-0.0000000000000007228605691414919,FmTmd
1.5133333333333334,0,1.882196920821069,0.00000000000000025028123206450645,0.0000000000000008881784197001252,-0.00000000000000020118783558632244,-0.0000000000000006176818203287049,FmTmd
1.52,0,-1.9017179916467495,0.0000000000000939645371297885,0.000000000000003438462440932977,0.00000000000007884468056739179,-0.0000000000009149837283571155,One2Tmd
1.5266666666666666,0,-1.7871167922670268,0.00000000000030889697228370017,0.0000000000000030442579182184096,0.000000000000019304635925080064,-0.0000000000029134187179710255,One2Tmd
1.5333333333333334,0,-1.6329497253033438,0.00000000000029854316832237243,0.000000000000004410455946021066,-0.000000000000017651144971042407,-0.0000000000027937448468313976,One2Tmd
1.54,0,-1.4560610705290755,0.00000000000015881368332200833,0.000000000000006787604663801312,-0.000000000000041637405338952314,-0.0000000000014576994056793104,One2Tmd
1.5466666666666666,0,-1.2791724157548074,0.000000000000019084198321644283,0.000000000000009164753381581557,-0.00000000000006562366570686223,-0.00000000000012165396452722284,One2Tmd
1.5533333333333332,0,-1.1553678672749061,-0.000000000000008733300262401487,0.000000000000008032729312039429,-0.000000000000051637722673833236,0.00000000000007153438514792648,One2Tmd
1.56,0,-1.0454953443250652,-0.000000000000007179283326786569,0.00000000000000597971611269495,-0.000000000000027685902014814315,-0.00000000000003522230121798641,One2Tmd
1.5666666666666667,0,-0.9588189799715183,-0.000000000000004450000289825245,0.000000000000005878562957247601,0.000000000000034886927279427,0.000000000000018926543139230086,One2Tmd
1.5733333333333333,0,-0.8783913772520527,-0.0000000000000016545165289796243,0.000000000000006174148471815678,0.0000000000000868344846705566,0.00000000000008752311232998414,One2Tmd
1.58,0,-0.8140467210032799,-0.00000000000000005380384854088412,0.000000000000006787187370707111,-0.000000000000003214118033273809,0.00000000000003575538309026318,One2Tmd
1.5866666666666667,0,-0.7567473754099051,0.0000000000000005047039590339881,0.000000000000005470714408379273,-0.000000000000012770316513337709,0.000000000000011606305779037466,One2Tmd
1.5933333333333333,0,-0.7070535516803812,-0.00000000000000006186451957403844,0.000000000000002071303536731114,0.0000000000000645662808166579,0.000000000000017271990565117732,One2Tmd
1.6,0,-0.19201010244707417,0.432320037939643,-0.7488004061840693,2.93930151283807,-1.69700617796078,TwinTmd
1.6066666666666667,0,-0.15361803774180927,0.8898877888591454,-1.5413280662327866,0.3636841987448769,-0.20996177193737564,TwinTmd
1.6133333333333333,0,-0.09026833985926305,1.877856793002609,-3.2525319447649714,-4.373792663900368,2.525256293783749,TwinTmd
1.62,0,3.994410364181062,0.8565583925126226,-1.483598920274134,-2.4259327948829146,1.4006277838593229,TwinTmd
1.6266666666666667,0,3.6497871489535934,-0.23961969910977599,0.41502253693511537,-6.150219956440232,3.5509114559970825,TwinTmd
1.6333333333333333,0,0.05111179401059679,-0.918220456150368,1.5903832909835907,-12.847872204062304,7.41788701809733,TwinTmd
1.64,0,-0.03076939819019925,-0.24785297861453104,0.42929903465669184,-10.126086642317134,5.846277857266056,TwinTmd
1.6466666666666667,0,-0.05040182267807873,-0.17933893135529494,0.31062680994285524,-9.36262452504193,5.40550649458418,TwinTmd
1.6533333333333333,0,-0.055007370122675335,-0.20384717171122224,0.35307278722224394,-9.076448141455993,5.240298740804706,TwinTmd
1.66,0,-0.05169611799818357,-0.247690467571265,0.42901196711074957,-8.809606445622036,5.08623942909867,TwinTmd
1.6666666666666667,0,-0.04050080798049381,-0.2787664359432646,0.4828384195429237,-8.268405376173781,4.773768418178973,TwinTmd
1.6733333333333333,0,-0.02507272019560009,-0.2951958253759685,0.511294867465134,-7.573579303884194,4.372604766796635,TwinTmd
1.68,0,-0.009542739666423786,-0.30340531089696826,0.5255133919184461,-6.856314059411013,3.958495940178835,TwinTmd
1.6866666666666668,0,0.0036142166773387753,-0.3096739754993801,0.5363706689048859,-5.941947202427321,3.4305892093387693,TwinTmd
1.6933333333333334,0,0.013771600070440995,-0.3187242929494114,0.5520471169911244,-4.8812970035356456,2.8182178390011408,TwinTmd
1.7,0,0.02238953222201802,-0.3344855482541142,0.5793464923254384,-3.855196922003074,2.2258012775162728,TwinTmd
1.7066666666666668,0,0.027624724204552354,-0.3375757776762698,0.5846985967574373,-3.247811422808109,1.8751263719275337,TwinTmd
1.7133333333333334,0,0.13116239130530766,-0.00000000000000015329656922527166,-0.00000000000000006926075837120975,-0.00000000000000003475855985346741,0.0000000000000001564776096745346,FmTmd
1.72,0,0.12078860718281623,-0.00000000000000005633557749059121,-0.00000000000000004735852770515937,-0.00000000000000001877852583019707,0.00000000000000008654152211741143,FmTmd
1.7266666666666666,0,0.11116027437818835,-0.00000000000000001544454949245089,0.000000000000000027755575615628914,0,0.00000000000000002633259224473986,FmTmd
1.7333333333333334,0,0.10222945119563905,-0.00000000000000009656810786209315,0.000000000000000028110287488003096,0.00000000000000000022169492023386314,0.00000000000000005502342240674333,FmTmd
1.74,0,0.09406263608815828,0.00000000000000005720444206134932,0.00000000000000012273954897935232,0.00000000000000005936498335232711,-0.00000000000000007509181214386184,FmTmd
1.7466666666666666,0,0.08646316088658458,-0.00000000000000008577733999299459,0.0000000000000000791152662523041,0.00000000000000002961386448851197,0.00000000000000005698389922872002,FmTmd
1.7533333333333334,0,0.07940150942378796,-0.00000000000000012017411904924845,0.000000000000000023029604394547245,0.000000000000000021998174516992102,0.00000000000000007329906946594582,FmTmd
1.76,0,0.07284246457007061,-0.00000000000000014515258258677756,0.000000000000000032005378621384237,0.00000000000000003415665133990576,0.000000000000000054435514871997066,FmTmd
1.7666666666666666,0,0.06675436102273011,-0.00000000000000016294809162881095,0.00000000000000005981898114294762,0.000000000000000027278426579256367,0.00000000000000006221147061697879,FmTmd
1.7733333333333334,0,0.06110726751848566,-0.00000000000000012783688745784548,0.000000000000000015455090931581453,0.0000000000000000032722840614827397,0.00000000000000005675296748105745,FmTmd
1.78,0,0.055867629352975796,-0.00000000000000022271642245693214,-0.00000000000000006004971211364881,0.000000000000000006406406267475679,0.00000000000000007906407473044618,FmTmd
1.7866666666666666,0,0.05100997213267254,-0.00000000000000005618711029406519,0.0000000000000000005640631827195992,-0.00000000000000003909507910120517,0.00000000000000005401592541882281,FmTmd
1.7933333333333332,0,0.0465228468528678,-0.00000000000000022763247364792235,0.00000000000000001326371972744976,0.000000000000000018053375350080546,0.00000000000000009846472332537838,FmTmd
1.8,0,0.042379592296222054,0.00000000000000005029519985868713,-0.000000000000000022660628267700382,0.0000000000000000025474736739642656,-0.00000000000000002727049465764712,FmTmd
1.8066666666666666,0,0.03853799669380711,0.0000000000000000565750404403554,-0.00000000000000003336067233403534,-0.00000000000000001681529015521928,-0.000000000000000039497713656990556,FmTmd
1.8133333333333332,0,0.03497984571749048,-0.000000000000000036738205669253627,0.000000000000000011838510296793436,-0.000000000000000018231516166370043,0.000000000000000008369063344839822,FmTmd
1.82,0,0.03168824417332421,-0.000000000000000003681253853651221,-0.0000000000000000009697651075099079,-0.000000000000000019741013153362974,0.000000000000000030270574647662553,FmTmd
1.8266666666666667,0,0.02864309405652728,-0.00000000000000000023692477994751934,-0.00000000000000000496031382831525,-0.000000000000000009669839237347676,0.00000000000000003407443029099674,FmTmd
1.8333333333333333,0,0.02583219749082217,-0.00000000000000003059115235988786,0.000000000000000033426729104146813,-0.000000000000000007647788089971965,0.00000000000000002007027553647191,FmTmd
1.84,0,0.02323926139552977,-0.0000000000000000001167021217290532,0.00000000000000003574131251615577,-0.000000000000000010408340855860843,-0.00000000000000001529244947377183,FmTmd
1.8466666666666667,0,0.020848631094210507,-0.00000000000000001979437391492364,0.0000000000000000019206089404231035,-0.000000000000000008518733578730984,-0.0000000000000000025711458083285515,FmTmd
1.8533333333333333,0,0.01864851932670921,0.000000000000000005169047988044544,-0.000000000000000006567615578278284,-0.000000000000000006938893903907228,-0.000000000000000004954560254469393,FmTmd
1.86,0,0.01662723110235701,0.00000000000000003630521312219645,-0.000000000000000005384414357258586,-0.0000000000000000033492843324015043,-0.000000000000000009687365138548183,FmTmd
1.8666666666666667,0,0.014772473644983833,0.00000000000000007575710257349773,-0.000000000000000010408340855860843,0.0000000000000000026833394077445477,-0.000000000000000017319499690832818,FmTmd
1.8733333333333333,0,0.013073647848573514,0.00000000000000006649102232103318,-0.0000000000000000031796552801497037,0.000000000000000002493413337038744,-0.000000000000000020326651626840923,FmTmd
1.88,0,0.011521215063540192,0.00000000000000001389267494341526,0.0000000000000000016170902928315794,-0.000000000000000001852356659122035,-0.0000000000000000056158865689387185,FmTmd
1.8866666666666667,0,0.010106058016620482,0.000000000000000025057972232792593,0.000000000000000004814399534297562,0.00000000000000000038207267548443567,-0.00000000000000001079426264041949,FmTmd
1.8933333333333333,0,0.0088192937609937,0.000000000000000023274337276467553,0.0000000000000000015910776694298182,0.000000000000000001951759871141996,-0.0000000000000000007963226773872613,FmTmd
1.9,0,0.007652268669154998,0.000000000000000002134649515221232,-0.00000000000000000024574868787825744,0.0000000000000000019419278260135225,0.0000000000000000025791923798371885,FmTmd
1.9066666666666667,0,0.006598041175534726,-0.0000000000000000029228449647404774,0.0000000000000000051895677334169756,0.0000000000000000014504704614851544,0.000000000000000006191754631394483,FmTmd
1.9133333333333333,0,0.005649183554337583,-0.000000000000000009060173799032997,0.000000000000000004457010019651878,-0.000000000000000000994051175203109,0.000000000000000001971882081644106,FmTmd
1.92,0,0.004798868796223606,-0.000000000000000019059734131008663,-0.0000000000000000005634250888347919,-0.000000000000000002406868816108208,0.0000000000000000055180189932599056,FmTmd
1.9266666666666667,0,0.004041083424313148,-0.0000000000000000080280012571956,0.0000000000000000033807487058336275,-0.000000000000000000775130863318627,0.0000000000000000055456204222548465,FmTmd
1.9333333333333333,0,0.003370291460293093,-0.00000000000000001160939685923601,0.0000000000000000027443965399923143,-0.0000000000000000020260930189439052,0.0000000000000000014221915717998758,FmTmd
1.94,0,0.0027805288583553855,-0.000000000000000007359998972037349,0.0000000000000000004366751072951733,0.0000000000000000004339802928242989,0.000000000000000004549906326562904,FmTmd
1.9466666666666668,0,0.0021352673039600856,-0.00000000000000000021621064771234206,0.0000000000000000026020852139652106,0.00000000000000000009311155386583145,0.00000000000000000003156200694257604,FmTmd
1.9533333333333334,0,0.0013949656274903676,-0.000000000000000004522675989167018,0.0000000000000000006752998117089834,-0.0000000000000000003314552788000715,0.0000000000000000016170113181466264,FmTmd
1.96,0,0.0008570668719888803,0.000000000000000002406558405307023,0.0000000000000000008441819521220206,0.000000000000000000017384839399787185,-0.0000000000000000021022325186053967,FmTmd
1.9666666666666666,0,0.0004837927263986951,0.0000000000000000012096493784477525,0.0000000000000000002753656363694057,-0.00000000000000000010194282003332051,-0.000000000000000001396527059173438,FmTmd
1.9733333333333334,0,0.00024090613359198411,-0.00000000000000000018177400023236504,-0.00000000000000000009019969007226011,-0.00000000000000000010386508545447786,0.00000000000000000015284285292778678,FmTmd
1.98,0,0.00010000032227385557,0.00000000000000000015395142346383605,-0.00000000000000000027919527198778133,0.00000000000000000004039049469691423,-0.000000000000000000109304764971205,FmTmd
1.9866666666666666,0,0.000029709899215583904,0.00000000000000000005140167425994171,0.00000000000000000005091202959434295,-0.000000000000000000016116139187602938,-0.0000000000000000000004896446655987637,FmTmd
1.9933333333333334,0,0.000003961709943647466,0.00000000000000000010352414742559268,-0.0000000000000000000012984338751848757,0.0000000000000000000002535849182687137,-0.00000000000000000006136471916564595,FmTmd
0,0,0,0,0,0,0,None
0,0,0,0,0,0,0,None
0,0,0,0,0,0,0,None
0,0,0,0,0,0,0,None
0,0,0,0,0,0,0,None
0,0,0,0,0,0,0,None
0,0,0,0,0,0,0,None
