# n,energy,berry,bcd_x,bcd_y,qmd_x,qmd_y
0.00000022222222222222224,-2.999998051265458,0.0000000000000000005557324033639432,0,0,0,0
0.006666666666666667,-2.9759027128718554,-0.000000000000000000000018984187725812984,0.0000000001631791835159244,-0.00000000003656608187387012,0.000000000015859637918522143,0.00000000003047276300632754
0.013333333333333334,-2.951986396529512,-0.00000000000000000000007777538488552395,0.0000000008213073125314073,-0.0000000001770740954520845,-0.000000000010937934811128733,-0.000000000012037711134650407
0.02,-2.9282397204359576,-0.0000000000000000000001635745327742584,0.000000002192403008347619,-0.0000000004690917499109968,0.00000000007758726707865771,0.00000000008788520660424293
0.02666666666666667,-2.9046637233103403,-0.00000000000000000000002956620676251616,0.000000004395630466031319,-0.0000000009784639022372725,-0.00000000021257356688683933,-0.0000000004051535925783944
0.03333333333333333,-2.8812702701869783,-0.000000000000000000000707894499317133,0.000000007805126575615252,-0.0000000015919090327504673,0.00000000018095005867167691,0.0000000003173538776527345
0.04,-2.8580384122668523,-0.000000000000000000002921179916580204,0.000000012352216755737058,-0.000000002642941891896886,0.00000000004305650842458088,0.0000000000174060023011198
0.04666666666666667,-2.8349669668721424,-0.000000000000000000005241142182869428,0.000000017901513876922084,-0.00000000406533059533888,-0.00000000023071864241957737,-0.0000000004341351728230759
0.05333333333333334,-2.8120746451724843,-0.000000000000000000006873128725309516,0.000000025271358565336706,-0.000000005584755633198341,-0.0000000004371861213961963,-0.0000000009351435469899742
0.06,-2.7893394207446707,-0.000000000000000000008837462395027292,0.00000003412600255393317,-0.000000007573380643611316,0.0000000005696576770628221,0.0000000009302668792470813
0.06666666666666667,-2.766749177570739,-0.000000000000000000010842707408685473,0.000000045241620088954256,-0.000000010043980055486246,-0.00000000011978627997900267,-0.00000000016109671739156872
0.07333333333333333,-2.7443618527868825,-0.00000000000000000002157083321579099,0.000000057566811316212796,-0.000000012884854703740164,-0.00000000025027588745210383,-0.0000000012409150585923433
0.08,-2.722154879055324,-0.000000000000000000031243731791995406,0.00000007233400613588738,-0.000000016235108366379205,0.0000000003370980611720632,0.0000000003578564099792118
0.08666666666666667,-2.700074936519785,-0.000000000000000000040514066096950173,0.00000008785463269776137,-0.000000020003555266700336,0.0000000001577769764692498,0.0000000005423362635961399
0.09333333333333334,-2.6781561002680427,-0.00000000000000000005581719520165948,0.00000015239189098045398,0.0000000422920076551415,0.00006808679920554319,-0.00011827168930773148
0.1,-2.656373725823676,-0.00000000000000000007126612358299232,-0.00000026684573945793877,0.000002522106737838287,0.00004734475228625575,-0.00017076964839217722
0.10666666666666667,-2.634774759027412,-0.00000000000000000009046521602363232,-0.0000010087075847106263,0.000006324571905562327,-0.00001847444783264387,-0.0000905308381120494
0.11333333333333333,-2.6133626823512857,-0.00000000000000000009801188228515311,-0.0000016819749830293325,0.00000980814452549848,-0.000014204789421244404,-0.00007079187031232874
0.12,-2.5920992698294816,-0.00000000000000000013142614124230294,-0.000002410537088229308,0.000013633356133408882,-0.000012281882721803731,-0.00006175431390339443
0.12666666666666668,-2.5709550614667016,-0.00000000000000000011569187573581746,-0.000003140912353404947,0.000017843595486142925,-0.000011229636060795512,-0.00005663406266702811
0.13333333333333333,-2.549981937858188,-0.00000000000000000004986611916810269,-0.000004036512076283552,0.00002238818768524949,-0.000010588006140588119,-0.00005365852262976503
0.14,-2.5291819286856847,-0.00000000000000000036481457722889634,-0.000004930735171316076,0.000027316957574296583,-0.00001026106870674164,-0.000052103719032444105
0.14666666666666667,-2.508513214950388,-0.0000000000000000028489115644281673,-0.00000593010201472479,0.00003257881815223378,-0.000010117824843467381,-0.0000515750526785215
0.15333333333333332,-2.4879979831143433,-0.0000000000000000008691592103982574,-0.000006921971992826058,0.00003812691007012253,-0.000010168041253661428,-0.00005191551925388984
0.16,-2.467707361013336,-0.0000000000000000009594576170397603,-0.000008025206723831238,0.000043943106166506,-0.000010353969483082488,-0.00005299140757809681
0.16666666666666666,-2.447508238760968,-0.0000000000000000010496076625682242,-0.000009186092901262302,0.00005006562698649261,-0.000010681187251432421,-0.00005479196949552533
0.17333333333333334,-2.4274556472061417,-0.00000000000000000113686510629709,-0.000010337187174939427,0.00005640299016473856,-0.000011129316689206292,-0.0000573068071706706
0.18,-2.407572879750842,-0.0000000000000000012568984919357558,-0.000011564098561069328,0.00006294643978494966,-0.00001170273145150649,-0.000060424599575620926
0.18666666666666668,-2.3878286761350243,-0.0000000000000000014119685264254196,-0.00001281978113007401,0.00006969334985701991,-0.000012420314111661965,-0.00006420533742275164
0.19333333333333333,-2.3682406042900634,-0.000000000000000001581466967244467,-0.000014085483088159387,0.00007656805111086927,-0.000013248885185276416,-0.00006864086278700156
0.2,-2.3488354331629,-0.0000000000000000017545768807032157,-0.000015395328516471907,0.00008358547905764659,-0.000014197343699290286,-0.0000737210203959669
0.20666666666666667,-2.329535640094687,-0.0000000000000000018499234861073388,-0.000016741644389051038,0.00009074205729571031,-0.000015284734833124777,-0.00007944974771071346
0.21333333333333335,-2.3104379625936353,-0.0000000000000000019195282104700454,-0.000018075827277830125,0.00009793308142263624,-0.000016491892874330148,-0.00008581947931407141
0.22,-2.2914572802605755,-0.000000000000000002036360605950226,-0.000019380432964072357,0.00010517184763392904,-0.000017834280775713703,-0.00009292340632756536
0.22666666666666666,-2.272644006024307,-0.000000000000000002169988920229761,-0.0000207397071369282,0.00011245799017642855,-0.0000193005420514687,-0.00010065673009572743
0.23333333333333334,-2.2539316835837635,-0.000000000000000002301932985191174,-0.000022057809762145394,0.00011970847283096178,-0.00002090468353913176,-0.00010919176429506623
0.24,-2.2354455567509715,-0.0000000000000000024628196840488387,-0.000023370620605013836,0.00012683318783897582,-0.00002263941105899163,-0.00011836838345634184
0.24666666666666667,-2.21704315593752,-0.0000000000000000027392417449429263,-0.00002460564130792808,0.00013391830051470358,-0.00002454806542163418,-0.0001283344712226779
0.25333333333333335,-2.1988784977374807,-0.0000000000000000029191293108834512,-0.000025937995379427617,0.00014085702734408366,-0.000026568047781145638,-0.0001390181463549748
0.26,-2.180797016732955,-0.0000000000000000031663599238950296,-0.000027093580796666216,0.0001475636240495341,-0.000028791232434160365,-0.00015064778536270695
0.26666666666666666,-2.1628928679749713,-0.0000000000000000033882935308370366,-0.000028289895965267665,0.00015408553049749274,-0.000031138310404979714,-0.0001631014385894797
0.2733333333333333,-2.1451562801585746,-0.0000000000000000035496146435506265,-0.000029349840520487195,0.00016029846541275411,-0.000033672967253477,-0.00017640205451000917
0.28,-2.12756511950495,-0.0000000000000000038017651173989865,-0.00003042132234464982,0.00016619809382019692,-0.00003636414368211489,-0.00019061671864287137
0.2866666666666667,-2.110127297853457,-0.000000000000000004004913758440855,0.001154963352340019,0.0003851190207703602,-0.00013082634845901624,-0.000355814151122523
0.29333333333333333,-2.092843024268323,-0.000000000000000004196251513279047,0.0018031999084345677,0.0008347923276997369,-0.0001286349119931405,-0.0005975172531760934
0.3,-2.075715309362215,-0.0000000000000000043875445509834114,0.0011654618403519155,0.0008502404768011575,-0.00023041579040769303,-0.0005141082340897371
0.30666666666666664,-2.058754559420919,-0.000000000000000004449236303767158,0.0010134316424745041,-0.000019643772974297682,-0.00040604501539307126,0.00011607545985197501
0.31333333333333335,-2.041953338070338,-0.000000000000000004420534492874777,0.0012643335190038513,-0.0001760406814627638,0.0014239329108038988,0.0005520539350646898
0.32,-2.0252605115875664,-0.00000000000000000450092955288813,0.001544977435329203,-0.0004977059408504461,-0.00028037935200296983,0.000290325408247745
0.32666666666666666,-2.0088450048550524,-0.0000000000000000044189590452877944,0.0016158487672317612,-0.0011210413835995446,0.00029527844563104026,-0.00003626812069731759
0.3333333333333333,-1.9925479879382733,-0.000000000000000004485918982372354,0.0009065593396457868,-0.0009006472621782553,0.0005323581230356357,-0.0001373267092519188
0.34,-1.9763826797023012,-0.000000000000000004769798930022058,0.0005077799754929966,-0.0002633031678908566,0.0004257668555486302,0.0016609773402085479
0.3466666666666667,-1.9603873076303928,-0.00000000000000000520339383255603,0.0007617487348404373,-0.000020518469871378075,0.0005005291163759331,0.004346345136946376
0.35333333333333333,-1.94457317510975,-0.00000000000000000564037310096084,0.0004600816794745047,-0.0008502911629323907,0.0010104942432324479,0.003125150263791303
0.36,-1.9289704597608526,-0.000000000000000006347529978328856,0.001400546684920813,-0.0007548848248614579,0.00011205708636752537,0.0018313074812648597
0.36666666666666664,-1.9135215397573238,-0.000000000000000007004133770462608,0.0017325204769222066,-0.0001353714175382167,-0.00021638754125432534,0.0016313198413696979
0.37333333333333335,-1.8982300015583649,-0.000000000000000007817091335868665,0.001787766320409065,0.00004658073938681664,-0.0003651425796801843,0.0016797562034085208
0.38,-1.8831014655666642,-0.000000000000000008784282460864546,0.0016048589147173694,-0.0003090207999214938,-0.00040890458413714065,0.0015240120362080254
0.38666666666666666,-1.868174814920512,-0.000000000000000009617029274525265,0.0007650781480707679,-0.00015936453663284791,0.000027679329718994475,0.0010335105972860642
0.3933333333333333,-1.853475388370845,-0.000000000000000010540763234528507,0.0008702493338674769,0.000049675364946170995,-0.000011379836407804793,0.0015779621764690818
0.4,-1.838954853832147,-0.00000000000000001149866654318094,0.0008881936808933489,0.0004770950641614156,0.00026740617343359825,0.0011880049250006463
0.4066666666666667,-1.8246066174738718,-0.000000000000000012448927595187508,0.0008760042888364644,0.0006730565456823484,0.0006266255858508181,0.0003811486432606277
0.41333333333333333,-1.8104702774849415,-0.00000000000000001329291507546671,0.0014463124700103455,-0.0007940596842887915,0.00004368011826045941,0.0014388628218094644
0.42,-1.796558147382805,-0.00000000000000001406441570270252,0.0016162931454832526,-0.0004060833204043658,-0.00008427486057711414,0.0010038041537296701
0.4266666666666667,-1.7828363674188823,-0.000000000000000014840877961370357,0.0013093163384123238,0.0003946259628516011,-0.0001549493541932937,0.000711162779906355
0.43333333333333335,-1.7693204882722509,-0.000000000000000015649615764138668,0.00043094755454156316,0.0011715224650646011,-0.0002967863986070183,0.001143002554286914
0.44,-1.7560901232366926,-0.00000000000000001677416179255876,0.0008740600380139717,0.0016805443548008666,0.00002882104346691789,0.0009744205643852922
0.44666666666666666,-1.7430579059438747,-0.000000000000000018120965179212777,0.0012226156114119903,0.0014124394354430676,0.0002899024414146845,0.0008357977716922069
0.4533333333333333,-1.730228172084337,-0.000000000000000019695111967184492,0.001401489030318235,0.00030750915308171427,0.00045695958306640104,0.0007600441814900458
0.46,-1.7177405950613178,-0.00000000000000002152976131870417,0.0007909567961363922,0.0010715563121318369,0.00010986632264918349,0.00017141253215221587
0.4666666666666667,-1.7054424833151238,-0.00000000000000002338325527521675,0.0006720506731312005,0.0011776436137829415,0.00008516209290345726,-0.0002586416287072334
0.47333333333333333,-1.6934183900174562,-0.000000000000000025246790293908378,0.0013916516951280058,0.00009977358017609233,0.0006100509675058126,-0.0003986005838601791
0.48,-1.6817551316381023,-0.000000000000000027573900380843572,0.001378628515123344,0.00009593212255949276,0.0004215351991970578,-0.0004846860007833612
0.4866666666666667,-1.670242199099688,-0.0000000000000000299074736367311,0.0011525432549310528,0.0003935710896901034,0.00005055362011163769,-0.0005239750670850891
0.49333333333333335,-1.659229448585397,-0.000000000000000030388344614018126,0.0011427969456596,0.00022876165482252543,0.00022452227927175755,-0.00016304820947799593
0.5,-1.6484033477958295,-0.00000000000000003118599821547116,0.0010117790720987065,0.00026707643925200813,0.0002679349122162588,0.00002288532688536045
0.5066666666666667,-1.6380234512306475,-0.00000000000000003274095132713661,0.0005908497916831336,0.0007909793211692103,-0.0000007592661539670541,-0.0002095196009180365
0.5133333333333333,-1.627980994150342,-0.000000000000000034315169615369304,0.0007051470674681177,0.000807281395211456,-0.00001289761657766758,-0.0007157507959809027
0.52,-1.6184199929537328,-0.00000000000000003591687529919283,0.0015831011947549441,0.0000993428084141326,0.0003410157797484252,-0.0016126750586641313
0.5266666666666666,-1.6092322887131782,-0.00000000000000003787446691744857,0.002129449361170407,-0.00011267260550105348,0.000333169505456246,-0.002174300049185394
0.5333333333333333,-1.6006858652192002,-0.000000000000000040443429172477714,0.0021061370610119764,0.0005272503031232723,-0.0002961378011120516,-0.0021599198939615026
0.54,-1.5922665724554352,-0.00000000000000004287528211030749,0.002062022715393693,0.0011636443211808867,-0.0008462339739145439,-0.002125764610183036
0.5466666666666666,-1.5852870848309695,-0.00000000000000004375431851653596,0.0017823170858204968,0.0017600722762302933,-0.0004992331403949205,-0.0018676482772117297
0.5533333333333333,-1.5783075972065037,-0.00000000000000004463335492276445,0.001502611456247296,0.00235650023127971,-0.00015223230687529132,-0.001609531944240419
0.56,-1.5720143398879498,-0.000000000000000045060865177484814,0.0014038443467315647,0.0026018816180703574,0.000016262272780207305,-0.001416658701364656
0.5666666666666667,-1.5674775325170869,-0.00000000000000004433266563862035,0.001768200843608763,0.0019487370710121756,-0.0002721412145264341,-0.001390779281405497
0.5733333333333334,-1.5629407251462235,-0.000000000000000043604466099755875,0.0021325573404859677,0.001295592523953983,-0.0005605447018330803,-0.0013648998614463378
0.58,-1.5584039177753606,-0.00000000000000004287626656089141,0.0024969138373631657,0.0006424479768958008,-0.0008489481891397218,-0.0013390204414871789
0.5866666666666667,-1.5538671104044972,-0.00000000000000004214806702202693,0.0028612703342403706,-0.000010696570162391835,-0.0011373516764463679,-0.0013131410215280195
0.5933333333333334,-1.5447355498161215,-0.00000000000000004185864287477477,0.0006766469170810321,0.0008480689538690666,-0.0010010181403837806,-0.002005081267468842
0.6,-1.535476811898349,-0.0000000000000000415813635109024,-0.001578529246397193,0.0017486823587391214,-0.0008529283863545464,-0.002716889911945119
0.6066666666666667,-1.5247331505392454,-0.0000000000000000408002453647824,-0.00034033982548340347,0.001431882977000078,-0.0007029529670099056,-0.003067340502732976
0.6133333333333333,-1.513656899850347,-0.000000000000000039974795973484283,0.0014075375348720867,0.0008743287453508973,-0.000618130541147992,-0.0032671565653973507
0.62,-1.5015198037714186,-0.000000000000000039552401676486767,0.0026138226818609306,-0.00019752052730489123,-0.0012622028679675238,-0.0024326576441391374
0.6266666666666667,-1.4889414415483417,-0.00000000000000003977799128925559,0.0033310688824770476,-0.00022353713773536228,-0.0015194719683148856,-0.0031873269822484543
0.6333333333333333,-1.475869723588274,-0.000000000000000040728056558269804,0.0035015471676202352,0.000919735014824841,-0.001344277365300678,-0.005718759138441906
0.64,-1.4620153757948333,-0.00000000000000004165805267822252,0.005494404140156916,-0.0015965350064977412,0.0001976151282928084,-0.0068778754332982205
0.6466666666666666,-1.4477572227363507,-0.00000000000000004322990388172966,0.00390200752098767,-0.002111072604955453,0.00022868526376665116,-0.006777064166439316
0.6533333333333333,-1.4330598182584473,-0.00000000000000004513649332023523,0.0008462808069932867,-0.0012666536274899686,-0.0009081752099022015,-0.006758194659085298
0.66,-1.4178583964959148,-0.00000000000000004651492579409535,0.00224549134602756,-0.001206294092559479,-0.0020289915134579437,-0.010233634430891404
0.6666666666666666,-1.4021159235636385,-0.00000000000000004713161090607461,0.003187462175812387,-0.0016347840003245744,-0.00406236909385836,-0.011637955033611928
0.6733333333333333,-1.38595885853353,-0.00000000000000004741151141282778,0.0042894744197974595,-0.0020114802113503634,-0.0063554299372149195,-0.013353027144917618
0.68,-1.3693642133854342,-0.00000000000000004687145636105952,0.006056138246202985,-0.0010442194356111705,-0.004704757804813206,-0.016220990707290953
0.6866666666666666,-1.3523106180880773,-0.00000000000000004601314559228762,0.006285875916677977,0.00014466794444528285,0.00225515974968512,-0.05031317714637095
0.6933333333333334,-1.3347965258894767,-0.00000000000000004539750840448882,0.004428649589975605,-0.0007349996750317465,0.007868180188642446,-0.09471942518627217
0.7,-1.316857492338196,-0.00000000000000004354197897112286,0.009499522391888086,-0.0028470187046066705,0.0007026653981735078,0.010432613816690918
0.7066666666666667,-1.2984985330011352,-0.000000000000000044383592313875036,0.014286446412062545,-0.011734080769527623,-0.0007826545713894452,0.0038445972994126582
0.7133333333333334,-1.2797208011772065,-0.00000000000000004675728053329293,0.001974195027884127,-0.007448762293231273,-0.001356725706046455,0.003057208168211482
0.72,-1.260503102620195,-0.00000000000000004883786443814919,-0.005664985433218858,0.008924723057829681,-0.0019089171060898788,-0.00092845899701688
0.7266666666666667,-1.2408811235722612,-0.00000000000000005075802034376426,-0.0033414347694674064,0.001992556646981367,0.0003930402346656271,0.002037196976919611
0.7333333333333333,-1.2208154151806185,-0.0000000000000000513767250251312,-0.00040069857730203664,0.002041954809141702,0.0004110729286056712,0.0021307155988208024
0.74,-1.2003162437634718,-0.00000000000000005226357633108603,-0.00042141271393453613,0.002150706365863639,0.00043129930545324175,0.0022344246254996742
0.7466666666666667,-1.1793678487625645,-0.00000000000000005252603764496382,-0.00044282864874090944,0.002263121145980689,0.00045409283161276673,0.0023493697494203643
0.7533333333333333,-1.1580436650937789,-0.0000000000000000520004479299261,-0.00046450549475908807,0.0023776059332571,0.0004783179967069575,0.0024760822203685356
0.76,-1.1362610956328227,-0.000000000000000051991229587248384,-0.00048688069311208945,0.0024943007994787814,0.0005056790975646337,0.002616680996173576
0.7666666666666667,-1.1140790509763063,-0.00000000000000005058730759485349,-0.000509663910087447,0.002612446933008857,0.0005361629604871245,0.0027725269586209664
0.7733333333333333,-1.0914620130965067,-0.00000000000000004944377943963798,-0.0005323395684399015,0.002731468470489185,0.0005698860677683036,0.002945175905950457
0.78,-1.068426878244105,-0.00000000000000004838323173188107,-0.0005551539715443737,0.0028503414670652035,0.0006072776142953925,0.0031365083068813897
0.7866666666666666,-1.0449648653343429,-0.000000000000000047434909913726115,-0.000577501675743758,0.002967823919843999,0.0006485485631134811,0.003349247629787958
0.7933333333333333,-1.0210379292871052,-0.0000000000000000470520874373249,-0.0005991374617394568,0.0030825196748848005,0.0006950436336834107,0.0035889774440389377
0.8,-0.9966389194142954,-0.00000000000000004607698763515588,-0.0006201849209819779,0.003192332061480613,0.0007472538175925091,0.0038561396408288155
0.8066666666666666,-0.9718394489489134,-0.000000000000000043810588119250427,-0.0006391471953322097,0.0032951452704123242,0.0008056681008696905,0.004153925146642607
0.8133333333333334,-0.9466065478086515,-0.00000000000000004179543246956619,-0.0006575683792262587,0.00338819841753167,0.0008708722289371978,0.004487544841859275
0.82,-0.9208681151961329,-0.00000000000000004059067276645649,-0.000671237378424672,0.0034662887742084587,0.000944825348555797,0.0048679157103313705
0.8266666666666667,-0.8946801897468363,-0.000000000000000037852004802847517,-0.0006828120460634278,0.0035282823314152496,0.0010289036757048006,0.005295141759150133
0.8333333333333334,-0.8680194293516392,-0.00000000000000003381639754135423,-0.0006897831421656301,0.0035682872452576777,0.0011238019967106311,0.005780976894389175
0.84,-0.8408780227425576,-0.00000000000000003126341382328051,-0.0006898943611761743,0.0035745210428751654,0.0012329064650919614,0.0063422079135809625
0.8466666666666667,-0.81330962481459,-0.00000000000000002791528727958674,-0.0006833876422183149,0.0035491631592968653,0.0013586806906333037,0.006982532915541094
0.8533333333333334,-0.7851167106362692,-0.000000000000000025176633175776723,-0.0006685072824220371,0.003472257422460618,0.0015065868365839456,0.007739830451556645
0.86,-0.7565390755352565,-0.000000000000000021479104658546408,-0.0006423446482112606,0.0033419262451170402,0.0016823130067160205,0.008626663295369746
0.8666666666666667,-0.7274004523227022,-0.0000000000000000189559980115459,-0.0006012799391975954,0.0031392537048942834,0.001892185944308046,0.009706503923998052
0.8733333333333333,-0.6977102782212191,-0.000000000000000017958660946764775,-0.0005441225068134202,0.0028538611976180917,0.0021560481461506712,0.011042990977751115
0.88,-0.6675025407086792,-0.000000000000000017010942231045924,-0.0004655976909810625,0.0024731497845832764,0.0025010341779271475,0.01278981419270306
0.8866666666666667,-0.6367120053769493,-0.00000000000000001752970543085861,-0.00038196002314901426,0.0019939506873512727,0.0029820861380388036,0.015163144883623757
0.8933333333333333,-0.605345272850095,-0.000000000000000018001378975440125,-0.00025881027085854566,0.0013946347012532539,0.0037511592784074724,0.018979283742183887
0.9,-0.5734055934886384,-0.000000000000000016607207162372645,-0.00012911725341753218,0.0007478484423922954,0.0052949030032436945,0.02632621554021068
0.9066666666666666,-0.5408195235469299,-0.000000000000000014281763600448746,-0.000007589018762455217,0.00013969354149642624,0.013596186173366874,0.05931803759550726
0.9133333333333333,-0.5076131794991486,-0.000000000000000011884143588633986,0.000000262874050447649,0.0000005434161896999997,0.000000008376731170838336,-0.00000017457467576153447
0.92,-0.4737644994623444,-0.00000000000000000943269946193275,0.0000005372832135814754,0.00000006475381554108072,0.000000047505580552593284,-0.000000024204880667086137
0.9266666666666666,-0.43922438225879185,-0.00000000000000000990183817225576,0.0000009088387515914198,-0.000000021924523234175595,-0.0000001200741774548214,0.00000007571005330712854
0.9333333333333333,-0.40390971819400706,-0.000000000000000010309493005126515,0.0000006116700711374893,0.000000016584038454677896,-0.00000006353914513263789,-0.00000014621391546115316
0.94,-0.36789793831353895,-0.000000000000000009934656019720783,0.0000012036744514470174,0.000000055761931356595095,0.00000007158408484586304,0.00000013256604030808342
0.9466666666666667,-0.33103548618799233,-0.000000000000000010204478985017734,0.0000016990213949320213,-0.0000005204216809314791,0.000000037404425973077705,-0.00000008919843221827743
0.9533333333333334,-0.29332858092170705,-0.00000000000000000886512256612161,0.0000025229678651052405,-0.0000008187385008926488,-0.00000002057981791967681,0.000000010348186692867042
0.96,-0.25478823866491523,-0.000000000000000006583064698800188,0.000003402595079618656,-0.0000013135741349062734,0.00000018432476800862617,0.00000018127559428696677
0.9666666666666667,-0.2151785858948047,-0.000000000000000002478971128555363,0.000004774360493982718,-0.0000013857773759010278,-0.0000001351500464887232,-0.000000354787148099457
0.9733333333333334,-0.1746309451313833,-0.0000000000000000015040175734593829,0.000006338549306123585,-0.0000022158684701062573,0.0000000652367905989902,0.00000023269715370948206
0.98,-0.13292647901257318,-0.000000000000000002838212761634627,0.000007926845358156196,-0.0000027705711330298715,0.00000004782681808135968,-0.000000007801228202467197
0.9866666666666667,-0.08999197918338203,-0.0000000000000000017950226848577594,0.00000954984730002168,-0.0000032535439592359065,0.0000002719377157212419,0.0000005679007066065991
0.9933333333333333,-0.04573491454403171,-0.0000000000000000015335936907463848,0.000009842673759285114,-0.0000031739349564154057,0.00000032444333726758067,0.0000005457176531300862
1,0,-0.0000000000000000011104601938503877,0.00000000000000000004743384504624082,0.000000000000000004228388472693467,-0.00000000000000000010842021724855044,-0.00000000000000000015924219408380846
1.0066666666666666,0.04573491454403171,-0.0000000000000000006860322929583557,-0.000009842673759289339,0.0000031739349563922952,-0.000000324443337240014,-0.0000005457176531304826
1.0133333333333334,0.08999197918338299,-0.000000000000000000442483988300246,-0.000009549847299858901,0.000003253543961464666,-0.0000002719377150679139,-0.0000005679007067330112
1.02,0.1329264790125737,0.000000000000000000684639897795205,-0.000007926845358187841,0.0000027705711326196187,-0.000000047826819264727006,0.00000000780122826638335
1.0266666666666666,0.17463094513138366,-0.0000000000000000005833507822641973,-0.0000063385493061234105,0.0000022158684702211713,-0.00000006523679062102925,-0.00000023269715370924836
1.0333333333333334,0.21517858589480604,0.000000000000000000398320137900185,-0.000004774360493979074,0.0000013857773758156245,0.00000013515004652169934,0.00000035478714809810753
1.04,0.25478823866491584,0.000000000000000004428043134903642,-0.0000034025950797008205,0.0000013135741359446303,-0.00000018432476845094158,-0.00000018127559428050885
1.0466666666666666,0.2933285809217077,0.000000000000000006720332503081015,-0.000002522967865249537,0.0000008187385049686116,0.000000020579818078086,-0.000000010348186769259726
1.0533333333333332,0.3310354861879918,0.000000000000000008014277615731785,-0.0000016990213950546872,0.0000005204216856523076,-0.000000037404425534293635,0.00000008919843218688716
1.06,0.3678979383135395,0.00000000000000000764220589827887,-0.0000012036744513867408,-0.000000055761929783130096,-0.0000000715840845612692,-0.00000013256604052224942
1.0666666666666667,0.4039097181940072,0.000000000000000008078976199739363,-0.0000006116700710399027,-0.00000001658403698068707,0.00000006353914677170723,0.00000014621391611194774
1.0733333333333333,0.43922438225879185,0.000000000000000007699173965878227,-0.0000009088387515979222,0.000000021924523320662523,0.00000012007417763535851,-0.00000007571005338814926
1.08,0.47376449946234395,0.000000000000000007260524230488103,-0.0000005372832131390429,-0.0000000647538151389841,-0.00000004750558290209469,0.000000024204881399647425
1.0866666666666667,0.5076131794991489,0.000000000000000009788712906187724,-0.000000262874050397762,-0.0000005434161897305951,-0.000000008376731305609987,0.00000017457467570698592
1.0933333333333333,0.5408195235469285,0.00000000000000001219050842439789,0.000007589018761999322,-0.0001396935414884662,-0.013596186173368108,-0.05931803759551056
1.1,0.5734055934886394,0.000000000000000014583039867208833,0.00012911725341745636,-0.0007478484423917486,-0.005294903003243618,-0.026326215540209995
1.1066666666666667,0.605345272850095,0.000000000000000016113186805948513,0.0002588102708584309,-0.0013946347012535499,-0.00375115927840756,-0.018979283742184133
1.1133333333333333,0.6367120053769497,0.000000000000000015793221437470362,0.0003819600231492642,-0.0019939506873510836,-0.0029820861380389454,-0.015163144883623874
1.12,0.6675025407086799,0.00000000000000001526315399901922,0.00046559769098137796,-0.0024731497845808022,-0.0025010341779259774,-0.012789814192704167
1.1266666666666667,0.6977102782212196,0.00000000000000001620028624110273,0.0005441225068133775,-0.0028538611976185193,-0.0021560481461507476,-0.011042990977750983
1.1333333333333333,0.7274004523227025,0.00000000000000001732239342962922,0.0006012799391974513,-0.003139253704894433,-0.001892185944306746,-0.009706503923999472
1.14,0.7565390755352562,0.000000000000000019798598598929025,0.0006423446482123213,-0.003341926245114493,-0.0016823130067162742,-0.008626663295371682
1.1466666666666667,0.7851167106362693,0.00000000000000002344640077068471,0.0006685072824220576,-0.003472257422460908,-0.0015065868365849843,-0.007739830451555805
1.1533333333333333,0.81330962481459,0.000000000000000026264114537374876,0.0006833876422178332,-0.0035491631592969117,-0.0013586806906329175,-0.006982532915540881
1.16,0.8408780227425574,0.000000000000000029570132341220055,0.000689894361174302,-0.0035745210428756247,-0.001232906465089451,-0.00634220791358293
1.1666666666666667,0.8680194293516397,0.0000000000000000321320485604849,0.0006897831421672804,-0.0035682872452601827,-0.0011238019967082082,-0.005780976894389019
1.1733333333333333,0.8946801897468365,0.000000000000000036264243639646855,0.0006828120460634103,-0.0035282823314154083,-0.0010289036757047515,-0.005295141759150056
1.18,0.9208681151961325,0.000000000000000039079364957001585,0.0006712373784247861,-0.0034662887742084566,-0.0009448253485557372,-0.004867915710331584
1.1866666666666668,0.9466065478086527,0.000000000000000040320333484657196,0.0006575683792292654,-0.0033881984175325726,-0.0008708722289351733,-0.004487544841861271
1.1933333333333334,0.9718394489489135,0.00000000000000004231090222181239,0.0006391471953323603,-0.0032951452704124196,-0.0008056681008696726,-0.004153925146642803
1.2,0.9966389194142956,0.000000000000000044511749692497835,0.0006201849209816909,-0.0031923320614807692,-0.0007472538175923933,-0.0038561396408289565
1.2066666666666668,1.021037929287106,0.00000000000000004541770729996494,0.0005991374617395427,-0.003082519674885478,-0.0006950436336825046,-0.0035889774440394993
1.2133333333333334,1.0449648653343424,0.000000000000000045909600754277663,0.0005775016757440601,-0.002967823919843661,-0.0006485485631135411,-0.0033492476297879797
1.22,1.068426878244105,0.00000000000000004687455258224351,0.0005551539715457471,-0.0028503414670644225,-0.0006072776142945224,-0.003136508306878783
1.2266666666666666,1.0914620130965067,0.000000000000000048025364177040234,0.0005323395684390885,-0.002731468470487947,-0.00056988606776819,-0.0029451759059499166
1.2333333333333334,1.1140790509763072,0.00000000000000004918945434467845,0.0005096639100874088,-0.0026124469330081994,-0.0005361629604877089,-0.0027725269586189095
1.24,1.1362610956328232,0.000000000000000050604051521114603,0.0004868806931111443,-0.0024943007994790364,-0.0005056790975639427,-0.0026166809961725187
1.2466666666666666,1.1580436650937787,0.00000000000000005061691898237916,0.00046450549475725685,-0.002377605933255765,-0.00047831799670672005,-0.002476082220365836
1.2533333333333334,1.1793678487625656,0.00000000000000005113528119447911,0.0004428286487406175,-0.0022631211459820237,-0.0004540928316139106,-0.0023493697494127233
1.26,1.2003162437634725,0.00000000000000005080487650833757,0.00042141271393340867,-0.002150706365864467,-0.00043129930545363255,-0.0022344246254935233
1.2666666666666666,1.2208154151806179,0.000000000000000049913423870262233,0.00040069857730562253,-0.0020419548091416832,-0.0004110729286024128,-0.0021307155988178196
1.2733333333333334,1.240881123572261,0.00000000000000004924919655719545,0.003341434769466533,-0.0019925566469823812,-0.00039304023466465245,-0.002037196976918047
1.28,1.2605031026201956,0.000000000000000047399303413366846,0.005664985433219949,-0.008924723057828737,0.0019089171053637962,0.0009284589961228375
1.2866666666666666,1.2797208011772068,0.00000000000000004526428335977886,-0.0019741950278828017,0.007448762293228349,0.001356725706025999,-0.0030572081682311023
1.2933333333333332,1.298498533001134,0.00000000000000004286414959570714,-0.014286446412066306,0.011734080769525177,0.0007826545713902048,-0.0038445972994072468
1.3,1.3168574923381957,0.000000000000000042080499997668454,-0.00949952239188964,0.0028470187046087635,-0.0007026653981720798,-0.01043261381669031
1.3066666666666666,1.3347965258894763,0.0000000000000000440071738522607,-0.004428649589973214,0.0007349996750311709,-0.00786818018863853,0.0947194251862682
1.3133333333333332,1.3523106180880766,0.00000000000000004461622651664844,-0.006285875916674401,-0.0001446679444434242,-0.0022551597496880803,0.05031317714637425
1.32,1.3693642133854345,0.0000000000000000454390123526496,-0.006056138246201356,0.0010442194356124702,0.004704757804810909,0.01622099070729245
1.3266666666666667,1.38595885853353,0.000000000000000045950698465689104,-0.0042894744197973095,0.0020114802113500975,0.0063554299372150964,0.013353027144917885
1.3333333333333333,1.4021159235636382,0.00000000000000004565538980759652,-0.0031874621758121308,0.0016347840003243142,0.004062369093858351,0.011637955033612155
1.34,1.417858396495915,0.000000000000000045028930567374164,-0.002245491346027196,0.0012062940925591339,0.0020289915134578443,0.010233634430891661
1.3466666666666667,1.4330598182584469,0.00000000000000004364555688498073,-0.0008462808069935773,0.0012666536274899645,0.0009081752099024446,0.006758194659085756
1.3533333333333333,1.4477572227363502,0.00000000000000004176497839370078,-0.0039020075209874315,0.002111072604955286,-0.00022868526376655077,0.006777064166439693
1.36,1.4620153757948333,0.00000000000000004020963944554306,-0.00549440414015664,0.0015965350064974023,-0.00019761512829293828,0.006877875433298063
1.3666666666666667,1.475869723588274,0.000000000000000039272228433877773,-0.0035015471676201775,-0.0009197350148253386,0.0013442773653005104,0.0057187591384404235
1.3733333333333333,1.4889414415483417,0.000000000000000038331794118693745,-0.003331068882474992,0.00022353713773561946,0.001519471968315116,0.0031873269822475926
1.38,1.5015198037714188,0.00000000000000003813990680113838,-0.002613822681858917,0.00019752052730584685,0.0012622028679686015,0.0024326576441388802
1.3866666666666667,1.5136568998503477,0.00000000000000003861753322912563,-0.0014075375348718817,-0.0008743287453493449,0.0006181305411502881,0.0032671565653977232
1.3933333333333333,1.5247331505392454,0.000000000000000039508453301798546,0.00034033982548390415,-0.0014318829769995106,0.0007029529670124966,0.003067340502734186
1.4,1.5354768118983482,0.00000000000000004033448212416611,0.0015785292463982481,-0.0017486823587396217,0.0008529283863570542,0.002716889911947034
1.4066666666666667,1.5447355498161213,0.00000000000000004052227769911875,-0.0006766469170796999,-0.0008480689538698152,0.0010010181403845666,0.00200508126747009
1.4133333333333333,1.5538671104044977,0.00000000000000004072447457717498,-0.0028612703342386866,0.000010696570161392655,0.0011373516764454912,0.0013131410215286305
1.42,1.5584039177753608,0.00000000000000004144697200003376,-0.0024969138373608815,-0.0006424479768964631,0.0008489481891393086,0.001339020441487412
1.4266666666666667,1.5629407251462242,0.000000000000000042169469422892565,-0.002132557340483064,-0.0012955925239543408,0.0005605447018331163,0.001364899861446194
1.4333333333333333,1.5674775325170873,0.00000000000000004289196684575135,-0.0017682008436052585,-0.0019487370710121962,0.0002721412145269338,0.0013907792814049755
1.44,1.5720143398879505,0.00000000000000004361446426861013,-0.001403844346727453,-0.002601881618070052,-0.00001626227277924902,0.0014166587013637567
1.4466666666666668,1.578307597206504,0.00000000000000004315783700962558,-0.001502611456244593,-0.0023565002312797454,0.00015223230688505505,0.0016095319442447804
1.4533333333333334,1.5852870848309695,0.000000000000000042240535598101895,-0.0017823170858199634,-0.0017600722762309829,0.0004992331404167218,0.0018676482772235392
1.46,1.5922665724554348,0.000000000000000041323234186578214,-0.0020620227153953343,-0.0011636443211822203,0.0008462339739483888,0.002125764610202298
1.4666666666666666,1.6006858652191995,0.000000000000000038916057677281704,-0.002106137061012777,-0.0005272503031243889,0.0002961378011329354,0.0021599198939742264
1.4733333333333334,1.6092322887131778,0.000000000000000036377329401752097,-0.0021294493611701015,0.00011267260550025201,-0.00033316950545055285,0.0021743000491903446
1.48,1.6184199929537326,0.00000000000000003444012697892904,-0.0015831011947545965,-0.00009934280841516802,-0.000341015779750448,0.001612675058942864
1.4866666666666666,1.6279809941503423,0.000000000000000032853079727616055,-0.0007051470674683613,-0.0008072813952130266,0.000012897616572268172,0.0007157507966973292
1.4933333333333334,1.6380234512306482,0.00000000000000003128053761019285,-0.0005908497916821161,-0.0007909793211704945,0.0000007592661491267149,0.00020951960153431148
1.5,1.64840334779583,0.00000000000000002971816175114062,-0.0010117790720951829,-0.0002670764392523901,-0.0002679349122178013,-0.00002288532674613367
1.5066666666666666,1.659229448585397,0.00000000000000002891024240172156,-0.001142796945655964,-0.00022876165482305192,-0.0002245222792721035,0.00016304820947695743
1.5133333333333334,1.670242199099688,0.0000000000000000284179164334123,-0.001152543254928299,-0.00039357108969122987,-0.00005055362011165273,0.0005239750670846854
1.52,1.681755131638102,0.000000000000000026104184441419644,-0.0013786285151223784,-0.00009593212256040357,-0.00042153519919704916,0.0004846860007829649
1.5266666666666666,1.693418390017456,0.00000000000000002381414485867093,-0.001391651695128493,-0.00009977358017597862,-0.000610050968894075,0.0003986005846012559
1.5333333333333334,1.7054424833151245,0.00000000000000002203525971962097,-0.0006720506731318008,-0.0011776436137794822,-0.0000851621001165978,0.0002586416325594937
1.54,1.7177405950613183,0.000000000000000020343319680498087,-0.0007909567961363925,-0.0010715563121287287,-0.0001098663284141079,-0.00017141252907377445
1.5466666666666666,1.7302281720843364,0.000000000000000018716028863213742,-0.0014014890303172037,-0.0003075091530811719,-0.0004569595830668344,-0.0007600441814909529
1.5533333333333332,1.7430579059438742,0.000000000000000017291734621818632,-0.001222615611410388,-0.0014124394354430429,-0.00028990244141495784,-0.0008357977716920025
1.56,1.7560901232366923,0.000000000000000016041294274512216,-0.0008740600380127522,-0.0016805443548007326,-0.00002882104346907426,-0.0009744205644315873
1.5666666666666667,1.7693204882722506,0.000000000000000014962896323126826,-0.0004309475545415402,-0.0011715224650638125,0.0002967863985860865,-0.001143002554422617
1.5733333333333333,1.782836367418882,0.00000000000000001417136570765146,-0.001309316338411901,-0.00039462596285197535,0.00015494935382584626,-0.000711162780118326
1.58,1.7965581473828052,0.000000000000000013398928928210219,-0.0016162931454829126,0.00040608332040406787,0.00008427486028514991,-0.0010038041538694346
1.5866666666666667,1.8104702774849417,0.00000000000000001261536400936733,-0.001446312470010323,0.0007940596842891158,-0.0000436801182605035,-0.0014388628218093928
1.5933333333333333,1.8246066174738715,0.000000000000000011728068610200819,-0.0008760042888364497,-0.0006730565456821787,-0.0006266255858508534,-0.000381148643260691
1.6,1.8389548538321465,0.000000000000000010772323382266708,-0.0008881936808929427,-0.0004770950641616352,-0.00026740617794608325,-0.0011880049269630652
1.6066666666666667,1.8534753883708441,0.000000000000000009819487863130147,-0.0008702493338669868,-0.00004967536494646408,0.00001137983135886684,-0.0015779621786647792
1.6133333333333333,1.8681748149205117,0.000000000000000008907164463762467,-0.0007650781480707452,0.0001593645366328521,-0.00002767932972692719,-0.0010335105972798836
1.62,1.883101465566665,0.000000000000000008121117133971317,-0.00160485891471853,0.00030902079992138463,0.00040890458406066135,-0.0015240120361486933
1.6266666666666667,1.8982300015583653,0.000000000000000007172715916153457,-0.0017877663204093283,-0.000046580739386306634,0.00036514257964673355,-0.0016797562033824466
1.6333333333333333,1.913521539757323,0.000000000000000006371936077708276,-0.0017325204769223202,0.000135371417538733,0.00021638754206711354,-0.0016313198420052195
1.64,1.9289704597608515,0.000000000000000005711322895999543,-0.0014005466849215582,0.0007548848248614729,-0.00011205708477439363,-0.001831307482510726
1.6466666666666667,1.9445731751097506,0.000000000000000004951167290193784,-0.00046008167947468137,0.0008502911629324596,-0.0010104942432273144,-0.003125150263795508
1.6533333333333333,1.960387307630393,0.000000000000000004542793581807482,-0.0007617487348397457,0.00002051846987222931,-0.0005005291163754534,-0.0043463451369464765
1.66,1.9763826797023007,0.000000000000000004126821161521197,-0.000507779975493697,0.000263303167891413,-0.00042576685556919254,-0.0016609773402276986
1.6666666666666667,1.992547987938273,0.0000000000000000038504746973826225,-0.0009065593396469717,0.0009006472621783015,-0.0005323581230540747,0.00013732670923511563
1.6733333333333333,2.0088450048550524,0.000000000000000003787604321371287,-0.0016158487672323606,0.0011210413835989808,-0.00029527844563147383,0.00003626812069711559
1.68,2.0252605115875664,0.000000000000000003874408381379391,-0.0015449774353297199,0.0004977059408493114,0.00028037935200564743,-0.0002903254082637095
1.6866666666666668,2.0419533380703374,0.000000000000000003780131834625824,-0.0012643335190036518,0.00017604068146261824,-0.0014239329107807702,-0.0005520539351885682
1.6933333333333334,2.0587545594209185,0.000000000000000003807108577097893,-0.0010134316424744302,0.000019643772974214924,0.00040604501539611,-0.00011607545987095055
1.7,2.0757153093622143,0.0000000000000000037748699019611485,-0.0011654618403524877,-0.0008502404768016568,0.00023041579041162513,0.0005141082340801744
1.7066666666666668,2.092843024268323,0.000000000000000003610808895302856,-0.0018031999084372689,-0.0008347923277003265,0.00012863491204313077,0.0005975172531725024
1.7133333333333334,2.1101272978534564,0.0000000000000000034414882323539936,-0.001154963352342109,-0.000385119020770754,0.00013082634850225815,0.0003558141511246061
1.72,2.12756511950495,0.0000000000000000032636703054916632,0.000030421322344672505,-0.00016619809382033767,0.00003636414368205871,0.00019061671864285928
1.7266666666666666,2.145156280158574,0.0000000000000000030320010605102356,0.00002934984052050464,-0.0001602984654127333,0.00003367296725346753,0.00017640205451000413
1.7333333333333334,2.1628928679749713,0.0000000000000000028683966571655665,0.000028289895965255715,-0.00015408553049747292,0.00003113831040497024,0.0001631014385894616
1.74,2.180797016732955,0.000000000000000002656245986015578,0.000027093580796683333,-0.00014756362404951025,0.000028791232434157356,0.00015064778536268513
1.7466666666666666,2.198878497737481,0.000000000000000002400242746187461,0.000025937995379423487,-0.0001408570273440561,0.000026568047781165337,0.00013901814635494783
1.7533333333333334,2.2170431559375205,0.0000000000000000022230367645860414,0.000024605641307952048,-0.00013391830051468571,0.000024548065421637606,0.0001283344712226791
1.76,2.2354455567509715,-0.0000000000000000015525064844447969,0.000023370620605768806,-0.0001268331878384604,0.000022639411059084453,0.00011836838345630934
1.7666666666666666,2.253931683583764,0.000000000000000002372049268683302,0.000022057809762027186,-0.0001197084728302223,0.000020904683539208083,0.00010919176429507831
1.7733333333333334,2.272644006024308,0.000000000000000002545942635258409,0.000020739707136780015,-0.00011245799017625464,0.000019300542051475094,0.00010065673009574462
1.78,2.2914572802605755,0.0000000000000000022429625398976893,0.000019380432964111612,-0.0001051718476338398,0.000017834280775750353,0.00009292340632756149
1.7866666666666666,2.3104379625936353,0.0000000000000000020954441313860962,0.000018075827277814634,-0.00009793308142255045,0.000016491892874322724,0.00008581947931408331
1.7933333333333332,2.3295356400946865,0.000000000000000002010707809896077,0.00001674164438906007,-0.0000907420572956852,0.00001528473483309755,0.00007944974771072778
1.8,2.3488354331629,0.000000000000000001856433686258476,0.000015395328516485683,-0.000083585479057701,0.000014197343699257334,0.00007372102039597666
1.8066666666666666,2.3682406042900626,0.000000000000000001622973443555942,0.0000140854830881522,-0.00007656805111086919,0.000013248885185244857,0.00006864086278699927
1.8133333333333332,2.3878286761350247,0.0000000000000000014700522119042583,0.000012819781130070503,-0.00006969334985693735,0.000012420314111661479,0.0000642053374227452
1.82,2.4075728797508433,0.0000000000000000013311892964896768,0.000011564098561074876,-0.00006294643978490412,0.000011702731451499974,0.000060424599575614665
1.8266666666666667,2.4274556472061413,0.00000000000000000120747261672923,0.000010337187174960443,-0.000056402990164738396,0.000011129316689210003,0.000057306807170668944
1.8333333333333333,2.4475082387609666,0.00000000000000000111373862389494,0.000009186092901268885,-0.00005006562698649697,0.000010681187251452855,0.00005479196949552504
1.84,2.4677073610133364,0.0000000000000000010197362528477215,0.000008025206723824484,-0.000043943106166554425,0.000010353969483065151,0.00005299140757809188
1.8466666666666667,2.4879979831143433,0.0000000000000000009173441015191855,0.000006921971992818754,-0.000038126910070125786,0.000010168041253661989,0.00005191551925388759
1.8533333333333333,2.508513214950387,0.0000000000000000008610595278130935,0.000005930102014990582,-0.0000325788181524666,0.000010117824843402553,0.000051575052678461074
1.86,2.5291819286856847,0.0000000000000000008272309708791369,0.000004930735171343264,-0.000027316957574321242,0.00001026106870673128,0.000052103719032436394
1.8666666666666667,2.549981937858188,0.00000000000000000078868422038081,0.0000040365120762741486,-0.000022388187685244397,0.000010588006140586325,0.000053658522629764824
1.8733333333333333,2.570955061466701,0.0000000000000000007673681387285224,0.000003140912353405428,-0.000017843595486141376,0.000011229636060798477,0.000056634062667028874
1.88,2.592099269829482,0.0000000000000000007519190432930509,0.0000024105370882306394,-0.00001363335613342037,0.000012281882721803863,0.00006175431390339566
1.8866666666666667,2.613362682351286,0.0000000000000000007297646678643475,0.0000016819749830278032,-0.000009808144525502212,0.000014204789421245783,0.0000707918703123299
1.8933333333333333,2.6347747590274118,0.0000000000000000007052955553657265,0.0000010087075847111597,-0.000006324571905561303,0.000018474447832641806,0.0000905308381120504
1.9,2.656373725823676,0.0000000000000000006822293940119426,0.000000266845739458299,-0.0000025221067378381003,-0.00004734475228625494,0.00017076964839217549
1.9066666666666667,2.678156100268043,0.0000000000000000006645465061283095,-0.0000001523918909803264,-0.000000042292007657234865,-0.00006808679920553931,0.00011827168930772302
1.9133333333333333,2.700074936519786,0.0000000000000000006492627211250396,-0.000000087854632697423,0.00000002000355527188394,-0.000000000157776969923352,-0.0000000005423362644861709
1.92,2.7221548790553243,0.0000000000000000006377354438380223,-0.00000007233400613546282,0.000000016235108373948864,-0.00000000033709805874604656,-0.00000000035785640977348587
1.9266666666666667,2.7443618527868825,0.0000000000000000006335071485140315,-0.00000005756681131604434,0.000000012884854704815214,0.0000000002502758840105557,0.0000000012409150589690031
1.9333333333333333,2.766749177570739,0.0000000000000000006222418404039555,-0.000000045241620089347736,0.00000001004398005141182,0.00000000011978628128293356,0.00000000016109671737710092
1.94,2.789339420744671,0.000000000000000000619162069088157,-0.000000034126002554087196,0.000000007573380645454834,-0.0000000005696576776247859,-0.000000000930266879314941
1.9466666666666668,2.8120746451724843,0.000000000000000000615521848182157,-0.00000002527135856524536,0.000000005584755635325499,0.00000000043718611943018056,0.0000000009351435472210735
1.9533333333333334,2.834966966872143,0.000000000000000000610140402069244,-0.000000017901513877001374,0.0000000040653305972809314,0.00000000023071864171012152,0.0000000004341351727307533
1.96,2.8580384122668523,0.0000000000000000006073727382691124,-0.000000012352216755788612,0.0000000026429418921231426,-0.000000000043056508177364304,-0.000000000017406002297036836
1.9666666666666666,2.8812702701869775,0.0000000000000000006048907010218254,-0.000000007805126575634475,0.0000000015919090325594308,-0.00000000018095005898651687,-0.00000000031735387768946743
1.9733333333333334,2.9046637233103403,0.0000000000000000006040623843325054,-0.000000004395630466070505,0.0000000009784639018284833,0.00000000021257356690086165,0.00000000040515359257718683
1.98,2.928239720435958,0.0000000000000000006039125093192186,-0.0000000021924030083428863,0.0000000004690917499041207,-0.00000000007758726708882877,-0.00000000008788520660696344
1.9866666666666666,2.9519863965295117,0.0000000000000000006033316843341764,-0.0000000008213073125298524,0.00000000017707409545574207,0.000000000010937934810235455,0.00000000001203771113496436
1.9933333333333334,2.9759027128718554,0.0000000000000000006032123705076123,-0.00000000016317918351589714,0.00000000003656608187236687,-0.00000000001585963791894593,-0.00000000003047276300638865
