# n,energy,berry,bcd_x,bcd_y,qmd_x,qmd_y
0.00000022222222222222224,-3.217272090492585,0.000000023849196268177586,0,0,0,0
0.006666666666666667,-3.1695791021478343,0.000740612982153777,0.000000007666084903008862,-0.000000001641269579563818,-0.00000000007089691024402254,0.000000004067972557809039
0.013333333333333334,-3.1225484651512088,0.001540725128681883,0.000000011718530854401502,-0.0000000031538031675200255,-0.0000000009999890561566394,0.000000008189350032443296
0.02,-3.0762178627810717,0.0024199209677787104,0.000000017147307760600716,-0.000000006404731541770784,-0.000000003981116703079422,0.000000013781156188239668
0.02666666666666667,-3.0304805325923687,0.0034007836547626136,0.000000022667908677071672,-0.00000001008353486178013,-0.000000009905722375790727,0.00000002371930257232833
0.03333333333333333,-2.9855227879449844,0.004511509454365764,0.00000003569027024540176,-0.000000013716964489557647,-0.000000014942912390489142,0.000000042277620313887
0.04,-2.941191178817863,0.005783740445615493,0.000000050276965485401144,-0.00000001558650702646677,-0.0000000200713159633445,0.00000007448315856334099
0.04666666666666667,-2.8975395238796664,0.007249246313688481,-0.00010247145220341241,-0.00002900013528765765,-0.000008799977717820791,-0.0001571170126890207
0.05333333333333334,-2.8545219454647768,0.008950104661420044,-0.00016391246304603785,-0.00005143991195638524,0.00006481056219505797,-0.0002493904896278129
0.06,-2.8172489327790426,0.010547634396446981,-0.0001611764034135024,-0.0000668516301989013,0.00011408713213725363,-0.0002311034258579496
0.06666666666666667,-2.794980222536025,0.011228537250877583,-0.00017445100869992013,-0.00008079588424949227,0.0001384903964806845,-0.00023331440106268958
0.07333333333333333,-2.7728554723058974,0.011995304300071515,-0.00019229125282650691,-0.00009726027155203508,0.0001580012657296294,-0.00023354211935233153
0.08,-2.7509281004985793,0.0128595469518655,-0.00021385257042802345,-0.00011615596717461363,0.00016983201623764697,-0.0002275880977550112
0.08666666666666667,-2.7291888436762464,0.013830569296620163,-0.00023865946217007728,-0.0001378797493688509,0.00016947487963510051,-0.00021159564103330301
0.09333333333333334,-2.7076265802772115,0.014918070974871585,-0.0002666411434678433,-0.00016250039719123757,0.0001508387295413535,-0.00018082124303625102
0.1,-2.6862573966142884,0.01613817311333519,-0.00029768304276900825,-0.00019009508835852673,0.00010544194660968575,-0.00012957840420351065
0.10666666666666667,-2.6650601284796407,0.017504166717371553,-0.000331661267071247,-0.00022099122671730422,0.000021706459924824447,-0.0000507428851489492
0.11333333333333333,-2.64404584210921,0.019035602160196237,-0.00036832832055694147,-0.00025536623247763944,-0.00011566337004417673,0.0000646233878249875
0.12,-2.623203236752923,0.020757405791201916,-0.0004075532770275607,-0.000293009525320053,-0.00032687727348974056,0.00022772168758829263
0.12666666666666668,-2.602585949933726,0.02269151867852546,-0.0004487640067001586,-0.0003337293837411698,-0.0006372520562557332,0.00045170153307460225
0.13333333333333333,-2.58218537986413,0.024880039268486098,-0.0004913407754454485,-0.0003772265492980905,-0.001079512606595831,0.0007529429861560158
0.14,-2.5619782725964475,0.02736186653406441,-0.0005345560247777844,-0.00042290504153576447,-0.0016956432820739709,0.0011512068948243133
0.14666666666666667,-2.5419467322493556,0.030197463819247934,-0.0005772318052421627,-0.0004700785359985937,-0.002537994713793055,0.0016708703626130926
0.15333333333333332,-2.5221885906501926,0.03346481084133671,-0.000617721594017155,-0.0005174753792556047,-0.003663013659494582,0.0023361661814405503
0.16,-2.502692383940119,0.03727440105344588,-0.0006311644559454438,-0.0005592605017152223,-0.005164859859810096,0.0031347054583759867
0.16666666666666666,-2.4834696719039635,0.041787580919991636,-0.0004343240303035755,-0.0005643933000930186,-0.007296961973344394,0.0038074203927057366
0.17333333333333334,-2.464563459293801,0.04734431999868105,-0.0005068488069645289,-0.0006222464258527354,-0.009808415245303265,0.005188761444026746
0.18,-2.446081805146871,0.05438384891680669,-0.0005227219271216799,-0.0006596893685245511,-0.012980227897610828,0.006753679831189441
0.18666666666666668,-2.42815092666491,0.06372763383289672,-0.0005072978704150308,-0.0006839528528759397,-0.01683793797140952,0.008510636203278642
0.19333333333333333,-2.411176542579478,0.07748370908777971,-0.00043857136584225196,-0.0007038441048513986,-0.02128530953265704,0.010312647617437724
0.2,-2.3950058870306905,0.09558316099510406,-0.00035238826073675004,-0.0007086985702928489,-0.026318469893070347,0.012294058553959245
0.20666666666666667,-2.379368802178566,0.11747022409788636,-0.00029868809429087033,-0.0006816899470397341,-0.03202630548113256,0.014686395768141212
0.21333333333333335,-2.360645598622077,0.12894926114092717,-0.00018882369224648124,-0.0006303621703416306,-0.040265709603264685,0.01827898650624235
0.22,-2.3404716486558637,0.13573026156630882,-0.000028472551208658613,-0.0005440965603985496,-0.050947679772343,0.02266892696482748
0.22666666666666666,-2.3190410150817526,0.138377026817939,0.0001801056028057566,-0.0004124501491703748,-0.06422199574217946,0.027789365997401345
0.23333333333333334,-2.2965121228125147,0.13715444417900285,0.00043332655881841704,-0.0002302028570949049,-0.08031571109339239,0.033639528993362845
0.24,-2.2729544578739542,0.13199058787084153,0.0007206192415352949,0.000005274696530560931,-0.09928750770050657,0.040124071355236844
0.24666666666666667,-2.2484318589083636,0.12270690741835706,0.0010184871349386566,0.00028467308449682576,-0.12042366660322826,0.04722808264694883
0.25333333333333335,-2.2250013171028225,0.10524826572063072,0.0012712814014538883,0.0005674174398928348,-0.14174070830767718,0.05386105703968758
0.26,-2.2056031634973134,0.07715075564927151,0.0014500921653490093,0.0007986321266143765,-0.16006805294951384,0.059163378331558505
0.26666666666666666,-2.1883477404355065,0.04831590893676353,0.0016024771459165088,0.0009781298334299708,-0.17653964953719875,0.06388882434027243
0.2733333333333333,-2.171338439735185,0.02403751897699223,0.0016871553371658311,0.001131709528324361,-0.192953228635029,0.06873087006711422
0.28,-2.1545960483957676,0.0029536709282664726,0.0017207177780906905,0.0012534157743635257,-0.2106030818242792,0.07372170211094817
0.2866666666666667,-2.1381024442186005,-0.015981152717693813,0.002264704252500474,0.0015933256522293463,-0.25832926583738763,0.09592064700688688
0.29333333333333333,-2.121873907347782,-0.033142294134806356,0.0027594167086545025,0.001921958333939717,-0.3156488038261586,0.12208218788129598
0.3,-2.105924927044826,-0.04883465748882262,0.0025774072930774394,0.0019691809632822205,-0.35753086448198307,0.13655115129392978
0.30666666666666664,-2.0905060251569205,-0.06306101884173596,0.002538913708522793,0.0018033574537244055,-0.40941324587583294,0.16047190445743748
0.31333333333333335,-2.0755936598804166,-0.07696671702322029,0.0023520625626399444,0.001462551490140269,-0.472231805409255,0.2086965706358071
0.32,-2.0614190879328698,-0.09154898859681396,0.0014961113620428294,0.0007364296789259578,-0.48548737133179604,0.47297494280821895
0.32666666666666666,-2.0487690493260864,-0.10871274721494835,-0.0012112138126598084,-0.0009208746242790871,-0.32855638136294063,1.3706384970610972
0.3333333333333333,-2.0352693185379085,-0.11501485323538069,-0.0021553422267277453,-0.0016854257365014498,-0.3777922740918612,0.2989336096078339
0.34,-2.0211224035503124,-0.11149024021355058,-0.0016144903640827723,-0.0016494133551569683,-0.5364225907519327,-1.7728982543598413
0.3466666666666667,-2.006533136537417,-0.08836357706077072,0.0011190522190430677,-0.00006620876001890035,-0.37476436294159887,-0.3827059694025179
0.35333333333333333,-1.99203421922367,-0.07173054431450375,0.0011433476601174861,0.00156159888901379,-0.2341217739195725,0.062398515461089016
0.36,-1.977189472887923,-0.061521085758573894,-0.00005995019128794178,0.0031087045602071956,-0.12430711032365022,0.03497520547369009
0.36666666666666664,-1.9609014504294011,-0.06285306207049407,-0.0007258921587708954,0.004275071593084764,-0.08884134218972528,0.031754563099901364
0.37333333333333335,-1.9436951549194708,-0.06587725095504808,-0.0013871891736061247,0.00525096581932384,-0.07877706347289593,0.03037070063136859
0.38,-1.9258115015895345,-0.06841778456724307,-0.0020310300273422293,0.006152145488488314,-0.07650427238032106,0.029328557165215333
0.38666666666666666,-1.9073540614012539,-0.0696610917857176,-0.0026526659500261825,0.007009331172574557,-0.0785103414136806,0.02826043890942725
0.3933333333333333,-1.8883404686518381,-0.0686103640585468,-0.003242910995616982,0.007833459823846289,-0.08288358610188994,0.026965439242371655
0.4,-1.8688039458037637,-0.06418788247314175,-0.003785041762106623,0.00861951905198859,-0.08884580278492682,0.02543004356496411
0.4066666666666667,-1.8488888044610228,-0.05535743668807068,-0.004259584166300774,0.0093648811410464,-0.09629317230313318,0.023787371713317216
0.41333333333333333,-1.829263991809596,-0.03992617787622758,-0.00463959058566022,0.010050476572306507,-0.10520204077074088,0.022184550586399152
0.42,-1.81162895133429,-0.016557840781470098,-0.004903783708821752,0.010628261128177628,-0.1149158253486831,0.02080710530477576
0.4266666666666667,-1.797650408384026,0.01244759982722721,-0.005017834290209066,0.011056873373894684,-0.12447304645988305,0.020054647275836137
0.43333333333333335,-1.7838918911734054,0.043937146912752786,-0.005678856829379582,0.011192077786653777,-0.12091552141626205,0.01853730779806796
0.44,-1.7703072279221925,0.07761283720363198,-0.006635116242916926,0.011215329328430348,-0.11063740546051029,0.016980893290577594
0.44666666666666666,-1.757143412258566,0.11966252257397883,-0.006415959756095375,0.012622084863713698,-0.13435448382821527,0.023131507457703884
0.4533333333333333,-1.7443263856863878,0.1683344974774337,-0.0062588046623383905,0.013499127790585694,-0.15428296392705185,0.028240942558252522
0.46,-1.7319069656111585,0.22459917182840788,-0.006172736454848333,0.013768835654694127,-0.16986767623393464,0.03215662741818583
0.4666666666666667,-1.720403449546747,0.2953238349789153,-0.00596203290021502,0.01359637764749224,-0.17884871921151493,0.033528784542462095
0.47333333333333333,-1.7091609310145226,0.3701690406181061,-0.005715813049503234,0.013297919317258385,-0.1859479695798586,0.03417613376742258
0.48,-1.699484687323269,0.4798877666613639,-0.005343043483274478,0.012851365536934042,-0.18855579172930986,0.03335626224414643
0.4866666666666667,-1.689955942415274,0.5928905918250289,-0.0049583565136806,0.012390865354533194,-0.19074064839400007,0.03239822003110636
0.49333333333333335,-1.682096113203535,0.7543615798127744,-0.004558948255731298,0.011943747101499286,-0.19094375850881184,0.03128603519722424
0.5,-1.6749036945152176,0.935215309536515,-0.004153652856335145,0.01150198037131534,-0.19035435495435352,0.030112207700690872
0.5066666666666667,-1.6677112758269,1.116069039260257,-0.003748357456938988,0.01106021364113139,-0.18976495139989522,0.02893838020415749
0.5133333333333333,-1.6566805379469705,1.1731883676153054,-0.0029148754196658775,0.010206619475710424,-0.18639922457436325,0.026528331612242013
0.52,-1.644640856320415,1.1970680013720179,-0.001959403711215982,0.009238024026358187,-0.18219458662267674,0.023783961310954307
0.5266666666666666,-1.631675727469972,1.1780835853667158,-0.0007286642344255768,0.008047112973739473,-0.175331132915442,0.020570750140212653
0.5333333333333333,-1.6186328364115006,1.1479858104056853,0.0006125324398561069,0.0067197748359601175,-0.16747867012859283,0.017294150891365073
0.54,-1.6054891080938356,1.1034769135649947,0.0020969632292125793,0.005215526426518645,-0.15834372106165592,0.013935353872883659
0.5466666666666666,-1.5923497670335625,1.0374209664203748,0.003695981360733899,0.0034300247367130593,-0.14784399167862086,0.010560199754901172
0.5533333333333333,-1.5792473112971408,0.9610294184040654,0.005378954385732104,0.0014838740555371862,-0.1369153613522395,0.007165449531547952
0.56,-1.5662556623170218,0.8654148966543582,0.007253251166322851,-0.000792296627818016,-0.12546296255973352,0.003719994990748348
0.5666666666666667,-1.553476438198499,0.75067745579355,0.013366087234884225,-0.0007588094420774723,-0.12967438862036765,-0.0014898529717917814
0.5733333333333334,-1.540820798173767,0.6248147228589283,0.02194481186737432,0.0006183856909162111,-0.14299868209793495,-0.007726186066436097
0.58,-1.5285196669583145,0.474579609652064,0.013611500765503987,-0.006221428403661838,-0.10124680593013755,-0.0018767133876544878
0.5866666666666667,-1.5158624042614706,0.36539970952313816,0.007667474739177299,-0.011496220983530675,-0.06727083882429019,0.001574112864612715
0.5933333333333334,-1.5022237512673318,0.3682674545354265,0.009266234943688199,-0.012019052389899578,-0.05784518903993724,-0.002224690413541369
0.6,-1.4900479627376872,0.3613989648738562,0.010884967408548671,-0.012289209320589701,-0.02781629219547168,-0.008251838080589866
0.6066666666666667,-1.4784016797410438,0.35100630037891445,0.012510929129856591,-0.012467906969735053,0.009670256113573077,-0.015085568115307922
0.6133333333333333,-1.4708156533390584,0.2861522242952626,0.014021342203096426,-0.011973712057135544,0.032592931160157775,-0.005344697274967664
0.62,-1.4635139042739962,0.21748505298214046,0.015523665181242033,-0.01143240482514718,0.05449592210308679,0.005556638005852696
0.6266666666666667,-1.4559798380006943,0.1543625882937197,0.018352271063901707,-0.009574858532855932,1.5432368909321819,1.399980660556197
0.6333333333333333,-1.445053795515355,0.17219630036127404,0.04054543498610419,0.011500599405885437,24.448727680410915,22.994699269932244
0.64,-1.4337221100359643,0.19838046331439477,0.056341963753018434,0.025875001220730748,39.862921804360035,37.43391531387444
0.6466666666666666,-1.4200138796627542,0.27348750107170383,0.034662458571731655,0.0009898547431721992,11.387777027788559,9.951112898323554
0.6533333333333333,-1.4057456708935208,0.3755956417758126,0.026867262063585893,-0.008917231265090902,0.4695057054545023,-0.4065677677554391
0.66,-1.391093538891132,0.5043340930006084,0.027790441394817938,-0.009391026552541313,0.45315421710792625,-0.17262519777111812
0.6666666666666666,-1.3762801758975458,0.6771310356938196,0.029132288135347816,-0.009287513767101315,0.4183901801163741,-0.1452576494482193
0.6733333333333333,-1.3621945370333073,0.9367560257678222,0.030181441044866943,-0.009186132111720589,0.39873964536590495,-0.13352974615705782
0.68,-1.3482048774407964,1.216207739115148,0.0305824361398198,-0.008960697920662406,0.3849821237380071,-0.12732136347217318
0.6866666666666666,-1.3338556574730014,1.4770559947684252,0.029359626458519975,-0.008373497780053658,0.3750708797317713,-0.12341441142829583
0.6933333333333334,-1.318298364652953,1.6677333719372232,0.02786633227691439,-0.00794095673400085,0.36594629287198865,-0.12006518480737495
0.7,-1.302014983160409,1.826294441307874,0.02588300335207535,-0.007641519152837803,0.3562382479548141,-0.11688012701887054
0.7066666666666667,-1.2851041164928751,1.9668980945177377,0.02326126542447355,-0.00753067294549727,0.3451642027647095,-0.11372035706333646
0.7133333333333334,-1.2675937857473283,2.099275615546982,0.020027389363774937,-0.007729260782487478,0.3322476760075623,-0.11054416514284021
0.72,-1.2494586098420222,2.2320233192459087,0.016449628052146083,-0.008407150086771637,0.31500972670279526,-0.10643538423827495
0.7266666666666667,-1.2308364946950103,2.3708669246692398,0.012957504341291642,-0.009790981342418178,0.2943715882628394,-0.10275753999793832
0.7333333333333333,-1.2117133985921387,2.5219761286196727,0.00964241443663888,-0.01238076902020966,0.27226141121696235,-0.10283754307881439
0.74,-1.1921032086760763,2.6924388781936597,0.011424366579458268,-0.014686037917736275,0.2316227833295021,-0.07716929030522167
0.7466666666666667,-1.172012144130175,2.89166873451829,0.010787953249688093,-0.015506539934690576,0.20788865104619328,-0.0613164742418502
0.7533333333333333,-1.1509102832754443,3.1113853675663505,0.007218282861847057,-0.015901771232760563,0.1998263824070588,-0.0606137774787634
0.76,-1.124918619245675,3.1798672734559856,0.003065795256831942,-0.016576407318631962,0.18683742498131634,-0.0589576557117568
0.7666666666666667,-1.0965933595782507,3.128837862077549,-0.001232387531778486,-0.017220174494036383,0.16839874374188385,-0.05534888396609012
0.7733333333333333,-1.0690629217227845,3.053450738857078,-0.004810859334845535,-0.017629064951376526,0.14680894983049844,-0.05004231831391475
0.78,-1.0424101889194055,2.9527927387677253,-0.007587846775701332,-0.017660742970072484,0.1240174790602901,-0.04332365075524958
0.7866666666666666,-1.0168193278727582,2.821675262001609,-0.009433583678147731,-0.01727564374282265,0.10187471236397386,-0.0359325359095562
0.7933333333333333,-0.9927650752662754,2.641312583154116,-0.010241997845289348,-0.01651682275160145,0.08234654059938173,-0.028346304931421394
0.8,-0.9708853083360716,2.3857934233647526,-0.010388963230913638,-0.0155055293195009,0.0662051313210355,-0.021830500436746295
0.8066666666666666,-0.9511848881183866,2.05983062376245,-0.010279977383097062,-0.014305229875935636,0.05378933441028298,-0.01651031705361254
0.8133333333333334,-0.9289657270096823,1.8895501899251603,-0.00968109330250055,-0.012738955479321893,0.04191138658644116,-0.011358977854970446
0.82,-0.9055129331794776,1.7893128130021627,-0.00806322402527612,-0.011134450582360012,0.031892109229269563,-0.006257435365009246
0.8266666666666667,-0.8811388755755902,1.724920493352568,-0.005899937858921285,-0.009421148037170975,0.023974974045278295,-0.0015269023838749285
0.8333333333333334,-0.8559865024596836,1.6825226761319132,-0.003127753258936058,-0.007626408280617111,0.01813943025572932,0.0028482796677319214
0.84,-0.830187477922162,1.6544100862526823,0.0006700788969109511,-0.005674710729939737,0.014399312222476882,0.0071908389920136845
0.8466666666666667,-0.8037440053383454,1.6366168639127434,0.008636409740643444,-0.0028411265655063074,0.014036552399175024,0.013642672503350696
0.8533333333333334,-0.776667683676531,1.6263024854228567,0.00727493241315613,-0.0017501391832749876,0.011186797463839958,0.013572683421061552
0.86,-0.7490735364627568,1.6210718731439202,-0.010158813701106242,-0.004554677089140302,0.0018300833824241476,0.0027431576745480307
0.8666666666666667,-0.720826576325449,1.6205077887244272,-0.009347894287982814,-0.0034959078195217143,0.0008033656172158044,0.0035568228823184443
0.8733333333333333,-0.6919659104835391,1.6237335893921325,-0.00871733770318698,-0.002605877256335353,0.00017665273307139302,0.004138215986417091
0.88,-0.6625660999354185,1.62993915822429,-0.008246675680300693,-0.0018563925550413533,-0.00022545927671349197,0.004590479723152387
0.8866666666666667,-0.6325224951956482,1.6393764925101897,-0.007964426726553639,-0.0012630578112845917,-0.00046313974028461594,0.00496037448921829
0.8933333333333333,-0.6018528529286943,1.6515388776584414,-0.007854753427651524,-0.0008026092599532581,-0.000614061568272183,0.005306202446385465
0.9,-0.5705973556053916,1.6661971036576408,-0.007934833174167114,-0.00048130371990302747,-0.0007141770563507414,0.005671544616679847
0.9066666666666666,-0.5386686533529276,1.6837638675361992,-0.008214130285901757,-0.00028958096246013134,-0.0007939847202011244,0.006097085457354643
0.9133333333333333,-0.5060221109136435,1.7042652623976897,-0.008726696663189794,-0.00024126045189617034,-0.0008700528843399016,0.006633722273808585
0.92,-0.4727768778239596,1.7271342763214368,-0.00950346707534118,-0.0003397491213559254,-0.0009551652513459243,0.007325999581768683
0.9266666666666666,-0.43871360548296395,1.7537900455617286,-0.010697274024885113,-0.0006249626491305865,-0.001072799280158914,0.008302283396368243
0.9333333333333333,-0.4039549418286891,1.7837137319658758,-0.012464728289743696,-0.0011273829217747437,-0.001248330298493268,0.00970823663546847
0.94,-0.36841114232513883,1.8173705749552338,-0.015315106641347918,-0.0019610962111012292,-0.0015467444810643499,0.011958827282398742
0.9466666666666667,-0.33200838029394664,1.8557202337602121,-0.0212686935776381,-0.003575107713785367,-0.002205330657574031,0.016714014499307834
0.9533333333333334,-0.2939410515963995,1.8337054947905687,-0.069243377414348,-0.015410705234097573,-0.0068397510986088275,0.0556692100126002
0.96,-0.2521978796253573,1.566285566523258,-0.000007924389458672176,0.000002012132802370987,-0.0000007596047158189894,0.000002135288685649284
0.9666666666666667,-0.21023119267457446,1.2907903371829943,-0.000005954930613746858,0.000002815465229928242,-0.0000010877280341683538,0.000002187340935594886
0.9733333333333334,-0.1681992991634571,1.0235305317265482,-0.000004441946900471849,0.0000017754675348774287,-0.0000008485514491207438,0.0000020706757107429967
0.98,-0.12616964711238657,0.7622971843528663,-0.000003163171051419855,0.0000013665998055026575,-0.000000619194567999,0.0000014518384087436123
0.9866666666666667,-0.08412193099105529,0.5057473473826533,-0.000002158542869925659,0.0000008224877367366479,-0.0000003240446563554612,0.000001029380651594613
0.9933333333333333,-0.04206793487758083,0.2521223983470571,-0.000001246472713907462,0.00000041365782624690795,-0.00000009171404555536938,0.0000006520349723684538
1,0.00000000000000035214886562329184,-0.00000000000004508893258758917,-0.000000000000000015793035180674837,-0.000000000000000020822716821470872,-0.0000000000000001572040475242574,0.000000000000000052048004086849417
1.0066666666666666,0.04206793487758012,-0.2521223983471388,0.000001246472713893416,-0.00000041365782623556724,0.00000009171404549855011,-0.0000006520349723306558
1.0133333333333334,0.08412193099105598,-0.5057473473827435,0.000002158542869950742,-0.0000008224877365958923,0.0000003240446563686706,-0.0000010293806516648053
1.02,0.1261696471123867,-0.7622971843529547,0.0000031631710515862067,-0.0000013665998031327788,0.0000006191945669979856,-0.000001451838408767724
1.0266666666666666,0.16819929916345708,-1.0235305317266339,0.000004441946900411624,-0.0000017754675347352214,0.0000008485514492350092,-0.000002070675710758542
1.0333333333333334,0.21023119267457496,-1.2907903371830847,0.000005954930613747417,-0.000002815465232675946,0.0000010877280342398747,-0.000002187340935507333
1.04,0.252197879625357,-1.5662855665233417,0.000007924389458592633,-0.000002012132799796369,0.0000007596047188133753,-0.0000021352886854030632
1.0466666666666666,0.2939410515963989,-1.8337054947906528,0.06924337741435069,0.01541070523409907,0.0068397510986069315,-0.05566921001260097
1.0533333333333332,0.33200838029394664,-1.855720233760298,0.021268693577638133,0.003575107713785269,0.0022053306575741277,-0.01671401449930797
1.06,0.3684111423251384,-1.8173705749553197,0.01531510664134809,0.0019610962110971466,0.0015467444810643176,-0.011958827282397309
1.0666666666666667,0.4039549418286882,-1.7837137319659622,0.012464728289743628,0.0011273829217761636,0.0012483302984927212,-0.009708236635468569
1.0733333333333333,0.4387136054829642,-1.7537900455618147,0.01069727402488536,0.0006249626491311864,0.0010727992801598638,-0.008302283396369108
1.08,0.4727768778239598,-1.7271342763215225,0.009503467075341424,0.00033974912135113094,0.0009551652513465593,-0.0073259995817677405
1.0866666666666667,0.5060221109136438,-1.7042652623977756,0.008726696663189586,0.00024126045189540313,0.0008700528843403799,-0.006633722273807646
1.0933333333333333,0.5386686533529262,-1.683763867536286,0.008214130285902406,0.0002895809624616977,0.000793984720200137,-0.00609708545735498
1.1,0.5705973556053924,-1.6661971036577268,0.00793483317416702,0.0004813037199032401,0.0007141770563506675,-0.0056715446166797304
1.1066666666666667,0.601852852928695,-1.6515388776585276,0.007854753427651795,0.000802609259952168,0.0006140615682695758,-0.00530620244638663
1.1133333333333333,0.6325224951956477,-1.639376492510276,0.007964426726553944,0.0012630578112865153,0.0004631397402824768,-0.004960374489219314
1.12,0.6625660999354195,-1.6299391582243763,0.008246675680301371,0.0018563925550377414,0.00022545927671275195,-0.004590479723152781
1.1266666666666667,0.6919659104835391,-1.6237335893922187,0.008717337703186856,0.0026058772563355443,-0.00017665273307187703,-0.0041382159864179055
1.1333333333333333,0.7208265763254484,-1.6205077887245136,0.009347894287982796,0.003495907819521195,-0.0008033656172157567,-0.003556822882318542
1.14,0.7490735364627565,-1.6210718731440064,0.010158813701106056,0.004554677089139921,-0.0018300833824243402,-0.002743157674549144
1.1466666666666667,0.7766676836765317,-1.6263024854229429,-0.007274932413156849,0.0017501391832731176,-0.011186797463839722,-0.013572683421064057
1.1533333333333333,0.8037440053383458,-1.6366168639128293,-0.008636409740642715,0.0028411265655056083,-0.014036552399174762,-0.01364267250335015
1.16,0.8301874779221623,-1.6544100862527682,-0.0006700788969091632,0.0056747107299383445,-0.014399312222475603,-0.007190838992009219
1.1666666666666667,0.8559865024596838,-1.6825226761319996,0.003127753258934717,0.007626408280617501,-0.018139430255729682,-0.0028482796677320515
1.1733333333333333,0.8811388755755898,-1.724920493352653,0.005899937858919298,0.009421148037175149,-0.023974974045278607,0.001526902383876945
1.18,0.9055129331794769,-1.7893128130022462,0.008063224025276048,0.011134450582362862,-0.031892109229269154,0.006257435365008919
1.1866666666666668,0.9289657270096825,-1.8895501899252491,0.009681093302502459,0.012738955479316298,-0.04191138658644285,0.01135897785496835
1.1933333333333334,0.951184888118387,-2.059830623762539,0.010279977383097159,0.014305229875934349,-0.05378933441028226,0.0165103170536108
1.2,0.9708853083360719,-2.3857934233648437,0.010388963230913062,0.015505529319499821,-0.06620513132103797,0.021830500436750312
1.2066666666666668,0.9927650752662759,-2.6413125831542024,0.010241997845291223,0.01651682275159918,-0.0823465405993842,0.028346304931426262
1.2133333333333334,1.0168193278727586,-2.8216752620016963,0.009433583678147004,0.017275643742823962,-0.10187471236397447,0.03593253590955625
1.22,1.0424101889194048,-2.9527927387678092,0.007587846775699762,0.01766074297007753,-0.12401747906029188,0.0433236507552493
1.2266666666666666,1.069062921722784,-3.0534507388571615,0.0048108593348432024,0.017629064951377747,-0.14680894983049794,0.05004231831393519
1.2333333333333334,1.096593359578251,-3.1288378620776367,0.0012323875317775592,0.01722017449404034,-0.1683987437418757,0.055348883966096774
1.24,1.124918619245675,-3.1798672734560727,-0.0030657952568314386,0.016576407318629617,-0.18683742498131545,0.058957655711752585
1.2466666666666666,1.1509102832754443,-3.1113853675664425,-0.007218282861845896,0.015901771232755203,-0.19982638240704856,0.06061377747876902
1.2533333333333334,1.172012144130176,-2.891668734518372,-0.010787953249685388,0.015506539934687565,-0.20788865104618356,0.06131647424185369
1.26,1.1921032086760763,-2.6924388781937463,-0.011424366579458452,0.014686037917738797,-0.23162278332951544,0.07716929030523781
1.2666666666666666,1.2117133985921384,-2.521976128619761,-0.00964241443663443,0.012380769020210741,-0.27226141121698,0.1028375430788391
1.2733333333333334,1.2308364946950108,-2.370866924669325,-0.012957504341285826,0.009790981342411586,-0.2943715882628417,0.10275753999793111
1.28,1.2494586098420222,-2.232023319246,-0.01644962805215046,0.008407150086766445,-0.3150097267027989,0.10643538423826956
1.2866666666666666,1.2675937857473278,-2.0992756155470698,-0.02002738936378647,0.007729260782468802,-0.33224767600755367,0.1105441651428697
1.2933333333333332,1.2851041164928743,-1.966898094517831,-0.023261265424483885,0.007530672945443807,-0.34516420276469856,0.11372035706335178
1.3,1.3020149831604093,-1.8262944413079627,-0.0258830033520854,0.007641519152781925,-0.35623824795477754,0.11688012701888864
1.3066666666666666,1.3182983646529538,-1.6677333719373109,-0.02786633227691377,0.0079409567339471,-0.36594629287192354,0.12006518480740366
1.3133333333333332,1.3338556574730018,-1.4770559947685185,-0.029359626458513026,0.0083734977799994,-0.3750708797317049,0.12341441142831942
1.32,1.3482048774407969,-1.216207739115236,-0.030582436139860905,0.008960697920614775,-0.38498212373803153,0.1273213634721214
1.3266666666666667,1.3621945370333068,-0.9367560257679206,-0.030181441045029594,0.009186132111670369,-0.39873964536593975,0.13352974615709143
1.3333333333333333,1.3762801758975447,-0.6771310356939203,-0.029132288135693726,0.009287513766635423,-0.4183901801163859,0.14525764944825398
1.34,1.391093538891132,-0.5043340930006863,-0.02779044139546719,0.009391026550303282,-0.45315421710790016,0.1726251977706954
1.3466666666666667,1.405745670893521,-0.3755956417759402,-0.026867262095495184,0.008917231348371826,-0.4695057054969901,0.4065677677807801
1.3533333333333333,1.4200138796627542,-0.273487501052177,-0.03466245830700182,-0.000989856444415696,-11.387777027515654,-9.951112898175666
1.36,1.433722110035964,-0.19838046324346564,-0.05634196265263806,-0.025875007748392978,-39.86292180318118,-37.43391531345854
1.3666666666666667,1.4450537955153546,-0.17219630031776348,-0.04054543430954272,-0.011500603420718961,-24.448727679683632,-22.9946992696808
1.3733333333333333,1.4559798380006939,-0.15436258829108054,-0.018352271026132655,0.009574858283558328,-1.5432368908879042,-1.3999806605427594
1.38,1.4635139042739962,-0.21748505298215506,-0.015523665183335868,0.011432404819811467,-0.05449592210272795,-0.005556638007081571
1.3866666666666667,1.4708156533390588,-0.2861522242953157,-0.014021342204032273,0.011973712054568344,-0.032592931159950246,0.0053446972743613035
1.3933333333333333,1.4784016797410442,-0.3510063003790016,-0.012510929129715478,0.012467906969753565,-0.009670256113510129,0.015085568115283223
1.4,1.490047962737687,-0.3613989648739425,-0.010884967408487618,0.012289209320583272,0.02781629219548669,0.008251838080570544
1.4066666666666667,1.5022237512673315,-0.3682674545355126,-0.009266234943685437,0.012019052389880502,0.05784518903992073,0.0022246904135291624
1.4133333333333333,1.5158624042614703,-0.36539970952322415,-0.007667474739172999,0.011496220983532951,0.06727083882428092,-0.0015741128646117684
1.42,1.5285196669583139,-0.47457960965214496,-0.013611500765500547,0.006221428403665284,0.10124680593011715,0.0018767133876496887
1.4266666666666667,1.5408207981737663,-0.6248147228590144,-0.021944811867373234,-0.000618385690919322,0.14299868209790095,0.007726186066419757
1.4333333333333333,1.5534764381984985,-0.7506774557936371,-0.013366087234879977,0.0007588094420809915,0.12967438862036856,0.0014898529717896581
1.44,1.566255662317022,-0.8654148966544466,-0.0072532511663170925,0.0007922966278231578,0.12546296255975112,-0.003719994990744952
1.4466666666666668,1.5792473112971412,-0.9610294184041553,-0.005378954385727596,-0.0014838740555389424,0.13691536135224192,-0.007165449531553991
1.4533333333333334,1.5923497670335625,-1.0374209664204626,-0.003695981360728841,-0.0034300247367181867,0.14784399167862217,-0.010560199754908326
1.46,1.6054891080938352,-1.103476913565082,-0.0020969632292075664,-0.0052155264265255265,0.15834372106166053,-0.013935353872888998
1.4666666666666666,1.6186328364115004,-1.1479858104057723,-0.0006125324398576944,-0.006719774835965866,0.16747867012859766,-0.017294150891366843
1.4733333333333334,1.6316757274699722,-1.1780835853668032,0.0007286642344256864,-0.008047112973744578,0.17533113291544267,-0.020570750140218443
1.48,1.6446408563204151,-1.197068001372105,0.0019594037112241323,-0.009238024026362972,0.18219458662266966,-0.023783961310969833
1.4866666666666666,1.6566805379469705,-1.173188367615392,0.0029148754196691063,-0.010206619475712825,0.1863992245743417,-0.026528331612236847
1.4933333333333334,1.6677112758269002,-1.1160690392603367,0.0037483574569379115,-0.011060213641131808,0.18976495139986427,-0.028938380204135493
1.5,1.6749036945152176,-0.9352153095365993,0.0041536528563349395,-0.011501980371315682,0.19035435495433456,-0.030112207700673785
1.5066666666666666,1.682096113203535,-0.7543615798128617,0.004558948255731967,-0.011943747101499553,0.19094375850880482,-0.031286035197212084
1.5133333333333334,1.689955942415274,-0.5928905918251132,0.004958356513681934,-0.012390865354532205,0.19074064839399948,-0.032398220031101044
1.52,1.6994846873232685,-0.4798877666614495,0.0053430434832759015,-0.01285136553692879,0.18855579172930198,-0.03335626224415264
1.5266666666666666,1.709160931014522,-0.3701690406181915,0.005715813049504304,-0.013297919317249374,0.18594796957984483,-0.034176133767439554
1.5333333333333334,1.7204034495467468,-0.2953238349789982,0.005962032900210977,-0.013596377647484831,0.17884871921150997,-0.03352878454248143
1.54,1.7319069656111583,-0.22459917182849132,0.006172736454841844,-0.013768835654690089,0.16986767623393068,-0.032156627418201356
1.5466666666666666,1.7443263856863875,-0.16833449747751852,0.006258804662338841,-0.013499127790591307,0.15428296392702107,-0.028240942558242717
1.5533333333333332,1.7571434122585659,-0.11966252257407377,0.006415959756095519,-0.012622084863727491,0.13435448382814244,-0.023131507457642177
1.56,1.770307227922192,-0.07761283720374416,0.006635116242910455,-0.011215329328450948,0.11063740546038114,-0.01698089329044055
1.5666666666666667,1.783891891173405,-0.043937146912866584,0.005678856829378605,-0.011192077786669084,0.12091552141620754,-0.018537307798035387
1.5733333333333333,1.7976504083840252,-0.012447599827341163,0.005017834290213952,-0.011056873373903181,0.12447304645988444,-0.02005464727586178
1.58,1.8116289513342896,0.01655784078135703,0.0049037837088320045,-0.010628261128178124,0.11491582534869871,-0.020807105304774257
1.5866666666666667,1.8292639918095959,0.03992617787611439,0.004639590585659505,-0.010050476572303244,0.10520204077074143,-0.02218455058637843
1.5933333333333333,1.8488888044610228,0.05535743668795744,0.00425958416629973,-0.009364881141044355,0.09629317230314592,-0.023787371713315027
1.6,1.868803945803764,0.06418788247302874,0.0037850417621048084,-0.008619519051990395,0.0888458027849216,-0.02543004356494468
1.6066666666666667,1.8883404686518381,0.06861036405843375,0.00324291099561695,-0.00783345982384948,0.08288358610187724,-0.026965439242353267
1.6133333333333333,1.9073540614012539,0.06966109178560458,0.002652665950025583,-0.007009331172576551,0.07851034141367684,-0.028260438909435543
1.62,1.925811501589535,0.06841778456713003,0.0020310300273414937,-0.006152145488488735,0.07650427238031875,-0.029328557165226705
1.6266666666666667,1.943695154919471,0.0658772509549351,0.001387189173608405,-0.005250965819323482,0.07877706347289257,-0.030370700631361887
1.6333333333333333,1.9609014504294004,0.06285306207038129,0.0007258921587756463,-0.004275071593086549,0.08884134218973587,-0.03175456309990563
1.64,1.977189472887922,0.06152108575846123,0.0000599501913580992,-0.0031087045602384835,0.12430711032364053,-0.03497520547368003
1.6466666666666667,1.9920342192236697,0.07173054431439045,-0.0011433476603080533,-0.0015615988890824277,0.23412177391960065,-0.06239851546121816
1.6533333333333333,2.006533136537417,0.08836357706091222,-0.0011190522449002571,0.0000662087714046286,0.3747643628952088,0.3827059694141913
1.66,2.021122403550313,0.11149024021445175,0.0016144902626165306,0.0016494134006705282,0.5364225905674589,1.772898254406979
1.6666666666666667,2.0352693185379085,0.11501485323602324,0.002155342150008908,0.0016854256906780297,0.3777922739920514,-0.2989336095069759
1.6733333333333333,2.048769049326086,0.10871274721524365,0.0012112137709392775,0.0009208745432536571,0.3285563813362725,-1.3706384969606948
1.68,2.0614190879328698,0.09154898859679625,-0.001496111370085056,-0.0007364296955169642,0.48548737132665465,-0.4729749427879508
1.6866666666666668,2.0755936598804174,0.07696671702312627,-0.002352062562567161,-0.001462551490555343,0.4722318054092064,-0.20869657063545316
1.6933333333333334,2.090506025156921,0.0630610188416426,-0.002538913708529225,-0.0018033574537305325,0.4094132458757083,-0.1604719044574144
1.7,2.1059249270448253,0.04883465748872974,-0.002577407293062522,-0.0019691809633024223,0.3575308644820432,-0.13655115129388345
1.7066666666666668,2.121873907347783,0.03314229413471266,-0.0027594167086563036,-0.0019219583339515993,0.3156488038261569,-0.12208218788128193
1.7133333333333334,2.138102444218601,0.01598115271760006,-0.002264704252503,-0.0015933256522366562,0.25832926583735877,-0.09592064700692146
1.72,2.154596048395767,-0.0029536709283600948,-0.0017207177780910986,-0.001253415774367996,0.21060308182425877,-0.07372170211099865
1.7266666666666666,2.171338439735185,-0.024037518977085524,-0.0016871553371729756,-0.0011317095283231104,0.19295322863503717,-0.0687308700671194
1.7333333333333334,2.1883477404355074,-0.048315908936857305,-0.0016024771459195346,-0.0009781298334099239,0.17653964953723514,-0.06388882434028939
1.74,2.2056031634973134,-0.07715075564936416,-0.0014500921653512,-0.000798632126606579,0.16006805294952214,-0.059163378331560906
1.7466666666666666,2.225001317102822,-0.10524826572072299,-0.0012712814014562617,-0.0005674174398908673,0.14174070830767846,-0.05386105703968807
1.7533333333333334,2.2484318589083645,-0.12270690741845015,-0.0010184871349378881,-0.0002846730844937202,0.12042366660321546,-0.04722808264694883
1.76,2.2729544578739542,-0.13199058787093465,-0.0007206192415377765,-0.000005274696530197578,0.09928750770050346,-0.04012407135524339
1.7666666666666666,2.2965121228125143,-0.13715444417909595,-0.0004333265588189331,0.0002302028570970452,0.08031571109339493,-0.03363952899336685
1.7733333333333334,2.319041015081753,-0.13837702681803213,-0.00018010560280596078,0.0004124501491679753,0.0642219957421852,-0.027789365997399357
1.78,2.340471648655864,-0.13573026156640192,0.00002847255120746505,0.0005440965603958886,0.05094767977234217,-0.022668926964829014
1.7866666666666666,2.360645598622077,-0.12894926114102043,0.00018882369224623854,0.0006303621703418043,0.040265709603260584,-0.018278986506237792
1.7933333333333332,2.3793688021785657,-0.11747022409797934,0.000298688094292019,0.0006816899470392102,0.03202630548113772,-0.014686395768156446
1.8,2.3950058870306896,-0.09558316099519733,0.00035238826073767155,0.0007086985702924745,0.026318469893075024,-0.012294058553955378
1.8066666666666666,2.4111765425794776,-0.07748370908787333,0.00043857136584183644,0.000703844104850695,0.021285309532658173,-0.010312647617431172
1.8133333333333332,2.4281509266649097,-0.06372763383299015,0.0005072978704142008,0.0006839528528756888,0.016837937971409582,-0.008510636203275017
1.82,2.446081805146871,-0.054383848916899846,0.0005227219271015271,0.0006596893684869746,0.012980227897613066,-0.0067536798311856735
1.8266666666666667,2.4645634592938013,-0.047344319998774406,0.0005068488068768384,0.0006222464256873077,0.00980841524530124,-0.005188761444021658
1.8333333333333333,2.4834696719039626,-0.04178758092008599,0.00043432403033845444,0.0005643933001542097,0.0072969619733466995,-0.0038074203927042716
1.84,2.502692383940119,-0.03727440105354014,0.0006311644559538379,0.0005592605017287283,0.005164859859810852,-0.003134705458374297
1.8466666666666667,2.522188590650193,-0.033464810841430964,0.0006177215940183227,0.0005174753792571989,0.003663013659494874,-0.0023361661814364347
1.8533333333333333,2.541946732249355,-0.030197463819342227,0.0005772318052426956,0.00047007853599890777,0.0025379947137951294,-0.0016708703626110576
1.86,2.561978272596447,-0.027361866534158664,0.000534556024778159,0.00042290504153532726,0.001695643282074639,-0.0011512068948248174
1.8666666666666667,2.5821853798641303,-0.024880039268580335,0.0004913407754454545,0.0003772265492975662,0.0010795126065958423,-0.0007529429861578875
1.8733333333333333,2.602585949933726,-0.022691518678619727,0.00044876400670019464,0.00033372938374122895,0.0006372520562560818,-0.0004517015330746181
1.88,2.623203236752923,-0.020757405791296188,0.00040755327702766215,0.0002930095253202372,0.0003268772734903002,-0.0002277216875878885
1.8866666666666667,2.6440458421092106,-0.01903560216029042,0.0003683283205569069,0.00025536623247767826,0.00011566337004380318,-0.00006462338782443524
1.8933333333333333,2.6650601284796407,-0.017504166717465748,0.0003316612670712318,0.00022099122671717354,-0.00002170645992527223,0.00005074288514912553
1.9,2.6862573966142884,-0.016138173113429438,0.0002976830427689856,0.00019009508835834895,-0.00010544194660972974,0.00012957840420337182
1.9066666666666667,2.707626580277211,-0.014918070974965818,0.0002666411434678435,0.00016250039719114,-0.00015083872954136987,0.00018082124303629338
1.9133333333333333,2.729188843676246,-0.013830569296714368,0.0002386594621700727,0.00013787974936891044,-0.00016947487963511426,0.00021159564103322089
1.92,2.750928100498579,-0.012859546951959719,0.00021385257042801065,0.00011615596717462026,-0.00016983201623774454,0.00022758809775494593
1.9266666666666667,2.772855472305898,-0.011995304300165701,0.00019229125282651927,0.00009726027155200948,-0.00015800126572967989,0.0002335421193523571
1.9333333333333333,2.794980222536026,-0.011228537250971764,0.0001744510086998805,0.00008079588424951576,-0.0001384903964805808,0.00023331440106266884
1.94,2.817248932779042,-0.010547634396541175,0.00016117640341352344,0.00006685163019893278,-0.00011408713213721319,0.0002311034258579004
1.9466666666666668,2.854521945464778,-0.008950104661514203,0.00016391246304603264,0.000051439911956334985,-0.0000648105621950195,0.0002493904896277862
1.9533333333333334,2.897539523879667,-0.007249246313782653,0.00010247145220340442,0.000029000135287626845,0.000008799977717838421,0.00015711701268900145
1.96,2.941191178817863,-0.00578374044570969,-0.00000005027696548881389,0.000000015586507016079452,0.000000020071315939086754,-0.00000007448315854231831
1.9666666666666666,2.985522787944984,-0.0045115094544599665,-0.000000035690270243960296,0.000000013716964494777215,0.000000014942912395193355,-0.00000004227762031416607
1.9733333333333334,3.030480532592371,-0.0034007836548567653,-0.00000002266790867686783,0.000000010083534859758509,0.000000009905722369449975,-0.00000002371930257114008
1.98,3.0762178627810726,-0.0024199209678728824,-0.000000017147307761932804,0.000000006404731533473314,0.000000003981116700924102,-0.000000013781156187831819
1.9866666666666666,3.1225484651512083,-0.0015407251287760707,-0.000000011718530854019162,0.0000000031538031652552513,0.0000000009999890576904639,-0.000000008189350032182528
1.9933333333333334,3.1695791021478357,-0.0007406129822479489,-0.000000007666084902962453,0.0000000016412695792807295,0.00000000007089691019049906,-0.000000004067972557774164
