# n,energy,berry,bcd_x,bcd_y,qmd_x,qmd_y
0.00000022222222222222222,-3.0999999999999996,0,0,0,0,0
0.006666666666666667,-3.052010018451536,-0.000003969796277829487,0.000000000000000000007807069330498835,-0.000000000000000000010656068816631704,-0.00000000000000000000393221364296972,-0.000000000000000000003652604605440158
0.013333333333333334,-3.0046493680801984,-0.00002946652406045503,0.0000000000000000001206721262428745,-0.000000000000000000032865593008749096,0.000000000000000000028713791537179144,-0.0000000000000000000027973987190380423
0.02,-2.9580556576551453,-0.00009923396334435394,0.00000000000000000034142747303545576,0.00000000000000000021240662625269026,-0.00000000000000000003444957702372238,0.0000000000000000002016162944113218
0.02666666666666667,-2.912549144226365,-0.00024036392258623045,0.00000000000000000036935378935222455,0.0000000000000000014257343136441903,0.0000000000000000003781652287898369,-0.00000000000000000013163423124152903
0.03333333333333333,-2.882823655086055,-0.00038408037291284163,0.0000000000000000017549416697152004,-0.0000000000000000008608257896708522,-0.0000000000000000002305223271102318,-0.0000000000000000004175417181974089
0.04,-2.859598317645462,-0.000529832645047117,-0.00000000000000000038317513731362995,0.0000000000000000010868420260865518,0.0000000000000000014549166705986467,0.000000000000000000024036688105527424
0.04666666666666667,-2.8365429388665957,-0.0007081477446915872,0.00000000000000000023756868474629407,0.00000000000000000010536227918456941,0.00000000000000000017700895510968242,-0.0000000000000000021139004351935487
0.05333333333333334,-2.8136761715812746,-0.0009225056455771841,0.0000000000000000017690721392057814,0.00000000000000000008703896534111882,0.0000000000000000007510387122556591,-0.000000000000000000605397356874169
0.06,-2.790955781561045,-0.0011725505021185306,0.0000000000000000014750061478818868,0.000000000000000005491085509000112,0.0000000000000000006223007958911741,0.0000000000000000011214533193438725
0.06666666666666667,-2.7683824562965675,-0.001461267671801745,0.0000000000000000019431138448888265,0.0000000000000000020982699592866505,-0.0000000000000000016408697814251073,-0.0000000000000000006833296897199404
0.07333333333333333,-2.746006987099586,-0.0017906412864634388,0.000000000000000005883209622034792,0.000000000000000004699793208250971,-0.0000000000000000033087890741065703,-0.000000000000000001234485637264069
0.08,-2.7237768682548062,-0.002164533812697801,0.0000000000000000030077194384894618,0.000000000000000002949417412550057,0.0000000000000000033381447713986202,-0.000000000000000003070658784572163
0.08666666666666667,-2.7017321848610707,-0.00258399673199784,0.000000000000000003120638267399685,0.000000000000000008623951026845349,0.00000000000000000024071975531614884,0.0000000000000000024822763104299177
0.09333333333333334,-2.6798039712531376,-0.003051736734468509,0.0000000000000000066655273919619,0.000000000000000002777397998513185,-0.000000000000000002388954875522904,-0.000000000000000009663820058794794
0.1,-2.658089942453505,-0.0035753568875689697,-0.000000000000000009068506585676274,0.00000000000000000007512814428003163,0.00000000000000001213251875346573,-0.000000000000000003527243068573857
0.10666666666666667,-2.6365256849075,-0.004153133587550945,0.00000000000000001337275041633336,-0.000000000000000012342465282025077,0.000000000000000014128825480170758,-0.0000000000000000019389526634816326
0.11333333333333333,-2.6150660336519693,-0.004793431655132815,-0.000000000000000014605778201686124,0.00000000000000005148211669373897,-0.000000000000000003345561093252685,0.0000000000000000014278067202967867
0.12,-2.593788597284493,-0.00550122281894006,0.000000000000000018370530022842047,0.000000000000000009857179890822858,-0.000000000000000006130058649396312,-0.000000000000000005386316997320644
0.12666666666666668,-2.572710236003766,-0.006276700583430879,-0.000000000000000005717013938134199,-0.0000000000000000895947839271612,0.000000000000000011863013322203233,-0.000000000000000004454189968724938
0.13333333333333333,-2.5517762634419365,-0.007120583126053334,-0.000000000000000013112037657566047,0.000000000000000033625947126699914,0.000000000000000043624901429066797,-0.000000000000000027605206095405092
0.14,-2.530949863412356,-0.008051926335193006,-0.000000000000000025484726521384628,-0.0000000000000000012240914298194306,0.00000000000000003193071058194964,0.000000000000000010005136568934626
0.14666666666666667,-2.510334314799273,-0.009060770567370258,0.000000000000000001852042470949979,-0.000000000000000006405829068713132,0.000000000000000009415422511721922,0.00000000000000000818779127625161
0.15333333333333332,-2.4898692888563376,-0.010162974933028184,-0.0000000000000000469168897451158,-0.00000000000000001551068994614786,0.000000000000000007194570509568473,-0.000000000000000015748007558939793
0.16,-2.4695839017883756,-0.011355844357200237,-0.000000000000000024141167490347833,-0.000000000000000025360114385328733,-0.000000000000000001603588120996795,-0.00000000000000001685299499578709
0.16666666666666666,-2.449385131282926,-0.012651759021716816,0.00000000000000004428515336951109,0.00000000000000003107721398581227,0.000000000000000010661140356644183,-0.00000000000000003021125618494678
0.17333333333333334,-2.4293613191007326,-0.014058020286960302,-0.0000000000000000058329706990332435,-0.000000000000000051611674100922897,0.000000000000000042362503811042715,-0.000000000000000032187585083272394
0.18,-2.4095136610036767,-0.015573343501482166,-0.00000000000000002353318617243982,-0.00000000000000018982892537008238,-0.00000000000000002309853271124643,0.0000000000000000027063947761223084
0.18666666666666668,-2.3897979314318656,-0.01721488457682037,-0.00000000000000007225950469064777,-0.000000000000000033865409464799534,0.000000000000000018581113733700295,-0.000000000000000010895364730536489
0.19333333333333333,-2.3702890791899347,-0.018990911914136627,-0.000000000000000051948399816266354,-0.00000000000000008415593514966167,0.00000000000000006564973174711697,-0.000000000000000005057764757246012
0.2,-2.350857734310832,-0.020900551904363785,0.000000000000000021212083535394814,0.00000000000000015085325564397223,0.000000000000000027490660171910167,0.000000000000000030187097212683604
0.20666666666666667,-2.33160887590855,-0.022977300022434144,0.0000000000000001141109033795377,0.00000000000000017070111748704946,0.00000000000000003518861593659325,0.000000000000000041735571959019126
0.21333333333333335,-2.312524166270094,-0.02520009252373801,0.00000000000000019031665343661457,0.0000000000000001053350198318983,-0.00000000000000007715971460373215,0.00000000000000006404002581957589
0.22,-2.293574502410244,-0.027606861888709023,-0.000000000000000028989411904210544,0.00000000000000023244943928595773,-0.0000000000000002325172198033681,0.0000000000000000562141550394883
0.22666666666666666,-2.2747664125642832,-0.030217394095522543,-0.00000000000000017905662579512223,0.00000000000000009489265601543664,-0.00000000000000016032543879791725,0.00000000000000006924734883080797
0.23333333333333334,-2.2561871108022182,-0.0330126351835642,-0.00000000000000017017678700154507,0.00000000000000012267262152680237,-0.00000000000000006932699059131583,-0.000000000000000032014373805024395
0.24,-2.2377140762543344,-0.036041808428843955,0.00000000000000004058826164354698,-0.00000000000000005270753331390211,0.00000000000000002775561256932742,0.00000000000000011059034555773092
0.24666666666666667,-2.2193916746939117,-0.039290705210483945,0.000000000000000013983061931860057,0.00000000000000009729992742158623,0.00000000000000019870449831908782,0.00000000000000013294430333271786
0.25333333333333335,-2.2012436270969604,-0.042780863979908254,-0.00000000000000009736051853589443,0.00000000000000018526588173714666,0.0000000000000001231383433802491,-0.00000000000000009205570777583833
0.26,-2.183236222995195,-0.04654396168581914,-0.00047252056575771377,0.00000000000000010065097976036276,-0.000000000000000028773404954483786,-0.00016872588696789458
0.26666666666666666,-2.1653482690427373,-0.05059863971068089,-0.0010198981895715657,-0.00000000000000011323044072359986,-0.00000000000000012503094312749745,-0.0003669355964984684
0.2733333333333333,-2.1476193756400273,-0.054953684453965264,-0.0005476868693212887,-0.000000000000000437095935520629,-0.00000000000000038367449987552303,-0.00020620846494613383
0.28,-2.1301209670732315,-0.05961557363508961,-0.00045984543786862755,0.0000000000000003268475494869442,-0.000000000000000185423282897506,-0.0001792963578412774
0.2866666666666667,-2.123394722109888,-0.01299039955623303,0.22153015425498904,-0.38352130322832423,3.8451978467359624,-2.2500170191645497
0.29333333333333333,-2.1047847262816823,-0.010519431027359949,0.26736876803075926,-0.4629189997636305,4.250009950442635,-2.4892151439045516
0.3,-2.085583959427107,-0.000157400410049116,0.2643296833933586,-0.45767440808756327,6.1016496514005025,-3.5633940189653126
0.30666666666666664,-2.065766774488247,0.013993417154950914,0.2957755410999966,-0.5121931746669449,7.6144072440088495,-4.44038339809402
0.31333333333333335,-2.045857998978574,0.029700085812518814,0.32068504317847263,-0.5554513512110619,8.492290134118171,-4.947548348054104
0.32,-2.02742970889074,0.038916288175484724,0.28575587170801614,-0.4951415096554298,8.114342354432384,-4.725323585145604
0.32666666666666666,-2.0097179259849662,0.04543772346632742,0.2450418973230054,-0.42493553209351753,7.256252701323768,-4.220117607181177
0.3333333333333333,-1.9933047478971004,0.04648635128830432,0.23404528316153944,-0.40406891329386746,6.97212626990064,-4.0558277343526115
0.34,-1.97717888037022,0.04771601634180598,0.21586865961717766,-0.37127209229531677,6.922754392594162,-4.015745004173639
0.3466666666666667,-1.9612110172337365,0.04952465879019546,0.1895712719449689,-0.32481134175900417,7.004193210336245,-4.044677778954563
0.35333333333333333,-1.945399258839861,0.0517181377320081,0.158024072602947,-0.27012622730600655,7.167198406109249,-4.116035224131478
0.36,-1.929771407137365,0.05430784601360345,0.12216722313506845,-0.21093704019381126,7.403836632343185,-4.21646854365293
0.36666666666666664,-1.914346120567142,0.0568708877354512,0.08645385785728163,-0.14819748084183917,7.740712510687168,-4.378833354715242
0.37333333333333335,-1.8990842478536116,0.05932607976692339,0.048997057013879186,-0.08242782965475642,8.179830079301846,-4.606128875629263
0.38,-1.8839926654611758,0.06125391848738418,0.01076677584478942,-0.015099231466030743,8.75674496564196,-4.928781870082607
0.38666666666666666,-1.869075235572582,0.062162088030074364,-0.026411258131045362,0.05109588587735537,9.51012422777928,-5.38049873329456
0.3933333333333333,-1.8543991910282014,0.05789299059481222,-0.038421301852551715,0.07654831095203041,10.80438156362395,-6.266685888374056
0.4,-1.8399013345359718,0.0315647565594762,0.2977351400772533,-0.38411507991896227,13.69773608984558,-10.368801056883852
0.4066666666666667,-1.8296523822525306,-0.2741710994113502,0.021090201125680733,0.0000000000000019230839967523927,-0.0000000000000006692066609774335,-0.010312835299174185
0.41333333333333333,-1.8158754998129345,-0.29847585312006075,0.019451903027868655,-0.00000000000000015702876576434383,-0.0000000000000004612656690689348,-0.009852178890972068
0.42,-1.8022619209042483,-0.3248369945089806,0.01837435868233681,-0.0000000000000013712369201334624,-0.00000000000000019817293323377045,-0.009416105044870261
0.4266666666666667,-1.7888323160768684,-0.35372890069864693,0.017298440629165697,-0.0000000000000006987294846765046,-0.00000000000000009145962424653028,-0.008847975927102417
0.43333333333333335,-1.775803931803786,-0.38694207506356343,0.016015876997959394,-0.00000000000000030317014713884797,-0.00000000000000016759511055563055,-0.008133172373083855
0.44,-1.7630062708713474,-0.42280177376211453,0.014632387859884138,-0.0000000000000004621902767813882,-0.00000000000000018273311669546519,-0.007368074172416393
0.44666666666666666,-1.7505729520636064,-0.4629145622548597,0.013097713141261449,-0.0000000000000016777459153864456,-0.000000000000000025568690311613768,-0.006539125974355043
0.4533333333333333,-1.7384834043718518,-0.509160822827456,0.011435362750247048,-0.0000000000000014909266491823009,0.00000000000000012387047377484487,-0.00567935219060388
0.46,-1.7265480972121319,-0.5581541407908255,0.009718618010156417,-0.0000000000000007209561614938208,0.000000000000000269236627282387,-0.0048070139773366775
0.4666666666666667,-1.7153240435582588,-0.6195055360819851,0.007935068293199371,-0.00000000000000019435615949893662,0.0000000000000003571777881842274,-0.003957356491855786
0.47333333333333333,-1.7043014684999034,-0.6852465615848158,0.006171381816628873,0.0000000000000004609070546126186,0.00000000000000024986470022235605,-0.0031280091482200037
0.48,-1.6940139437994737,-0.7670021877948053,0.00448016200540415,0.0000000000000015855697097683513,-0.000000000000000569790585406843,-0.0023727588916441747
0.4866666666666667,-1.684196382191638,-0.8603825532624371,0.0029008495795699906,0.0000000000000028970574684861446,-0.000000000000001113825026210119,-0.0016759072607593194
0.49333333333333335,-1.6757735437467058,-0.9882619961275302,0.0016536479619330535,0.000000000000004762991530448046,-0.0000000000000008398914552359924,-0.0011523669328608313
0.5,-1.6673507053017738,-1.1161414389926234,0.00040644634429611633,0.000000000000006628925592409945,-0.0000000000000005659578842618659,-0.0006288266049623435
0.5066666666666667,-1.6597864319062863,-1.261550957349991,-0.000027222000878364877,0.000000000000004529941461493165,-0.0000000000000006655253007305273,-0.0004532753678005132
0.5133333333333333,-1.6523685466990967,-1.409949411715988,-0.0003221802250750382,0.0000000000000017549256293325561,-0.00000000000000082877587424659305,-0.0003370574246893777
0.52,-1.6444319597664565,-1.5459456843461548,-0.0005793678719167945,-0.0000000000000007721948774589275,-0.0000000000000009273707465485862,-0.00023634187617470993
0.5266666666666666,-1.633078553121857,-1.600245642992634,-0.0005877511541186257,-0.0000000000000016663660558322852,-0.0000000000000006000621302765438,-0.00023774452939490204
0.5333333333333333,-1.6215022953624765,-1.6476513877224375,-0.0005963716897907067,-0.000000000000002827724057505813,0.00000000000000033424424488150975,-0.00023913659691919147
0.54,-1.6095175824437096,-1.6824209953301739,-0.0006054270781405543,-0.000000000000004478798418032608,0.000000000000002381093254598355,-0.00024050926233229377
0.5466666666666666,-1.5973794006152162,-1.7075808073485235,-0.0006147381596325448,-0.000000000000001964881859401403,0.000000000000001648783670116399,-0.00024182388653811308
0.5533333333333333,-1.585162718860517,-1.7277738398914855,-0.0006241811353375774,0.0000000000000025136467939625007,-0.000000000000000443132381683261,-0.00024310817328335415
0.56,-1.5727971544841923,-1.735155398243189,-0.0006339473469002995,-0.00000000000000023574373537357443,-0.0000000000000010211229364234433,-0.00024429203255810824
0.5666666666666667,-1.5604554307502572,-1.737303975897588,-0.0006437747092585564,-0.0000000000000020107527230298586,-0.0000000000000013027970734730149,-0.00024542771341519323
0.5733333333333334,-1.5481523910064778,-1.730961483115526,-0.0006537012953178291,-0.0000000000000022047235259568664,-0.0000000000000011036661551195416,-0.0002464852196407235
0.58,-1.5360089648681043,-1.7129167473737161,-0.0006636512988460188,-0.0000000000000007807827923230359,-0.0000000000000008291620924221008,-0.0002474392421429781
0.5866666666666667,-1.526378791146973,1.698573299584883,-0.022219476105235853,0.016161847218558553,0.4203031478200806,0.09837259717281915
0.5933333333333334,-1.5148892575683977,1.666442276154061,-0.02322883064507495,0.0185226925642437,0.463693828633709,0.11727172476623811
0.6,-1.5037966756353336,1.6212119139850283,-0.023788897630779897,0.020584890784703817,0.5094396754525974,0.13934187745533522
0.6066666666666667,-1.4931004635786649,1.5629014113625248,-0.023900335534550513,0.02234887957474646,0.5575372365645284,0.16457840781141841
0.6133333333333333,-1.4835181636367079,1.4704547714697906,-0.02354839174816576,0.023552959275050418,0.6005694419813817,0.18835610199377684
0.62,-1.4745855869738196,1.3580971864055005,-0.02292616643129771,0.024430454889446028,0.6406471239054139,0.21128288539969475
0.6266666666666667,-1.4660678758650936,1.231051921283888,-0.022158874479663904,0.0250598670620124,0.676890290023904,0.23228447628780338
0.6333333333333333,-1.4581886139131797,1.0814033408134,-0.02116833509348539,0.0253074961179384,0.7072324037212718,0.25032333014613484
0.64,-1.4503093519612658,0.9317547603429097,-0.02017779570730686,0.025555125173864407,0.7375745174186401,0.26836218400446665
0.6466666666666666,-1.438041957965353,0.9020591386433037,-0.019571724693591988,0.02615838085277587,0.7736180381417797,0.2886858976920604
0.6533333333333333,-1.432435964270226,0.25332196429804604,-0.5922315449777984,1.0227840621595374,-6.708212973099418,5.085929324763491
0.66,-1.4172759581384162,0.24308596774500082,-0.6497428454227878,1.1228850181931327,-6.795060743815715,4.967918561310104
0.6666666666666666,-1.401611546049518,0.2345913688924812,-0.7225863592105596,1.2494346185638527,-6.960203242045621,4.864611155491535
0.6733333333333333,-1.385503796644264,0.227388208414463,-0.8096975299224933,1.4052924376158715,-7.202890604296743,4.804708486725155
0.68,-1.3689471257812356,0.22131013189278942,-0.9212123915421114,1.6044501086009593,-7.529081390383688,4.799410759077372
0.6866666666666666,-1.3519456445041875,0.21592433486261497,-1.0823719342998197,1.8850460911201672,-7.887739076026187,4.825976427296826
0.6933333333333334,-1.3354742114203204,0.5118133675592955,-0.3372899681494336,-0.006840916426149776,-0.05137798216070267,-4.293745901491913
0.7,-1.3175012650166473,0.5261811363685113,0.2650268389736596,-0.002617166579872466,-0.04470376172671105,-4.706661534770945
0.7066666666666667,-1.2985580170536668,0.5608840746842031,0.9985395516714193,-0.0006196524240206854,-0.04981885241876332,-4.669202367740575
0.7133333333333334,-1.27652450024169,0.6086091373515953,0.5733202807088644,0.000774234165947408,-0.049669185404689425,-3.534802976077927
0.72,-1.2517204084741735,0.5500155273276106,-0.4828935708596768,0.0016181902895744203,-0.044741539805190016,-1.659310746648732
0.7266666666666667,-1.2286606930207578,0.41925534352661875,-0.688498907983488,0.0019826629582306134,-0.03781770290916062,-1.7001679774532301
0.7333333333333333,-1.2091999140864178,0.28892072929505813,-1.1024713375044315,0.002090974265438323,-0.03141515771782842,-1.3665824627772616
0.74,-1.190541233874928,0.2268747921538934,-0.4547420668637263,0.002096258429785863,-0.02552197663638775,-0.9521693837354706
0.7466666666666667,-1.1716289066591412,0.20582507600394287,0.4472511359913293,0.0020468620304591556,-0.020185055805975675,-0.5916896886607339
0.7533333333333333,-1.1569583451004883,0.6039833867408855,-0.002131413825685934,-0.0024928693404838585,0.007829908033027298,0.0006551630475848578
0.76,-1.1357461124765285,0.5628137169115413,-0.0016748719140549486,-0.0017739148893724669,0.005376160188832498,0.0009189006221622614
0.7666666666666667,-1.1181499687851284,0.5205577237384297,-0.001240128752546724,-0.00000000000000037738237544814064,-0.0000000000000018406231340034282,-0.00019512382642893276
0.7733333333333333,-1.0956386937995664,0.5303284373426804,-0.0012667401928900066,-0.0000000000000011364451770519667,0.0000000000000014815969204188013,-0.00018769892425895014
0.78,-1.0727006574458136,0.5398674158511266,-0.0012938656396322135,-0.0000000000000033059096864310506,-0.0000000000000006048063439148571,-0.00017972118302688264
0.7866666666666666,-1.0493667517532541,0.5490714205775432,-0.0013214008704443088,0.00000000000000905532905846391,-0.0000000000000016573462749137691,-0.00017118256936130482
0.7933333333333333,-1.0257143823430404,0.5580265432172999,-0.0013492251613929607,-0.0000000000000014815451492488929,-0.0000000000000017877214025546207,-0.0001620857855307093
0.8,-1.0013830796413954,0.5666621754178245,-0.0013776480413912997,-0.000000000000001099469644217301,-0.0000000000000018848818692641853,-0.00015223289878908087
0.8066666666666666,-0.9765840842488236,0.5752538048140095,-0.0014063424619286892,-0.0000000000000008565085338783891,0.0000000000000014919308780996207,-0.000141738041381509
0.8133333333333334,-0.9514491995428,0.5835594287594319,-0.001435065010928822,-0.000000000000000006789214471565352,0.0000000000000027108330770799163,-0.0001306517268744826
0.82,-0.9258881125527064,0.5916166530066641,-0.001463800215305028,0.00000000000000005614055709514155,-0.0000000000000003492834168596285,-0.00011888988562186437
0.8266666666666667,-0.8997398044255455,0.5994375019358854,-0.001492516545805263,-0.0000000000000015853567606698318,0.0000000000000014489545143838876,-0.00010636743036976971
0.8333333333333334,-0.8732628290323916,0.6071859984940893,-0.0015208446552466021,-0.0000000000000006109045580749551,-0.0000000000000013382470885895634,-0.00009325304286542064
0.84,-0.846212613367593,0.6148694191059628,-0.0015486775419045486,-0.0000000000000021280977931595994,-0.0000000000000018595732408814966,-0.00007937765875169025
0.8466666666666667,-0.8187453221970824,0.6223095224753539,-0.001575718098192378,0.0000000000000007319337514431857,-0.000000000000000002467292892377948,-0.00006485841247380427
0.8533333333333334,-0.7907183617899366,0.6297013673171211,-0.001601795453867598,-0.0000000000000013931204477097104,-0.0000000000000020453890988317097,-0.000049661440760036126
0.86,-0.7621555013679423,0.6371183921840781,-0.0016264218613696825,0.0000000000000001185203885073331,-0.0000000000000008267639088848185,-0.00003378256579455411
0.8666666666666667,-0.7331042777341723,0.6444118589975816,-0.0016492778892355834,-0.000000000000005692625769658372,-0.0000000000000010277382823970952,-0.00001735555194157603
0.8733333333333333,-0.7035475152733277,0.6517490850423162,-0.0016696359189791138,0.0000000000000028701546760581767,0.0000000000000006951608745162574,-0.0000003896572885304331
0.88,-0.6735307745439499,0.6586749017853886,-0.0016871623521630974,-0.0000000000000043461299270325746,-0.000000000000002117751467771684,0.0000169610066550333
0.8866666666666667,-0.6428405213218286,0.6658645218386933,-0.0017007565951232472,-0.000000000000001692675684299559,0.00000000000000042608588366816844,0.00003471177884174018
0.8933333333333333,-0.6116150513384575,0.673104115844313,-0.0017099960437526839,0.0000000000000014670337606324761,0.00000000000000036631399216910825,0.000052627187225935286
0.9,-0.579826141823428,0.6803682804946884,-0.0017136698499221885,-0.0000000000000025378810928140644,-0.0000000000000005516169931485563,0.00007053020006956174
0.9066666666666666,-0.5473231735515738,0.6874797831525209,-0.001710101136312463,-0.000000000000003003355491497119,0.000000000000000019684662417934953,0.00008821181736618957
0.9133333333333333,-0.5142797064591136,0.6946873013122892,-0.0016984219482867918,0.0000000000000006674584057206065,0.00000000000000039942007724681877,0.00010531952189631948
0.92,-0.4805181493931783,0.7019577197181196,-0.0016764946590512718,0.0000000000000012407785118678961,0.000000000000002144420861939886,0.00012151978864217582
0.9266666666666666,-0.4461229790812858,0.7096409696758988,-0.001641257546162415,-0.00000000000000012594255392603704,-0.000000000000002139085214793796,0.00013614325445489644
0.9333333333333333,-0.41097577730320245,0.7172133825939816,-0.0015908876750335137,-0.0000000000000019198784465805126,0.0000000000000002751193435717862,0.00014872136073261884
0.94,-0.3750602085910446,0.7248790938477342,-0.001521953075822219,-0.0000000000000023771947803456305,0.00000000000000014365245623902737,0.00015844944139879744
0.9466666666666667,-0.3383769684379955,0.7328194649209017,-0.0014297206537190628,0.0000000000000014578388867148466,-0.0000000000000018441018646974093,0.00016423359795005838
0.9533333333333334,-0.30080878616805357,0.7406308406082254,-0.0013088332069151078,-0.0000000000000022598382029939634,-0.0000000000000004577167989071445,0.00016477667216408976
0.96,-0.26251351287234703,0.7486971771533842,-0.0011533530975359554,0.000000000000004989462141779469,0.0000000000000010638880210890643,0.00015840931394719423
0.9666666666666667,-0.2230419733989886,0.7577042545161404,-0.0009524699945321175,0.0000000000000035316198887037236,0.000000000000000051227100098427334,0.00014276407550167954
0.9733333333333334,-0.18266751973486597,0.766001441328222,-0.0006969725278996901,-0.0000000000000006437226017150004,-0.0000000000000012038743927657674,0.00011510739724815525
0.98,-0.14118083605049794,0.774976318734589,-0.0003721009799951872,-0.0000000000000010472004087055752,-0.0000000000000008286287240079504,0.0000716690048884157
0.9866666666666667,-0.09776792174334725,0.7350526844419388,-0.000028409212702081177,0.00000000000000011925085536804262,0.00000000000000009067537126334013,0.000011808452079018036
0.9933333333333333,-0.049122968126130415,0.3824420359701334,-0.00000000000000037188352501107437,-0.00000000000000034164210460540347,0.0000000000000009300371249673918,0.0000000000000003867716453736389
1,-0.00000000000000040766001685454967,0.0000002089494232498934,0.00000000000000007448468924977545,0.000000000000000049385408956721186,0.00000000000000012292142130553837,0.00000000000000022483642551918543
1.0066666666666666,0.0491229681261304,-0.38244161807129295,-0.00000000000000008079712192853664,0.0000000000000007115928668997463,-0.0000000000000007225109380908736,-0.000000000000000614867891346567
1.0133333333333334,0.09776792174334836,-0.7350524580025992,0.000028409212702040224,-0.00000000000000005567137547684662,0.0000000000000006188152470590967,-0.000011808452078186412
1.02,0.14118083605049758,-0.7749762839985551,0.00037210097999436007,0.0000000000000004564803692023683,0.0000000000000009301952703174892,-0.00007166900488834032
1.0266666666666666,0.18266751973486564,-0.7660014065921887,0.000696972527897223,-0.0000000000000017944619046150706,-0.0000000000000008501105228882649,-0.00011510739724920381
1.0333333333333334,0.2230419733989899,-0.7577042197801067,0.0009524699945322245,-0.0000000000000036745892685782034,-0.00000000000000005899370441117186,-0.00014276407550169504
1.04,0.26251351287234803,-0.7486971424173506,0.0011533530975331439,0.0000000000000008411985861249182,-0.0000000000000004603688489021417,-0.00015840931394618159
1.0466666666666666,0.30080878616805357,-0.7406308058721919,0.0013088332069146693,0.000000000000002512205407066242,0.0000000000000004984196429975314,-0.00016477667216404165
1.0533333333333332,0.33837696843799436,-0.7328194301848684,0.0014297206537192916,-0.0000000000000010327881627567278,0.0000000000000018568393197040254,-0.00016423359794969758
1.06,0.3750602085910451,-0.7248790591117008,0.0015219530758197413,-0.0000000000000023796067669216106,0.000000000000001269850425588838,-0.00015844944139953028
1.0666666666666667,0.41097577730320245,-0.7172133478579485,0.001590887675033714,0.000000000000002135914327976198,-0.00000000000000037947479708342933,-0.0001487213607324608
1.0733333333333333,0.4461229790812854,-0.7096409349398658,0.001641257546162769,0.00000000000000031231557822606454,0.0000000000000021464581402702138,-0.0001361432544546221
1.08,0.480518149393179,-0.7019576849820863,0.0016764946590482408,0.000000000000001795808914679923,0.0000000000000029025698962011375,-0.00012151978864406374
1.0866666666666667,0.5142797064591141,-0.694687266576256,0.0016984219482859269,-0.0000000000000001931102002258183,-0.0000000000000006341016081805561,-0.00010531952189645738
1.0933333333333333,0.5473231735515738,-0.6874797484164878,0.001710101136312412,0.000000000000002733508744858961,0.00000000000000007423199960861658,-0.0000882118173662138
1.1,0.5798261418234294,-0.6803682457586552,0.001713669849924532,-0.0000000000000008930337314063074,-0.000000000000000781670106037869,-0.00007053020007093053
1.1066666666666667,0.611615051338458,-0.6731040811082798,0.0017099960437521418,-0.0000000000000011163438134394553,-0.00000000000000017539060511932543,-0.00005262718722549805
1.1133333333333333,0.6428405213218287,-0.6658644871026601,0.0017007565951235389,0.000000000000002066820662840792,-0.00000000000000021341085102765018,-0.00003471177884172996
1.12,0.6735307745439495,-0.6586748670493555,0.0016871623521662476,0.0000000000000008243479107335212,-0.0000000000000011818529346439927,-0.00001696100665574349
1.1266666666666667,0.7035475152733279,-0.6517490503062832,0.00166963591897843,-0.0000000000000030118028954441185,0.000000000000001455734167296425,0.00000038965728781612346
1.1333333333333333,0.7331042777341719,-0.6444118242615483,0.00164927788923805,-0.00000000000000043330083880683684,-0.0000000000000030546940955665457,0.000017355551939592106
1.14,0.7621555013679416,-0.6371183574480449,0.0016264218613676138,-0.0000000000000014370723007785157,-0.00000000000000025364009374515334,0.000033782565793567626
1.1466666666666667,0.790718361789937,-0.629701332581088,0.001601795453867833,0.000000000000002245476249684609,0.000000000000001986165125440979,0.00004966144076008486
1.1533333333333333,0.8187453221970828,-0.6223094877393206,0.0015757180981924132,0.0000000000000018460950009175504,-0.00000000000000017978024203906758,0.00006485841247373398
1.16,0.8462126133675923,-0.6148693843699298,0.0015486775419079673,0.0000000000000021723192189451004,-0.000000000000000378050493301022,0.00007937765875287012
1.1666666666666667,0.8732628290323924,-0.6071859637580564,0.0015208446552469625,0.00000000000000019700050558724056,-0.0000000000000007603135150294212,0.00009325304286841819
1.1733333333333333,0.8997398044255455,-0.5994374671998527,0.0014925165458048889,0.00000000000000176066070957637,-0.0000000000000014261682114748037,0.00010636743037015555
1.18,0.9258881125527053,-0.5916166182706316,0.0014638002153017642,0.00000000000000039649166111788725,-0.000000000000000904283223521205,0.00011888988562171727
1.1866666666666668,0.9514491995428008,-0.583559394023399,0.0014350650109291663,-0.0000000000000011106669040599272,0.0000000000000002605696417477049,0.0001306517268717355
1.1933333333333334,0.9765840842488236,-0.5752537700779767,0.0014063424619284036,0.0000000000000009544132715841038,-0.000000000000001351667485380204,0.0001417380413819053
1.2,1.0013830796413954,-0.5666621406817918,0.001377648041388706,-0.0000000000000016127114154747243,0.0000000000000019956082209813714,0.00015223289878874173
1.2066666666666668,1.0257143823430404,-0.5580265084812672,0.0013492251613926771,0.0000000000000016284183553900507,0.0000000000000014435695222918705,0.0001620857855305857
1.2133333333333334,1.0493667517532541,-0.5490713858415105,0.0013214008704444744,-0.00000000000000952869091111441,0.000000000000002266723045168321,0.0001711825693612229
1.22,1.072700657445813,-0.539867381115094,0.001293865639632178,-0.0000000000000037995027054513434,0.000000000000002569812285368605,0.00017972118302682415
1.2266666666666666,1.0956386937995655,-0.530328402606648,0.0012667401928964665,-0.0000000000000018035176225937157,0.0000000000000010114193087152437,0.00018769892425759616
1.2333333333333334,1.1181499687851284,-0.5205576890023969,0.0012401287525511551,-0.000000000000003322510724498455,-0.0000000000000019487893900211604,0.0001951238264267543
1.24,1.1357461124765285,-0.5628137169114666,0.0016748719140595148,0.0017739148893602661,-0.005376160188839551,-0.0009189006221781356
1.2466666666666666,1.1569583451004872,-0.6039833867408095,0.002131413825682115,0.0024928693405129906,-0.007829908033045216,-0.0006551630475791746
1.2533333333333334,1.1716289066591414,-0.20582507600413094,-0.4472511359913153,-0.0020468620304589353,0.02018505580598028,0.591689688660728
1.26,1.1905412338749282,-0.2268747921540817,0.45474206686374047,-0.002096258429780949,0.025521976636382362,0.9521693837354768
1.2666666666666666,1.2091999140864174,-0.28892072929524465,1.1024713375044255,-0.002090974265423142,0.03141515771781594,1.3665824627772714
1.2733333333333334,1.228660693020758,-0.41925534352680766,0.6884989079834807,-0.001982662958215232,0.037817702909159256,1.7001679774532534
1.28,1.2517204084741735,-0.550015527327798,0.4828935708596617,-0.0016181902895653364,0.04474153980523804,1.6593107466488497
1.2866666666666666,1.27652450024169,-0.6086091373517838,-0.5733202807088479,-0.0007742341659699833,0.04966918540482209,3.5348029760779736
1.2933333333333332,1.2985580170536661,-0.5608840746843926,-0.9985395516714229,0.0006196524240057187,0.049818852418833694,4.669202367740252
1.3,1.3175012650166475,-0.5261811363686996,-0.2650268389736521,0.002617166579829892,0.044703761726688294,4.706661534770858
1.3066666666666666,1.3354742114203202,-0.5118133675594844,0.33728996814942774,0.006840916426121318,0.05137798216144744,4.293745901491313
1.3133333333333332,1.3519456445041875,-0.21592433486287216,1.0823719342998688,-1.8850460911202354,7.887739076026203,-4.825976427297145
1.32,1.3689471257812362,-0.22131013189304724,0.9212123915421462,-1.6044501086009413,7.529081390383554,-4.799410759077544
1.3266666666666667,1.3855037966442643,-0.22738820841472018,0.8096975299225959,-1.4052924376158606,7.202890604296623,-4.804708486725093
1.3333333333333333,1.4016115460495175,-0.23459136889273777,0.722586359210557,-1.249434618563842,6.9602032420456466,-4.864611155491289
1.34,1.417275958138416,-0.24308596774525768,0.6497428454224714,-1.1228850181930565,6.795060743815817,-4.967918561309952
1.3466666666666667,1.4324359642702251,-0.25332196429830134,0.5922315449775529,-1.0227840621595026,6.7082129730993065,-5.085929324763777
1.3533333333333333,1.438041957965353,-0.9020591386432616,0.019571724693381153,-0.02615838085287935,-0.7736180381414518,-0.2886858976920571
1.36,1.4503093519612658,-0.9317547603428693,0.020177795707082242,-0.02555512517410723,-0.7375745174180899,-0.26836218400460604
1.3666666666666667,1.4581886139131797,-1.0814033408133583,0.021168335093251552,-0.025307496118133994,-0.7072324037211616,-0.2503233301461702
1.3733333333333333,1.4660678758650938,-1.2310519212838473,0.02215887447942086,-0.02505986706216076,-0.6768902900242333,-0.2322844762877344
1.38,1.4745855869738196,-1.3580971864054583,0.02292616643112981,-0.024430454889716003,-0.6406471239057523,-0.21128288540033507
1.3866666666666667,1.483518163636708,-1.47045477146975,0.023548391748127843,-0.023552959275551698,-0.6005694419814478,-0.18835610199565408
1.3933333333333333,1.4931004635786649,-1.5629014113624815,0.023900335534598728,-0.02234887957524903,-0.557537236564511,-0.16457840781382768
1.4,1.503796675635333,-1.6212119139849774,0.02378889763083909,-0.020584890784813344,-0.5094396754528205,-0.13934187745706775
1.4066666666666667,1.5148892575683974,-1.6664422761540107,0.023228830645427165,-0.018522692564074374,-0.46369382863407715,-0.11727172476813777
1.4133333333333333,1.5263787911469735,-1.698573299584838,0.022219476106163635,-0.016161847218224966,-0.4203031478205027,-0.09837259717573302
1.42,1.536008964868104,1.7129170133788378,0.0006636512988444205,-0.000000000000002898856896240014,-0.000000000000000347159671630154,0.0002474392421440392
1.4266666666666667,1.5481523910064778,1.7309617491206482,0.0006537012953168347,-0.0000000000000011391933194832033,0.0000000000000003523805812257312,0.00024648521964190586
1.4333333333333333,1.5604554307502572,1.7373042419027098,0.0006437747092577756,0.0000000000000024006293507026895,-0.0000000000000020411823043098226,0.0002454277134154494
1.44,1.5727971544841923,1.7351556642483112,0.0006339473469012214,0.000000000000002036716828460722,-0.0000000000000009307222914710763,0.0002442920325569749
1.4466666666666668,1.5851627188605175,1.7277741058966076,0.0006241811353411195,-0.0000000000000007330373438101251,0.0000000000000023392397920808555,0.00024310817328054583
1.4533333333333334,1.5973794006152162,1.7075810733536456,0.000614738159634137,0.000000000000002438335687383272,-0.0000000000000007871967767366324,0.00024182388653704604
1.46,1.6095175824437096,1.682421261335296,0.0006054270781403282,0.000000000000003634106397804751,-0.0000000000000028883430774854796,0.00024050926233257274
1.4666666666666666,1.6215022953624758,1.64765165372756,0.0005963716897890618,0.0000000000000006808602540965189,-0.0000000000000027382125069422867,0.00023913659691992046
1.4733333333333334,1.6330785531218566,1.6002459089977559,0.0005877511541180235,-0.00000000000000022134381706365386,-0.0000000000000011767983986847989,0.00023774452939633592
1.48,1.644431959766456,1.5459459503512767,0.0005793678719185785,-0.000000000000000004509477699074565,0.0000000000000011546050276764096,0.00023634187617698778
1.4866666666666666,1.6523685466990963,1.409949592893585,0.00032218022507556944,-0.000000000000000466630365851976,0.0000000000000008922938089416804,0.00033705742469045726
1.4933333333333334,1.659786431906286,1.2615510408225294,0.00002722200087707557,-0.0000000000000010318223194124156,0.000000000000000236235077855327,0.00045327536780009057
1.5,1.6673507053017733,1.1161414389924795,-0.0004064463442987633,-0.0000000000000015425765225845082,-0.00000000000000022764726988149067,0.0006288266049607269
1.5066666666666666,1.6757735437467056,0.9882619961273862,-0.001653647961934533,-0.0000000000000017340539425865877,0.0000000000000004355826719122276,0.0011523669328599062
1.5133333333333334,1.684196382191638,0.8603825532622886,-0.0029008495795703445,-0.0000000000000019255313625886736,0.000000000000001098812613705968,0.001675907260759103
1.52,1.694013943799474,0.7670021877946596,-0.004480162005404759,-0.000000000000001341950698836884,0.0000000000000008590544549008401,0.0023727588916440455
1.5266666666666666,1.7043014684999036,0.6852465615846715,-0.006171381816630222,-0.0000000000000004972080327114398,0.00000000000000031502725431010625,0.00312800914821976
1.5333333333333334,1.715324043558259,0.6195055360818393,-0.007935068293200759,-0.00000000000000131158582233565,0.00000000000000032721278031337365,0.003957356491855326
1.54,1.7265480972121316,0.5581541407906805,-0.009718618010157574,-0.000000000000002580731446046678,0.0000000000000004918571926428931,0.004807013977335939
1.5466666666666666,1.7384834043718516,0.5091608228273115,-0.011435362750246987,-0.0000000000000007110829972427248,0.0000000000000004821217912226788,0.005679352190603735
1.5533333333333332,1.7505729520636064,0.4629145622547151,-0.013097713141260708,0.0000000000000006867374963382833,0.0000000000000005056067168527094,0.00653912597435512
1.56,1.7630062708713479,0.4228017737619687,-0.014632387859884041,0.0000000000000008469181380560797,0.0000000000000006145993058077868,0.007368074172415783
1.5666666666666667,1.775803931803786,0.386942075063418,-0.01601587699795851,0.00000000000000042647101278998184,0.00000000000000014859073095161384,0.008133172373083326
1.5733333333333333,1.788832316076868,0.3537289006985018,-0.017298440629163678,-0.00000000000000006316746285306852,-0.0000000000000004602415579831678,0.008847975927102313
1.58,1.8022619209042483,0.32483699450883513,-0.01837435868233621,0.0000000000000011192990930918305,0.000000000000000011440550293288371,0.00941610504487019
1.5866666666666667,1.815875499812934,0.2984758531199153,-0.019451903027868932,0.000000000000000389846901227223,0.0000000000000000829805948018981,0.009852178890971886
1.5933333333333333,1.82965238225253,0.2741710994112047,-0.02109020112568138,-0.0000000000000010104881346154882,-0.00000000000000010537486686946053,0.010312835299173822
1.6,1.8399013345359725,-0.03156475655973105,-0.29773514007782553,0.3841150799180672,-13.697736089846032,10.368801056883893
1.6066666666666667,1.8543991910282018,-0.05789299059506192,0.03842130185225894,-0.07654831095275011,-10.804381563623785,6.2666858883739325
1.6133333333333333,1.8690752355725817,-0.062162088030324594,0.02641125813050314,-0.05109588587720491,-9.510124227776739,5.3804987332931145
1.62,1.8839926654611754,-0.061253918487634965,-0.01076677584514523,0.015099231466165187,-8.756744965640147,4.928781870081438
1.6266666666666667,1.8990842478536107,-0.05932607976717337,-0.04899705701405503,0.08242782965479664,-8.179830079300853,4.606128875628525
1.6333333333333333,1.9143461205671413,-0.056870887735700634,-0.08645385785736333,0.1481974808418488,-7.74071251068686,4.378833354714933
1.64,1.9297714071373648,-0.05430784601385419,-0.12216722313518562,0.21093704019396015,-7.403836632343325,4.216468543652956
1.6466666666666667,1.945399258839861,-0.051718137732258494,-0.15802407260286794,0.27012622730620156,-7.1671984061097325,4.1160352241319
1.6533333333333333,1.9612110172337365,-0.049524658790446444,-0.18957127194490805,0.32481134175928233,-7.004193210336895,4.04467777895531
1.66,1.9771788803702197,-0.047716016342057965,-0.21586865961727233,0.3712720922954867,-6.922754392594602,4.015745004174094
1.6666666666666667,1.9933047478971002,-0.04648635128855731,-0.23404528316174436,0.4040689132938032,-6.972126269900602,4.05582773435228
1.6733333333333333,2.0097179259849653,-0.04543772346658128,-0.24504189732307347,0.42493553209335727,-7.25625270132333,4.220117607180208
1.68,2.02742970889074,-0.03891628817573782,-0.28575587170799854,0.4951415096556119,-8.114342354432205,4.725323585145277
1.6866666666666668,2.045857998978575,-0.029700085812771747,-0.32068504317839586,0.5554513512113014,-8.492290134118322,4.947548348054429
1.6933333333333334,2.065766774488247,-0.013993417155203703,-0.2957755410999953,0.5121931746669328,-7.6144072440086426,4.440383398093938
1.7,2.085583959427107,0.00015740040979607926,-0.2643296833934058,0.4576744080874734,-6.101649651400701,3.56339401896512
1.7066666666666668,2.1047847262816823,0.010519431027108051,-0.2673687680308443,0.462918999763466,-4.2500099504427356,2.48921514390432
1.7133333333333334,2.123394722109888,0.012990399555980591,-0.22153015425498523,0.38352130322833433,-3.8451978467359007,2.250017019164466
1.72,2.1301209670732315,0.05961557363494406,0.00045984543786866603,-0.0000000000000002946944784517365,0.00000000000000015570537523308233,0.00017929635784126786
1.7266666666666666,2.147619375640027,0.05495368445381978,0.0005476868693217346,0.00000000000000007091920940515645,0.00000000000000013489748834693935,0.00020620846494590287
1.7333333333333334,2.1653482690427377,0.05059863971053529,0.001019898189571706,-0.00000000000000003394521167059008,0.00000000000000002311677240004661,0.00036693559649838127
1.74,2.183236222995195,0.046543961685673554,0.0004725205657577406,-0.00000000000000012679609740666365,0.000000000000000017217232582415027,0.00016872588696785533
1.7466666666666666,2.2012436270969604,0.0427808639797627,0.00000000000000011192113363481797,-0.00000000000000018157086397455742,-0.00000000000000012727131606487893,0.00000000000000005800041285865564
1.7533333333333334,2.2193916746939117,0.03929070521033833,0.00000000000000005411365709003637,-0.00000000000000017273433422076508,-0.00000000000000016475076400017466,-0.00000000000000003761420676623509
1.76,2.237714076254334,0.036041808428698356,0.00000000000000010600523471203041,-0.00000000000000010853650069695024,0.00000000000000004535940390927928,0.00000000000000006502869233996864
1.7666666666666666,2.2561871108022182,0.03301263518341858,0.00000000000000019352929228899656,-0.0000000000000001128699520516587,0.00000000000000008033251616745302,0.000000000000000021719962872583118
1.7733333333333334,2.274766412564284,0.030217394095376878,0.00000000000000016566440251503466,-0.00000000000000006198078509817527,0.0000000000000001363614097595203,-0.000000000000000050725923004708925
1.78,2.293574502410244,0.02760686188856345,-0.000000000000000011596257542320625,-0.0000000000000001223243174908688,0.00000000000000012272211366361654,0.000000000000000048823110900466054
1.7866666666666666,2.312524166270095,0.025200092523592437,-0.00000000000000002575399508466178,-0.0000000000000000311596386466403,-0.00000000000000007560578220715618,0.000000000000000000777619896619773
1.7933333333333332,2.3316088759085494,0.022977300022288594,-0.0000000000000001138031580009085,-0.00000000000000015167492927091398,-0.000000000000000015011949182066393,-0.00000000000000004628225634130728
1.8,2.3508577343108317,0.02090055190421819,0.00000000000000018959241569126215,-0.00000000000000012517553512162742,-0.000000000000000012772038728239181,0.00000000000000004156182916083851
1.8066666666666666,2.3702890791899347,0.01899091191399102,0.00000000000000011810215348251378,0.00000000000000009016867707255933,-0.00000000000000006202135221311789,0.00000000000000001422906459970669
1.8133333333333332,2.389797931431865,0.017214884576674794,0.00000000000000009067252716319355,0.00000000000000004842828120963175,-0.00000000000000002863412230348481,0.000000000000000022150770637458067
1.82,2.409513661003677,0.015573343501336547,-0.00000000000000002698831280962934,0.000000000000000039090505440144485,0.00000000000000003149471911751753,0.000000000000000008280483883610038
1.8266666666666667,2.429361319100732,0.014058020286814717,0.000000000000000004703881853495281,-0.00000000000000010918780120962191,-0.00000000000000005887658589088975,0.000000000000000045379561928465814
1.8333333333333333,2.449385131282925,0.012651759021571249,-0.00000000000000002664263645832121,-0.00000000000000005961317849012514,-0.000000000000000027711719815042942,0.00000000000000003750752744158211
1.84,2.469583901788376,0.011355844357054614,0.000000000000000037165967941276705,-0.00000000000000009110315315732963,-0.000000000000000006035514876501556,0.0000000000000000005945891208683857
1.8466666666666667,2.489869288856338,0.01016297493288258,0.0000000000000000105585174958585,-0.000000000000000042575728116901146,-0.00000000000000001443449139357177,-0.000000000000000005049441542782154
1.8533333333333333,2.510334314799273,0.009060770567224676,0.000000000000000014840002440559553,-0.0000000000000000058808597478305894,-0.00000000000000001092151706154687,-0.0000000000000000057168756487751165
1.86,2.530949863412356,0.008051926335047373,0.000000000000000005177528482937074,0.0000000000000000278684662460674,0.0000000000000000056168033708323805,0.0000000000000000029836226516163688
1.8666666666666667,2.5517762634419365,0.007120583125907709,0.0000000000000000256196321448963,0.00000000000000005258001210948346,-0.00000000000000002543685887555027,-0.000000000000000009893572472968735
1.8733333333333333,2.572710236003766,0.006276700583285275,0.000000000000000012295110699041671,0.00000000000000010021222845672697,-0.000000000000000007113324389078137,0.0000000000000000016896831007671093
1.88,2.5937885972844925,0.005501222818794464,-0.00000000000000002317728910378391,-0.000000000000000010848531215224854,0.0000000000000000037821642348168364,0.000000000000000003881501305078707
1.8866666666666667,2.61506603365197,0.004793431654987202,-0.000000000000000012154182134101974,0.000000000000000004705350022692631,0.000000000000000006630515909753245,0.00000000000000001315188422372734
1.8933333333333333,2.6365256849075003,0.004153133587405336,-0.000000000000000014970011657694715,0.000000000000000015816186544574692,-0.000000000000000011344627549824661,0.00000000000000000526619108278468
1.9,2.658089942453505,0.0035753568874233627,0.000000000000000009882790035055881,0.00000000000000000030061302158764867,-0.000000000000000013389339091100638,0.0000000000000000011214529758206893
1.9066666666666667,2.679803971253138,0.003051736734322901,0.000000000000000003852347750049855,-0.000000000000000005268262863302977,-0.0000000000000000042646773448833,-0.000000000000000006574343954685093
1.9133333333333333,2.7017321848610716,0.0025839967318522267,0.000000000000000005992805635468227,-0.000000000000000010728583282157554,-0.000000000000000004153906893317864,-0.000000000000000004251191870474683
1.92,2.7237768682548062,0.0021645338125521963,-0.0000000000000000026992250828824325,0.0000000000000000018637536811641976,-0.000000000000000002886598112018901,0.000000000000000004046004198200372
1.9266666666666667,2.746006987099586,0.001790641286317826,-0.0000000000000000035694507361569054,0.000000000000000002195896854884019,0.0000000000000000029568584704710068,0.00000000000000000074709513433593455
1.9333333333333333,2.768382456296567,0.0014612676716561402,-0.00000000000000000004031985229822174,-0.0000000000000000031691026919155608,-0.0000000000000000010930859705633332,0.00000000000000000010878256408814874
1.94,2.790955781561045,0.001172550501972927,0.0000000000000000030073096397573846,-0.000000000000000007467950144360261,-0.000000000000000001484469024809831,0.00000000000000000015904369795380853
1.9466666666666668,2.813676171581275,0.0009225056454315742,-0.00000000000000000016215864964409958,-0.00000000000000000434498489352771,-0.000000000000000004779410171785009,0.0000000000000000008952352814410866
1.9533333333333334,2.836542938866596,0.0007081477445459784,-0.0000000000000000006418541682223283,-0.00000000000000000021485546403468123,-0.00000000000000000027029900898673706,0.0000000000000000017374918055110946
1.96,2.859598317645462,0.000529832644901511,0.0000000000000000004626683714757384,-0.0000000000000000025832686472542877,-0.0000000000000000018621406947896044,-0.00000000000000000030586442402866005
1.9666666666666666,2.882823655086055,0.000384080372767236,0.0000000000000000011254738463228416,-0.0000000000000000022975438086807413,-0.0000000000000000009640299097810178,0.000000000000000000043863537993147294
1.9733333333333334,2.912549144226365,0.0002403639224406222,0.00000000000000000020608471148573656,-0.0000000000000000004054502993454233,-0.00000000000000000006790801867980441,-0.00000000000000000033435755015804825
1.98,2.9580556576551458,0.00009923396319874603,-0.00000000000000000022168526245797657,-0.00000000000000000032765954847702115,0.00000000000000000010203166212842166,-0.00000000000000000019960582710460707
1.9866666666666666,3.004649368080198,0.000029466523914848783,-0.00000000000000000009998784073860425,0.00000000000000000001767059157641922,-0.0000000000000000000131656151903805,0.00000000000000000004778136569770447
1.9933333333333334,3.052010018451537,0.000003969796132222761,-0.000000000000000000009828759644311378,0.000000000000000000008808292803714721,0.0000000000000000000019877268529960706,0.0000000000000000000046218369953347325