# n,energy,berry,bcd_x,bcd_y,qmd_x,qmd_y
0.0000013333333333333334,-3.0499941513483906,-0.00000000000000003000961478814343,0,0,0,0
0.006666666666666667,-3.001983364201579,-0.0000039629710677431285,-0.0000000001802950616849002,0.0000000011290839957299603,-0.0000000006348021793571922,0.00000000010096222074346374
0.013333333333333334,-2.954682640898653,-0.000029277825176962247,-0.0000000008059242103832806,0.000000007376702102609219,-0.0000000041640881791871615,0.0000000005329371784051054
0.02,-2.928618133633936,-0.00006085064149601691,-0.0000000018147400055828466,0.000000011830516443885166,-0.0000000062752862704141775,0.000000000948452936884168
0.02666666666666667,-2.905083289425037,-0.00010394371393226474,-0.0000000030232739030617508,0.00000002056262224913333,-0.000000010497886963020574,0.0000000014981692612637246
0.03333333333333333,-2.8816670034800773,-0.00016046117417975003,-0.0000000037296735901951034,0.00000003352798210924463,-0.000000015117488297022604,0.000000001783098919453793
0.04,-2.858441016889293,-0.00023156754331521477,-0.000000003797788948724343,0.000000050424542841999794,-0.000000019770116633048928,0.000000002101742070058271
0.04666666666666667,-2.835344945301112,-0.00031825639241740884,-0.000000008056209004558897,0.00000006627861148370319,-0.00000002416292091623965,0.0000000023482132728176175
0.05333333333333334,-2.812418939420295,-0.00042157418400738515,-0.000000012090266075158613,0.00000008653970050676851,-0.00000002891652276113271,0.0000000028058681091790505
0.06,-2.7897233752609263,-0.0005436324850876424,-0.000000012468495177632562,0.00000012008271695382202,-0.000000038076740382471805,0.000000003145063001101253
0.06666666666666667,-2.767185825129257,-0.0006852883184224899,-0.000000014376925506163691,0.00000016190921171521945,-0.000000044561284822047397,0.0000000052012404720212455
0.07333333333333333,-2.7447926529040005,-0.0008471763855040014,-0.000000028975568099172214,0.0000001862900726772275,-0.00000004946818564700394,0.000000006188142522933114
0.08,-2.7225740641045637,-0.001029470979318214,-0.00000003344706044753191,0.00000023877566591069057,-0.000000058864219903523246,0.000000007208481026222984
0.08666666666666667,-2.7004898517446883,-0.001236157340882726,-0.000000041619919406249716,0.00000028811493988340293,-0.00000006477274956580754,0.000000007448132132329786
0.09333333333333334,-2.6785555860525876,-0.0014680965582702283,-0.00000004768101793035268,0.00000034673136464165605,-0.00000007154749534500704,0.000000008921349196934685
0.1,-2.6568167377267273,-0.0017244800623882047,-0.00000004410927146167097,0.00000043062115840431036,-0.00000008156342362249776,0.000000007983832166305476
0.10666666666666667,-2.6351734438246437,-0.0020079744568306554,-0.00000006206300569343277,0.0000004929363027418378,-0.00000008681714349945673,0.000000011893302624878575
0.11333333333333333,-2.6137596482161536,-0.002324609930107472,-0.00000007190789005457578,0.00000056458921158713,-0.00000009300365665378327,0.000000017472374208882007
0.12,-2.5925690114552644,-0.0026702753658561064,-0.0000000905670135318699,0.000000653051492314497,-0.00000010645804682811183,0.000000013864449715936128
0.12666666666666668,-2.571439122802372,-0.003051444844516624,-0.00000009619157943995693,0.0000007690326180385525,-0.00000011714456364912339,0.00000001164404128119677
0.13333333333333333,-2.550442350313837,-0.0034729172248523354,-0.00000010307676618503536,0.0000008915222620213758,-0.0000001286674621265666,0.000000012779392058905989
0.14,-2.5297102498398782,-0.003927112998285795,-0.00000012645376219703835,0.0000010029299868895651,-0.00000014507995563867692,0.000000012093506868581388
0.14666666666666667,-2.509042368580694,-0.004423885591333966,-0.00000013811521386866444,0.0000011416382029363832,-0.00000015457253967513813,0.00000001720320704620505
0.15333333333333332,-2.4885389737763743,-0.004968821936597451,-0.00000015437239905207277,0.000001286481481436475,-0.0000001559769966773119,0.000000013353421556408607
0.16,-2.4682030496264296,-0.00555486829547416,-0.00000017765269553297805,0.0000014236586873755445,-0.0000001690622854406161,0.00000001772932904604257
0.16666666666666666,-2.4480005920772805,-0.006189817328714269,-0.00000022643320710950774,0.0000015821342048580144,-0.00000018177821523745607,0.00000003222276726280151
0.17333333333333334,-2.4279056071420926,-0.006878563453310885,-0.00000025016225959335055,0.0000017475451970331308,-0.00000018555290007333167,0.000000035133783321198185
0.18,-2.4079954445598077,-0.007620972140996739,-0.0000002470377486041939,0.0000019726441000607563,-0.00000021512330268174892,0.00000002735466076705015
0.18666666666666668,-2.388312859193574,-0.0084303148426726,-0.0000002529595237804606,0.0000022271223187201805,-0.0000002398357128603525,0.00000002179495563590712
0.19333333333333333,-2.368788063727464,-0.009311406884749062,-0.0000002987577070685949,0.0000024499704520615685,-0.00000025198719199287084,0.00000003325122265265107
0.2,-2.3493899791045663,-0.010260652495225564,-0.00000035348171719849497,0.0000026395831068650197,-0.0000002524492910437015,0.000000034396542072266747
0.20666666666666667,-2.3301125791698003,-0.011274910081173631,-0.0000004033360752281623,0.000002859341712841929,-0.0000002630851717515581,0.00000003283203565078879
0.21333333333333335,-2.310972376049215,-0.01237827677138529,-0.00000043758994300297975,0.0000031575806288260927,-0.00000030410115399133965,0.000000021014482127718655
0.22,-2.2920489614296806,-0.013556405622155482,-0.00000047654864398977363,0.000003413524854576852,-0.0000003339563919608256,0.00000002477252026026666
0.22666666666666666,-2.273207733313639,-0.014844524412445641,-0.000000536933554869238,0.0000037223284870087473,-0.00000030032308023446643,0.00000005677864307402852
0.23333333333333334,-2.25448848810804,-0.01620866137144121,-0.0000005600266306643623,0.000004112294720534084,-0.0000003307666596499053,0.00000003264900825210256
0.24,-2.2360548034077654,-0.017688447844886164,-0.0000006294825557506195,0.000004443822505146641,-0.0000003658521415187835,0.000000036173522094496786
0.24666666666666667,-2.2176800921811064,-0.01929027956989685,-0.0016266862688057314,-0.0015512691326947264,-0.0005590801775564961,-0.0005858286781132685
0.25333333333333335,-2.199451421535452,-0.021010297661966385,-0.0012290286694131049,-0.001110333619407389,-0.0004139153447964111,-0.0004572044382948852
0.26,-2.1814817453001596,-0.022849737833876928,-0.0009610931857179288,-0.0008438775182775993,-0.0003278836616579127,-0.0003714722595999238
0.26666666666666666,-2.1635113467409863,-0.024824463650788164,-0.0008663184759775579,-0.0007536517515718375,-0.00030248611877731847,-0.0003452568364292064
0.2733333333333333,-2.145747459856212,-0.026980748547538798,-0.0008193527186494097,-0.0007090954607991798,-0.0002924302773721291,-0.00033493768933395374
0.28,-2.128207233559252,-0.029300455728808097,-0.0007941350681077868,-0.0006864073582304826,-0.00028958345230424955,-0.0003316552516014351
0.2866666666666667,-2.1107722611589836,-0.03177358534321711,-0.0007814177230951961,-0.0006746541950230511,-0.0002901176590454641,-0.00033226102485240224
0.29333333333333333,-2.0934765060611094,-0.03444514327064915,-0.0007756673683969444,-0.0006690176924633203,-0.00029233823966151763,-0.00033469041167860067
0.3,-2.0763770013820535,-0.037328663406491235,-0.0007759225143205261,-0.0006680559428627902,-0.00029574518646390154,-0.0003389395434940711
0.30666666666666664,-2.059468084065718,-0.04042220234564303,-0.0007811191914098096,-0.000670690678109994,-0.00030026874653409004,-0.0003447166868675696
0.31333333333333335,-2.042730380161246,-0.043784976594682196,-0.0007880013212022637,-0.0006752144821093643,-0.0003048445831664782,-0.00035036320319043975
0.32,-2.026106888395051,-0.047360401808863244,-0.0007962988903684304,-0.0006820388099581586,-0.00031008328505207527,-0.00035616206401453937
0.32666666666666666,-2.009621765459695,-0.05124125458670353,-0.000806465573866503,-0.0006902170865344382,-0.00031554767177399847,-0.0003623586619916602
0.3333333333333333,-1.9933059214183402,-0.05546243356873455,-0.0008185634035783968,-0.0006991171962253634,-0.0003208954198515939,-0.0003689767038674572
0.34,-1.9771595954485481,-0.05989909079755819,-0.0008317247729762984,-0.0007093506903385615,-0.0003265032668637022,-0.00037574121782455925
0.3466666666666667,-1.9612099844485913,-0.06494607985865418,-0.0008447561051594567,-0.0007207427158286237,-0.0003319690513535604,-0.00038157688305027104
0.35333333333333333,-1.9454638171507619,-0.07027152092029719,-0.0008585768633835156,-0.0007321352488441308,-0.0003373863220129623,-0.00038767213014014707
0.36,-1.929829886345485,-0.07603679864295308,-0.000873577129918563,-0.0007442036896196711,-0.0003426603355336118,-0.0003939008068443883
0.36666666666666664,-1.9143476065338,-0.08227309022691945,-0.0008894921326023147,-0.0007569562961783234,-0.0003478009420445063,-0.00040012429315823046
0.37333333333333335,-1.8992719853362081,-0.08887430510131925,-0.0009051083992378823,-0.0007694949797483302,-0.00035296103166104856,-0.0004061464809567302
0.38,-1.8840839486801684,-0.09634406687363958,-0.0009219080630837343,-0.0007831605527201799,-0.0003578189842501114,-0.0004120040222377033
0.38666666666666666,-1.869222610100924,-0.10440451191652239,-0.0009385422143492712,-0.0007968158543987748,-0.00036251163141396656,-0.00041764674613938333
0.3933333333333333,-1.8546255166123193,-0.11307227364395958,-0.0009551037326874539,-0.0008105181367448066,-0.00036706777779532684,-0.0004230905541253058
0.4,-1.8400860253651175,-0.12266235048120491,-0.0009722292508823337,-0.0008247895756751497,-0.0003714652511279731,-0.00042832744777687487
0.4066666666666667,-1.8259093628979153,-0.13316982799619856,-0.0009896895161955934,-0.0008395654849097236,-0.00037553458684604855,-0.0004332778217171008
0.41333333333333333,-1.811865069151729,-0.1445038136020007,0.016326250658050646,0.013687653273753235,-0.005734141385531606,-0.00718815601762374
0.42,-1.797916347514594,-0.1567104340806323,0.05427170361200463,0.045566086790556466,-0.017536747765520833,-0.022027704649233693
0.4266666666666667,-1.7843636098170115,-0.17071523244742803,0.046389382175471075,0.04101279543664978,-0.018453879884734504,-0.021371169247067574
0.43333333333333335,-1.7710034099891838,-0.18594434234518734,0.04147949223089649,0.037570070140100796,-0.018527637773668972,-0.020701865037884525
0.44,-1.757812738008342,-0.20230313141672196,0.03897190477842508,0.03505061651293379,-0.017909941786942826,-0.020002955839559175
0.44666666666666666,-1.7449086798589548,-0.22145418166918207,0.03685703991081268,0.033160443069408005,-0.016996124898331248,-0.018940512291707214
0.4533333333333333,-1.732283004229997,-0.24232185573609658,0.03453317709922324,0.031087087076647854,-0.015911680793949484,-0.017701909080064332
0.46,-1.7199239392686074,-0.2648335634170111,0.03200915415804572,0.028838294703532448,-0.014663824720196571,-0.016294595399497167
0.4666666666666667,-1.7078312045030701,-0.2915916406510834,0.029024502074833907,0.026164032076644663,-0.01320556191268847,-0.014669252745025113
0.47333333333333333,-1.695921893027971,-0.3205059443284591,0.025901624515806975,0.023361062300254715,-0.011702388791066833,-0.012997960470037586
0.48,-1.6844623689848162,-0.3543600326090875,0.022520803595814196,0.02031683936253166,-0.010134340721728249,-0.011261149960515991
0.4866666666666667,-1.6734543534886006,-0.3929166169781115,0.01908628273898299,0.017217142677922074,-0.008590148976781786,-0.009554895361851865
0.49333333333333335,-1.6628594570726756,-0.4357758682008987,0.01560262777678723,0.014066688895912331,-0.007067785174758665,-0.007876598660942837
0.5,-1.6527237762836073,-0.48935065917713594,0.012173303013002644,0.010957544641345605,-0.005625649932896623,-0.006290531679881434
0.5066666666666667,-1.6428388607379,-0.5487769168214605,0.008773646502277445,0.007870958403310813,-0.004227325339533165,-0.0047548288562878314
0.5133333333333333,-1.6339965427092218,-0.6297981172506186,0.005861694168862501,0.005225767164853219,-0.0030699714374845142,-0.003484451777561087
0.52,-1.6257491291535078,-0.7231413574374823,0.003228025057713555,0.002832435206034929,-0.0020501150258625117,-0.0023654691438007415
0.5266666666666666,-1.6178342196476552,-0.8270345211366009,0.000999617986403712,0.0008146263140886901,-0.0011951312352168012,-0.0014233196269957172
0.5333333333333333,-1.6110483623550675,-0.9667510514872308,0.0001473204789430155,0.00007194519866392571,-0.0008999896410729642,-0.0010816254194125608
0.54,-1.6042625050624797,-1.1064675818378609,-0.0007049770285176809,-0.0006707359167608389,-0.0006048480469291271,-0.0007399312118294043
0.5466666666666666,-1.5965214484604717,-1.2115384650460381,-0.0013077052433384333,-0.0011943906686439003,-0.0004004287499380544,-0.0005004171933249269
0.5533333333333333,-1.5865452127129063,-1.2355380710731858,-0.0013264379791226722,-0.0012055208036354911,-0.00040830084033917455,-0.000500006182397329
0.56,-1.5764785380336443,-1.2496794369834718,-0.0013445413067344086,-0.0012182862679219549,-0.00041601841030017495,-0.00049989352260164
0.5666666666666667,-1.5662083831060454,-1.2416405635928052,-0.0013612285170961503,-0.0012347310902546995,-0.00042338832182537756,-0.0005004521286123223
0.5733333333333334,-1.5560057246962908,-1.2214118474383782,-0.001377780144692026,-0.001253977192961141,-0.0004312591241428346,-0.0005009861945996165
0.58,-1.5459165255806082,-1.1806924304451387,-0.0013941038623838848,-0.0012779321503440105,-0.00043997190642475095,-0.0005014790096628775
0.5866666666666667,-1.5363854378656325,-1.1206899474251175,-0.0014089368839787116,-0.0013044492384421688,-0.0004497467701394674,-0.0005014635182186034
0.5933333333333334,-1.5276790717546755,-1.032192864359574,-0.0014215671029167742,-0.0013347523888758031,-0.00046109107232425797,-0.0005006969018955038
0.6,-1.5191565667765277,-0.9359412781511571,-0.001434022935228111,-0.001361067940323372,-0.00047053590053557044,-0.0005000705533803092
0.6066666666666667,-1.5119647075256135,-0.7835685514046028,-0.0014452166910135726,-0.0013585243116296195,-0.00046623379437210795,-0.0005004593555737237
0.6133333333333333,-1.5047728482746994,-0.6311958246580509,-0.0014564104467990342,-0.0013559806829358673,-0.0004619316882086455,-0.0005008481577671381
0.62,-1.4960111233195805,-0.5168095248360489,-0.001471839897665397,-0.001356882696044729,-0.0004575219992820747,-0.0005016933889466013
0.6266666666666667,-1.4844415013687093,-0.4703665998869088,-0.0014948454077199642,-0.001363947661334843,-0.00045291988541334646,-0.0005033549992438881
0.6333333333333333,-1.4718763521875629,-0.43387922122212547,-0.0015195017002821768,-0.0013754649247541269,-0.0004503141245582002,-0.0005050433748852247
0.64,-1.4586505569251385,-0.403993560404682,-0.0015451050662262952,-0.001390129660859753,-0.0004487495035566111,-0.0005064937924518703
0.6466666666666666,-1.4447127982702381,-0.38119387641369973,-0.0015708688404018436,-0.0014093042628563958,-0.00044666265689789536,-0.0005062055286911314
0.6533333333333333,-1.4302649213518623,-0.3614722505916994,-0.0015987715735159397,-0.0014294432310250455,-0.00044497607918941737,-0.0005062292666737289
0.66,-1.4153176187723226,-0.3443428968701342,-0.0016277457376538166,-0.0014505527632239512,-0.0004435674557349069,-0.0005059020709935896
0.6666666666666666,-1.3998047966562719,-0.32975230470748795,-0.0016571573910055847,-0.0014729799411197723,-0.00044234376802538953,-0.00050466901585699
0.6733333333333333,-1.383797651938294,-0.3169663361306041,-0.0016885677470339598,-0.0014993023790658892,-0.00044085329454998765,-0.0005035329705587524
0.68,-1.3673197144405242,-0.30565253868268455,-0.0017214687535562464,-0.0015273715131535511,-0.00043914558280797093,-0.0005026050563880816
0.6866666666666666,-1.3503716712180371,-0.2959653042544351,-0.0017557626647653375,-0.0015548739317140078,-0.00043692364653787996,-0.0005005981926316811
0.6933333333333334,-1.332986787463891,-0.287319849292627,-0.0017912337106166416,-0.0015833359246880915,-0.0004342929073653053,-0.0004982138905187819
0.7,-1.3151804156592874,-0.2791369166366446,-0.0018280817558897443,-0.0016142298441079992,-0.00043143514471334697,-0.0004958691129733502
0.7066666666666667,-1.2969213449523906,-0.271811256691722,-0.0018667203345781658,-0.0016467468065289607,-0.000428244482561606,-0.0004927535049003889
0.7133333333333334,-1.278239113299185,-0.2660332568955764,-0.0019063629155570887,-0.0016804107744916729,-0.0004243824918549711,-0.0004887501011654669
0.72,-1.2591020686705048,-0.26010712823991966,-0.0019469513205713023,-0.001715229212813534,-0.0004199590911275437,-0.00048325912685063545
0.7266666666666667,-1.2394971475426513,-0.254959942060913,-0.0019905880104430463,-0.0017514760710693454,-0.0004160411120093529,-0.00047862318257502564
0.7333333333333333,-1.2195415181491753,-0.2505022305410405,-0.0020347055781490676,-0.0017898778187358116,-0.00041160922958303467,-0.00047224842135202655
0.74,-1.1990540795454998,-0.24610077724870277,-0.0020804110632961993,-0.0018287790790470452,-0.0004042295201477115,-0.0004660529773902422
0.7466666666666667,-1.1781697307606913,-0.2421924534853377,-0.002127630854940425,-0.0018690405625878133,-0.00039821024186922194,-0.0004588562541638725
0.7533333333333333,-1.1569355296587773,-0.23918704449395142,-0.0021771824616417927,-0.0019100722010376655,-0.0003905823237516418,-0.00045111292652592514
0.76,-1.1351341643128627,-0.23598358739911646,-0.002228983325198474,-0.0019536942791900493,-0.00038209824935930397,-0.00044208359265241555
0.7666666666666667,-1.1129835179295025,-0.23330238809378195,-0.0022808496919724326,-0.0019993817339370567,-0.0003735739672849147,-0.00043196293383561396
0.7733333333333333,-1.0905165165273867,-0.230614391191394,-0.0023346977215824402,-0.002045450184544398,-0.000363871183846791,-0.00042147092703294993
0.78,-1.067433170714722,-0.22853404821790002,-0.0023909312208865133,-0.0020936999872372027,-0.0003533824425885455,-0.00040969084750645595
0.7866666666666666,-1.043988543526184,-0.2268795399197484,-0.0024480452636888817,-0.002143119042287857,-0.0003423814070611672,-0.0003963176343924496
0.7933333333333333,-1.020117144895461,-0.2253655253859269,-0.0025073442473021296,-0.002193552205661139,-0.0003299227448180111,-0.00038214204529363264
0.8,-0.9957103804106211,-0.2243826940418276,-0.0025692325501447152,-0.002246317894346919,-0.00031631070111552283,-0.0003669483862779464
0.8066666666666666,-0.9709289130817186,-0.22337283391185195,-0.002631602610513409,-0.0022997739230028957,-0.0003011346201467448,-0.0003506761551768837
0.8133333333333334,-0.945711275484146,-0.22214170597468375,-0.0026961529511267536,-0.0023546627959431673,-0.00028550514559046977,-0.00033293316049608153
0.82,-0.9199370356924474,-0.22182409919239424,-0.0027615447420561118,-0.0024110685930185463,-0.00026826117086121266,-0.0003134454964569753
0.8266666666666667,-0.8937682117261624,-0.22173911515748823,-0.002828879208733826,-0.002469235772251911,-0.00025056637655984393,-0.0002925186774338043
0.8333333333333334,-0.8672590875068115,-0.22165937930864898,-0.0028966439429798313,-0.0025268206305276196,-0.00023034063406814873,-0.0002706693358420882
0.84,-0.8400867113846069,-0.222039628382972,-0.0029673475303785136,-0.0025869811510778394,-0.00021001328682848135,-0.00024667806315954147
0.8466666666666667,-0.8125050127637878,-0.2223934423450637,-0.0030376050523531484,-0.0026476587101784497,-0.0001873229491521318,-0.00022156253483516578
0.8533333333333334,-0.7843271730997669,-0.2228184438910718,-0.0031088278661350224,-0.00270976614571909,-0.00016404702255268724,-0.00019452568240061697
0.86,-0.7557889049241938,-0.22392580895088848,-0.003181029054433306,-0.002771472749817196,-0.00013795345032955916,-0.00016619216879736726
0.8666666666666667,-0.726590499521714,-0.22554283227158903,-0.0032512559746301624,-0.0028313576377837924,-0.00011089514058821255,-0.0001359090788537499
0.8733333333333333,-0.6968886806041183,-0.2270555669973682,-0.003325075296413699,-0.002892805563881915,-0.00008294944623957233,-0.00010386924444101656
0.88,-0.666714629174274,-0.22904940353299555,-0.0033958122790144507,-0.00295270809615496,-0.000053122368417941686,-0.00007041222659053337
0.8866666666666667,-0.6359485674661312,-0.2315095090431421,-0.0034634253798552336,-0.0030103182012935067,-0.000021926328686724834,-0.00003390507926595722
0.8933333333333333,-0.6046185595270859,-0.23410838799849468,-0.0035286545723839918,-0.0030653414916826365,0.000011163518076779949,0.0000038061020539838512
0.9,-0.5725977108231015,-0.23702143233418504,-0.0035914585171453756,-0.003118052533759948,0.00004537734919798457,0.000042533784337366134
0.9066666666666666,-0.5401311286850419,-0.24082812483142874,-0.0036484662341370075,-0.0031643271651455233,0.0000802186073899787,0.00008232737964565161
0.9133333333333333,-0.5069322714480908,-0.2445778607744443,-0.0036988457224516225,-0.003205709189885999,0.00011705945182988501,0.00012364058960166982
0.92,-0.47305387543117694,-0.2497728707094925,-0.0037384802659014478,-0.0032363897114089943,0.00015475627072290165,0.00016659712410720508
0.9266666666666666,-0.4384743094726357,-0.2548802143537242,-0.0037693846087174672,-0.0032579183923242324,0.00019290188369610245,0.00020771356523097988
0.9333333333333333,-0.4031953750447484,-0.2613393738890725,-0.0037806935496512858,-0.00326552699366549,0.00023107402524068948,0.00025234131932447106
0.94,-0.36725035137867107,-0.2681014935529418,-0.0037780304028374435,-0.0032554453912388517,0.00026805298995989554,0.00029291659444678975
0.9466666666666667,-0.3303323163650709,-0.27645332759666824,-0.0037444085838217083,-0.0032214004244012022,0.0003038968667602557,0.0003332256452530486
0.9533333333333334,-0.29262948298369207,-0.28465232058431317,-0.0036784663144264957,-0.0031565766922422404,0.00033716649697511055,0.00037082025915279927
0.96,-0.2539868758440398,-0.2959867469024811,-0.003572504473322194,-0.003054577975323537,0.00036580151058801183,0.00040235946955249853
0.9666666666666667,-0.21444080642880403,-0.30724818716076435,-0.0034105001622541336,-0.0029042637576209332,0.0003884842297122329,0.00042704307344235316
0.9733333333333334,-0.17374756991288823,-0.3210056759213364,-0.003187447620707555,-0.0026970392033598715,0.0003985457901332835,0.0004359509219734704
0.98,-0.13205297291776036,-0.3371757230913432,-0.0028621958827774316,-0.0024041463178779278,0.0004015111335987636,0.00043590232258294674
0.9866666666666667,-0.08915512041933132,-0.3559361641037431,-0.0024296314153505767,-0.0020152464290644893,0.0003834922722535941,0.0004086777599736039
0.9933333333333333,-0.0448450194982334,-0.33654517840518927,-0.0018546119665679137,-0.0016113571289137372,0.00021766390669079993,0.000251683633905664
1,0.00000000000000037470027081099033,0.0000000000000521249710061511,0.00000000000000008700722434196173,0.00000000000000008315830662963819,0.000000000000000003550762114890027,0.00000000000000000323227772672241
1.0066666666666666,0.04484501949823208,0.3365451784052781,0.001854611966568143,0.0016113571289139515,-0.0002176639066908869,-0.0002516836339054815
1.0133333333333334,0.08915512041933162,0.35593783321366623,0.0024296314153503104,0.0020152464290648644,-0.0003834922722539743,-0.0004086777599740523
1.02,0.1320529729177604,0.3371773922012664,0.0028621958827773734,0.0024041463178778796,-0.0004015111335989597,-0.0004359023225827645
1.0266666666666666,0.17374756991288806,0.32100734503125966,0.0031874476207076857,0.002697039203359726,-0.00039854579013331076,-0.0004359509219734654
1.0333333333333334,0.2144408064288039,0.30724985627068757,0.003410500162254669,0.0029042637576210907,-0.0003884842297127152,-0.000427043073442024
1.04,0.25398687584403945,0.2959884160124045,0.0035725044733217115,0.003054577975324184,-0.0003658015105878546,-0.0004023594695525936
1.0466666666666666,0.29262948298369157,0.28465398969423633,0.0036784663144263595,0.0031565766922416138,-0.0003371664969750326,-0.0003708202591528543
1.0533333333333332,0.3303323163650698,0.2764549967065915,0.003744408583821943,0.0032214004244011463,-0.0003038968667600943,-0.00033322564525261304
1.06,0.3672503513786715,0.26810316266286477,0.0037780304028371104,0.003255445391241321,-0.0002680529899570395,-0.00029291659444920606
1.0666666666666667,0.4031953750447484,0.2613410429989954,0.0037806935496557128,0.003265526993659693,-0.0002310740252417863,-0.00025234131932410454
1.0733333333333333,0.4384743094726349,0.2548818834636474,0.0037693846087174924,0.0032579183923240533,-0.00019290188369626868,-0.00020771356523101856
1.08,0.4730538754311771,0.24977453981941564,0.0037384802659010887,0.0032363897114088143,-0.00015475627072281226,-0.00016659712410714493
1.0866666666666667,0.5069322714480914,0.2445795298843674,0.0036988457224513167,0.003205709189886296,-0.0001170594518297929,-0.00012364058960183074
1.0933333333333333,0.540131128685042,0.24082979394135187,0.003648466234137458,0.0031643271651452362,-0.00008021860739276855,-0.00008232737964479139
1.1,0.5725977108231017,0.23702310144410813,0.003591458517145739,0.003118052533758989,-0.00004537734919706019,-0.00004253378433759451
1.1066666666666667,0.6046185595270859,0.2341100571084178,0.0035286545723833235,0.0030653414916815853,-0.00001116351807602639,-0.0000038061020543444103
1.1133333333333333,0.6359485674661308,0.23151117815306524,0.0034634253798553234,0.003010318201295421,0.000021926328686599456,0.0000339050792663276
1.12,0.6667146291742749,0.2290510726429186,0.003395812279015504,0.0029527080961529607,0.00005312236841673498,0.00007041222659196423
1.1266666666666667,0.6968886806041183,0.22705723610729123,0.0033250752964149614,0.002892805563882464,0.00008294944624214176,0.00010386924444151326
1.1333333333333333,0.726590499521714,0.2255445013815121,0.0032512559746292738,0.002831357637782731,0.00011089514058823803,0.00013590907885391323
1.14,0.7557889049241938,0.22392747806081156,0.0031810290544329028,0.002771472749817353,0.00013795345032997558,0.00016619216879743914
1.1466666666666667,0.7843271730997665,0.22282011300099486,0.0031088278661367103,0.002709766145718305,0.00016404702255285657,0.00019452568239918585
1.1533333333333333,0.8125050127637881,0.22239511145498672,0.003037605052353567,0.0026476587101783087,0.00018732294915223694,0.00022156253483517118
1.16,0.8400867113846066,0.2220412974928951,0.002967347530378496,0.002586981151077306,0.00021001328682869428,0.00024667806315929996
1.1666666666666667,0.867259087506812,0.2216610484185721,0.002896643942979479,0.0025268206305278534,0.00023034063406833686,0.0002706693358422001
1.1733333333333333,0.8937682117261624,0.22174078426741128,0.002828879208734309,0.0024692357722516764,0.00025056637656011124,0.0002925186774340683
1.18,0.9199370356924473,0.2218257683023172,0.0027615447420552067,0.002411068593017809,0.0002682611708627483,0.000313445496455991
1.1866666666666668,0.9457112754841468,0.22214337508460666,0.0026961529511263394,0.002354662795943297,0.0002855051455908183,0.00033293316049563327
1.1933333333333334,0.9709289130817186,0.22337450302177483,0.0026316026105132136,0.0022997739230025396,0.0003011346201462547,0.00035067615517661436
1.2,0.9957103804106211,0.22438436315175048,0.002569232550143969,0.0022463178943456824,0.0003163107011149858,0.00036694838627813933
1.2066666666666668,1.0201171448954616,0.2253671944958498,0.002507344247302531,0.0021935522056617278,0.00032992274481806634,0.0003821420452936439
1.2133333333333334,1.0439885435261846,0.22688120902967127,0.0024480452636847817,0.0021431190422933786,0.0003423814070571,0.0003963176343919093
1.22,1.067433170714722,0.22853571732782285,0.002390931220886825,0.0020936999872379135,0.0003533824425887013,0.0004096908475068497
1.2266666666666666,1.090516516527386,0.23061606030131673,0.0023346977215815074,0.0020454501845466565,0.0003638711838480055,0.00042147092703324315
1.2333333333333334,1.1129835179295027,0.23330405720370478,0.002280849691970411,0.0019993817339358858,0.00037357396728544335,0.00043196293383498946
1.24,1.1351341643128625,0.23598525650903926,0.002228983325200767,0.0019536942791899656,0.0003820982493572006,0.00044208359265108437
1.2466666666666666,1.156935529658777,0.2391887136038742,0.0021771824616420824,0.0019100722010374814,0.0003905823237520492,0.00045111292652630407
1.2533333333333334,1.178169730760692,0.2421941225952606,0.002127630854939997,0.0018690405625882852,0.00039821024186884486,0.0004588562541638614
1.26,1.1990540795455005,0.2461024463586256,0.002080411063294706,0.0018287790790515682,0.0004042295201480366,0.0004660529773910284
1.2666666666666666,1.2195415181491753,0.2505038996509632,0.0020347055781452174,0.0017898778187341003,0.0004116092295814161,0.00047224842135382903
1.2733333333333334,1.2394971475426513,0.2549616111708359,0.0019905880104449667,0.0017514760710689301,0.0004160411120060405,0.00047862318257474435
1.28,1.2591020686705041,0.26010879734984227,0.0019469513205716445,0.001715229212808616,0.0004199590911272424,0.00048325912685090737
1.2866666666666666,1.2782391132991848,0.266034926005499,0.001906362915554542,0.0016804107744915527,0.0004243824918531845,0.0004887501011648055
1.2933333333333332,1.2969213449523902,0.27181292580164446,0.0018667203345758478,0.0016467468065323476,0.000428244482557634,0.0004927535048986883
1.3,1.3151804156592877,0.2791385857465672,0.0018280817558870713,0.001614229844109753,0.0004314351447125592,0.0004958691129729459
1.3066666666666666,1.3329867874638914,0.2873215184025497,0.0017912337106144184,0.0015833359246871612,0.00043429290736885407,0.000498213890518174
1.3133333333333332,1.350371671218037,0.2959669733643577,0.001755762664764936,0.0015548739317136255,0.00043692364654136713,0.0005005981926306652
1.32,1.367319714440524,0.3056542077926072,0.0017214687535570725,0.0015273715131546048,0.00043914558280890134,0.0005026050563875054
1.3266666666666667,1.3837976519382937,0.3169680052405265,0.0016885677470335051,0.0014993023790659818,0.0004408532945501305,0.0005035329705586437
1.3333333333333333,1.399804796656272,0.3297539738174104,0.0016571573910017898,0.0014729799411211685,0.00044234376802463,0.0005046690158573071
1.34,1.4153176187723235,0.3443445659800572,0.0016277457376546198,0.0014505527632231536,0.00044356745573397006,0.0005059020709950236
1.3466666666666667,1.4302649213518628,0.3614739197016222,0.0015987715735172915,0.0014294432310248714,0.00044497607918880425,0.0005062292666746821
1.3533333333333333,1.4447127982702381,0.3811955455236221,0.0015708688404028166,0.0014093042628576633,0.0004466626568971125,0.0005062055286905273
1.36,1.4586505569251387,0.40399522951460465,0.0015451050662304191,0.001390129660860582,0.000448749503553936,0.0005064937924492279
1.3666666666666667,1.4718763521875624,0.43388089033204785,0.0015195017002844194,0.001375464924754213,0.00045031412455574614,0.0005050433748833337
1.3733333333333333,1.484441501368709,0.4703682689968313,0.0014948454077204673,0.0013639476613346204,0.0004529198854117234,0.0005033549992430918
1.38,1.49601112331958,0.5168111939459702,0.0014718398976657234,0.0013568826960450545,0.0004575219992818231,0.0005016933889467884
1.3866666666666667,1.5047728482746991,0.6311974937679717,0.001456410446798583,0.0013559806829371794,0.00046193168820886214,0.0005008481577673793
1.3933333333333333,1.511964707525613,0.7835702205145245,0.001445216691012009,0.0013585243116321646,0.00046623379437228776,0.0005004593555734992
1.4,1.5191565667765272,0.9359429472610774,0.0014340229352254347,0.0013610679403271498,0.00047053590053571334,0.0005000705533796191
1.4066666666666667,1.5276790717546753,1.032194533469498,0.0014215671029130233,0.0013347523888766692,0.0004610910723245709,0.0005006969018943036
1.4133333333333333,1.5363854378656323,1.12069161653504,0.0014089368839738917,0.0013044492384395518,0.00044974677013997913,0.0005014635182168868
1.42,1.545916525580608,1.1806940995550608,0.0013941038623807925,0.0012779321503409349,0.00043997190642473176,0.0005014790096612513
1.4266666666666667,1.5560057246962913,1.2214135165483018,0.0013777801446925528,0.0012539771929596525,0.0004312591241417902,0.0005009861945984913
1.4333333333333333,1.5662083831060458,1.2416422327027274,0.0013612285170976166,0.001234731090254097,0.0004233883218236521,0.0005004521286117232
1.44,1.5764785380336448,1.249681106093394,0.0013445413067352198,0.00121828626792182,0.00041601841029797267,0.0004998935226015819
1.4466666666666668,1.5865452127129067,1.2355397401831074,0.0013264379791226983,0.0012055208036348777,0.00040830084033681517,0.000500006182397164
1.4533333333333334,1.596521448460472,1.21154013415596,0.0013077052433376178,0.0011943906686423885,0.0004004287499356803,0.0005004171933243668
1.46,1.6042625050624795,1.1064688515835712,0.0007049770285169081,0.0006707359167599887,0.0006048480469269609,0.0007399312118287892
1.4666666666666666,1.6110483623550669,0.9667517512012431,-0.00014732047894333296,-0.00007194519866341744,0.000899989641071089,0.0010816254194120222
1.4733333333333334,1.6178342196476545,0.8270346508189104,-0.0009996179864036026,-0.0008146263140868483,0.001195131235215227,0.0014233196269952666
1.48,1.6257491291535073,0.7231413574375796,-0.003228025057713218,-0.0028324352060345153,0.0020501150258617424,0.0023654691438008465
1.4866666666666666,1.6339965427092213,0.6297981172507168,-0.005861694168861957,-0.005225767164855011,0.0030699714374846834,0.0034844517775618694
1.4933333333333334,1.6428388607379,0.5487769168215566,-0.008773646502277013,-0.00787095840331352,0.0042273253395337905,0.004754828856288878
1.5,1.6527237762836071,0.48935065917723397,-0.01217330301300244,-0.010957544641346557,0.005625649932896677,0.006290531679881827
1.5066666666666666,1.6628594570726754,0.43577586820099734,-0.015602627776786823,-0.014066688895912652,0.007067785174758376,0.007876598660942714
1.5133333333333334,1.673454353488601,0.3929166169782086,-0.01908628273898167,-0.017217142677923878,0.008590148976781606,0.00955489536185152
1.52,1.6844623689848166,0.35436003260918497,-0.022520803595812957,-0.020316839362533257,0.010134340721727947,0.011261149960515655
1.5266666666666666,1.6959218930279716,0.3205059443285565,-0.0259016245158071,-0.023361062300254417,0.011702388791066234,0.012997960470037597
1.5333333333333334,1.7078312045030708,0.2915916406511801,-0.029024502074834403,-0.02616403207664411,0.013205561912688192,0.014669252745025212
1.54,1.7199239392686076,0.2648335634171081,-0.032009154158046074,-0.028838294703532087,0.014663824720196707,0.016294595399497222
1.5466666666666666,1.7322830042299968,0.24232185573619397,-0.03453317709922312,-0.03108708707664774,0.01591168079394955,0.017701909080064644
1.5533333333333332,1.7449086798589546,0.22145418166927966,-0.036857039910812704,-0.033160443069407144,0.016996124898331428,0.018940512291707318
1.56,1.757812738008342,0.20230313141681905,-0.03897190477842591,-0.03505061651293119,0.017909941786943332,0.02000295583955861
1.5666666666666667,1.771003409989184,0.18594434234528476,-0.04147949223089705,-0.037570070140100026,0.018527637773669073,0.020701865037884144
1.5733333333333333,1.7843636098170117,0.17071523244752562,-0.046389382175471394,-0.04101279543664891,0.018453879884733727,0.021371169247067043
1.58,1.797916347514595,0.1567104340807295,-0.054271703612005076,-0.045566086790553004,0.017536747765518595,0.022027704649232545
1.5866666666666667,1.8118650691517293,0.14450381360209813,-0.016326250658050705,-0.013687653273752279,0.005734141385530788,0.007188156017623393
1.5933333333333333,1.8259093628979153,0.13316982799629612,0.0009896895161944324,0.0008395654849087991,0.00037553458684595764,0.00043327782171728783
1.6,1.840086025365118,0.12266235048130229,0.0009722292508799082,0.0008247895756732575,0.00037146525112796166,0.0004283274477772069
1.6066666666666667,1.8546255166123191,0.11307227364405718,0.0009551037326875469,0.0008105181367421195,0.0003670677777955927,0.0004230905541256052
1.6133333333333333,1.8692226101009237,0.10440451191661992,0.0009385422143496662,0.0007968158543976843,0.00036251163141404885,0.0004176467461394469
1.62,1.8840839486801686,0.09634406687373685,0.0009219080630837734,0.000783160552720792,0.00035781898425022265,0.0004120040222378062
1.6266666666666667,1.899271985336208,0.0888743051014166,0.0009051083992376604,0.0007694949797497309,0.0003529610316615187,0.0004061464809572422
1.6333333333333333,1.9143476065337999,0.08227309022701695,0.0008894921326029385,0.0007569562961794545,0.0003478009420442416,0.00040012429315847196
1.64,1.9298298863454848,0.07603679864305064,0.0008735771299186367,0.0007442036896206047,0.00034266033553367756,0.0003939008068447586
1.6466666666666667,1.9454638171507626,0.07027152092039457,0.0008585768633835276,0.0007321352488446912,0.00033738632201313866,0.00038767213014048073
1.6533333333333333,1.9612099844485917,0.06494607985875162,0.0008447561051599197,0.000720742715828779,0.0003319690513534159,0.00038157688305041844
1.66,1.9771595954485477,0.05989909079765575,0.0008317247729764339,0.0007093506903387401,0.0003265032668633046,0.0003757412178247975
1.6666666666666667,1.9933059214183397,0.05546243356883198,0.0008185634035785125,0.000699117196225627,0.0003208954198516579,0.0003689767038672249
1.6733333333333333,2.009621765459695,0.051241254586800934,0.000806465573866479,0.000690217086534234,0.00031554767177406563,0.00036235866199152807
1.68,2.026106888395051,0.0473604018089607,0.0007962988903683398,0.0006820388099579288,0.00031008328505209397,0.00035616206401450863
1.6866666666666668,2.042730380161246,0.04378497659477958,0.0007880013212022473,0.0006752144821097515,0.0003048445831665666,0.0003503632031903856
1.6933333333333334,2.0594680840657182,0.04042220234574042,0.0007811191914099469,0.0006706906781110148,0.0003002687465342522,0.000344716686867467
1.7,2.0763770013820544,0.03732866340658862,0.0007759225143207124,0.0006680559428630671,0.00029574518646369137,0.000338939543493789
1.7066666666666668,2.0934765060611094,0.03444514327074651,0.0007756673683968974,0.0006690176924633787,0.0002923382396615651,0.0003346904116785672
1.7133333333333334,2.110772261158983,0.03177358534331445,0.0007814177230945677,0.0006746541950233026,0.00029011765904556096,0.00033226102485251076
1.72,2.128207233559252,0.029300455728905484,0.000794135068107457,0.0006864073582305621,0.0002895834523042806,0.00033165525160150003
1.7266666666666666,2.1457474598562114,0.026980748547636237,0.0008193527186494172,0.000709095460799167,0.0002924302773721341,0.0003349376893339417
1.7333333333333334,2.1635113467409868,0.024824463650885528,0.0008663184759774294,0.0007536517515720028,0.0003024861187773269,0.00034525683642918015
1.74,2.18148174530016,0.022849737833974287,0.0009610931857176935,0.0008438775182778198,0.0003278836616579102,0.0003714722595999146
1.7466666666666666,2.199451421535452,0.02101029766206377,0.0012290286694132038,0.0011103336194074219,0.0004139153447964536,0.0004572044382948749
1.7533333333333334,2.2176800921811073,0.019290279569994215,0.0016266862688057919,0.0015512691326950293,0.0005590801775565715,0.0005858286781132649
1.76,2.2360548034077654,0.017688447844983534,0.0000006294825557212022,-0.000004443822505174308,0.00000036585214149762486,-0.00000003617352208351026
1.7666666666666666,2.2544884881080396,0.01620866137153861,0.0000005600266306680172,-0.00000411229472054351,0.0000003307666596540195,-0.00000003264900824785373
1.7733333333333334,2.2732077333136385,0.014844524412543013,0.0000005369335548041718,-0.0000037223284870120453,0.0000003003230803009008,-0.00000005677864297494859
1.78,2.2920489614296806,0.01355640562225286,0.00000047654864396930635,-0.000003413524854563438,0.00000033395639196376694,-0.000000024772520238639316
1.7866666666666666,2.310972376049215,0.012378276771482667,0.00000043758994298920154,-0.0000031575806287892976,0.00000030410115400270403,-0.00000002101448212715153
1.7933333333333332,2.3301125791698007,0.011274910081271019,0.00000040333607518145427,-0.000002859341713091864,0.0000002630851717571666,-0.00000003283203561681896
1.8,2.3493899791045663,0.01026065249532294,0.0000003534817171838943,-0.0000026395831069553714,0.00000025244929105252847,-0.00000003439654205819276
1.8066666666666666,2.3687880637274636,0.009311406884846454,0.0000002987577070575325,-0.000002449970452124196,0.00000025198719194891433,-0.00000003325122262811214
1.8133333333333332,2.3883128591935736,0.00843031484276999,0.0000002529595237738816,-0.000002227122318747607,0.00000023983571284460765,-0.0000000217949556330858
1.82,2.4079954445598077,0.007620972141094114,0.0000002470377485891924,-0.0000019726441000462864,0.00000021512330268171564,-0.0000000273546607671142
1.8266666666666667,2.427905607142093,0.0068785634534082605,0.0000002501622596100551,-0.0000017475451971938316,0.00000018555290005287924,-0.00000003513378331337017
1.8333333333333333,2.4480005920772805,0.006189817328811651,0.00000022643320711519472,-0.0000015821342049302978,0.00000018177821522717936,-0.00000003222276726026436
1.84,2.468203049626429,0.005554868295571533,0.00000017765269550526022,-0.0000014236586873899225,0.00000016906228544831321,-0.00000001772932906081582
1.8466666666666667,2.488538973776374,0.004968821936694837,0.00000015437239904427642,-0.00000128648148147524,0.00000015597699663843145,-0.000000013353421562617277
1.8533333333333333,2.5090423685806935,0.0044238855914313525,0.0000001381152138753166,-0.0000011416382029423543,0.00000015457253966108477,-0.000000017203207049265046
1.86,2.529710249839879,0.003927112998383166,0.00000012645376216000406,-0.0000010029299869517208,0.00000014507995563527092,-0.00000001209350687866214
1.8666666666666667,2.5504423503138383,0.0034729172249497106,0.00000010307676618607529,-0.0000008915222619880881,0.0000001286674621472058,-0.000000012779392065308286
1.8733333333333333,2.571439122802372,0.0030514448446139998,0.00000009619157944031397,-0.0000007690326180303624,0.00000011714456365585221,-0.000000011644041281851626
1.88,2.5925690114552635,0.002670275365953498,0.00000009056701355171879,-0.0000006530514923265766,0.00000010645804684548998,-0.000000013864449706430754
1.8866666666666667,2.613759648216154,0.00232460993020485,0.0000000719078900506499,-0.0000005645892115841684,0.00000009300365665777725,-0.000000017472374210148202
1.8933333333333333,2.6351734438246437,0.0020079744569280362,0.00000006206300569760825,-0.0000004929363027373406,0.00000008681714349900527,-0.00000001189330262482004
1.9,2.656816737726727,0.0017244800624855853,0.00000004410927147265191,-0.0000004306211583897979,0.00000008156342361499053,-0.000000007983832169278239
1.9066666666666667,2.678555586052588,0.001468096558367604,0.00000004768101793565542,-0.0000003467313646393384,0.00000007154749534876531,-0.000000008921349197916851
1.9133333333333333,2.7004898517446887,0.001236157340980105,0.000000041619919415343633,-0.00000028811493987924347,0.00000006477274957050054,-0.000000007448132131915967
1.92,2.7225740641045637,0.0010294709794155938,0.000000033447060449455866,-0.0000002387756659094695,0.000000058864219901250716,-0.000000007208481026446539
1.9266666666666667,2.7447926529040005,0.0008471763856013794,0.000000028975568100754426,-0.00000018629007267987672,0.000000049468185647682505,-0.000000006188142522797835
1.9333333333333333,2.767185825129257,0.0006852883185198706,0.000000014376925506613845,-0.000000161909211715949,0.000000044561284821939645,-0.000000005201240471823132
1.94,2.789723375260926,0.0005436324851850243,0.000000012468495177254017,-0.00000012008271695349303,0.000000038076740382571424,-0.0000000031450630010217463
1.9466666666666668,2.812418939420296,0.00042157418410476206,0.000000012090266075881253,-0.00000008653970051187304,0.0000000289165227640086,-0.0000000028058681085569934
1.9533333333333334,2.835344945301112,0.00031825639251478825,0.000000008056209004604838,-0.0000000662786114837815,0.00000002416292091598381,-0.0000000023482132728710128
1.96,2.858441016889292,0.00023156754341259591,0.000000003797788948915162,-0.000000050424542844000354,0.000000019770116632327795,-0.0000000021017420702597456
1.9666666666666666,2.881667003480077,0.00016046117427713068,0.000000003729673590658813,-0.00000003352798211065902,0.000000015117488297164194,-0.0000000017830989198225961
1.9733333333333334,2.9050832894250376,0.00010394371402964377,0.0000000030232739030707385,-0.00000002056262224899267,0.000000010497886962792817,-0.0000000014981692613276216
1.98,2.9286181336339365,0.00006085064159339724,0.0000000018147400057542053,-0.000000011830516444374316,0.000000006275286270364,-0.0000000009484529367114842
1.9866666666666666,2.9546826408986524,0.000029277825274342307,0.0000000008059242103970084,-0.000000007376702102658942,0.000000004164088179171252,-0.0000000005329371784009555
1.9933333333333334,3.001983364201579,0.000003962971165123032,0.00000000018029506168281787,-0.0000000011290839957358418,0.0000000006348021793553645,-0.00000000010096222073985271
