# n,energy,berry,bcd_x,bcd_y,qmd_x,qmd_y
0.00000125,0,0.00000020286988091638383,-0.000000000000000018066587829981442,-0.000000000000000002963382816277347,-0.0000000000000000018010881765219365,-0.000000000000000010882340989452717
0.006666666666666667,0,0.0011166914801183636,0.0000000000000000015576695949232507,-0.000000000000000011833789078627295,-0.000000000000000007893099289351315,-0.0000000000000000015568272944276912
0.013333333333333334,0,0.0023104122450675313,-0.000000000000000012838324448327156,0.000000000000000010402134545458771,0.000000000000000007107037140926594,-0.000000000000000008557598155589368
0.02,0,0.0035992709799978727,0.0000000000000000018307954199891254,-0.000000000000000007619147501663064,-0.0000000000000000051440272789319705,-0.000000000000000004036485680912771
0.02666666666666667,0,0.005004615619273063,0.0000000000000000010547966872241867,0.00000000000000006573242085939417,0.000000000000000042838436638995356,0.000000000000000020273589538165532
0.03333333333333333,0,0.006551615261504941,-0.00000000000000009773011316850615,-0.00000000000000008288047206621154,-0.00000000000000014162490296793023,-0.00000000000000004547240786075624
0.04,0,0.00826993152344364,0.00000000000000004867173883825203,0.000000000000000019742749542273295,0.000000000000000004993035550676161,0.000000000000000030012050357015674
0.04666666666666667,0,0.010194397532211671,-0.000000000000000016581991616863266,0.000000000000000032071055738243335,0.000000000000000024050868102849832,0.000000000000000027132953801722686
0.05333333333333334,0,0.012366368361703333,0.00000000000000008356013813946097,0.0000000000000000018265496029304153,-0.00000000000000012088184812504146,0.000000000000000054585716256648764
0.06,0,0.01483470103864673,-0.00000000000000005209723303643659,0.00000000000000010607003675821051,-0.00000000000000006510968442279222,0.00000000000000011234402084021095
0.06666666666666667,0,0.017658322115513443,0.00000000000000009677217917498227,0.00000000000000004550425121737584,-0.00000000000000009987096246841982,0.00000000000000023294688535537975
0.07333333333333333,0,0.020908738488449728,0.000000000000000028420481407070774,0.00000000000000014303477365841523,0.00000000000000015522578842024998,0.00000000000000019871108463278055
0.08,0,0.022676802853807482,0.00000000000000008944973574911775,-0.000000000000000268883482301268,0.00000000000000028700700572696757,0.00000000000000023245294578089215
0.08666666666666667,0,0.024077123202747346,-0.000000000000000283554194638164,-0.0000000000000000766274159435676,0.00000000000000017230851375118413,-0.0000000000000002672103753899644
0.09333333333333334,0,0.025639440081423274,0.00000000000000026596701486049814,-0.00000000000000006591949208711867,-0.00000000000000020320257400513242,0.0000000000000002433632103860996
0.1,0,0.027401080348743723,-0.00000000000000024314831854282346,-0.00000000000000007081086762765394,-0.0000000000000000003022470874319979,-0.000000000000000042431172341875955
0.10666666666666667,0,0.02939401556795405,0.00000000000000006654034584557989,0.00000000000000007702882584686674,0.0000000000000008677458927754154,0.0000000000000008933724604255823
0.11333333333333333,0,0.031656742624325315,0.0000000000000004293940264203251,-0.00000000000000005130806018641621,0.0000000000000006052872904293588,0.0000000000000020120491881661936
0.12,0,0.03423795644858098,0.00000000000000024920374735056983,0.00000000000000032316236500601075,0.0000000000000005561914315292454,0.0000000000000021734130897435336
0.12666666666666668,0,0.03719935580089024,0.000000000000000647181844371444,-0.000000000000000032522699050159446,0.0000000000000014989938209091666,0.000000000000003682439154172598
0.13333333333333333,0,0.04062350863837329,0.00000000000000024481859394136075,-0.00000000000000015578395131192432,0.0000000000000013157125526001035,0.0000000000000034357701383856098
0.14,0,0.04462930928306826,0.0000000000000007534009552811696,0.0000000000000011917012241852899,0.0000000000000006490486544764488,0.000000000000002222190566765319
0.14666666666666667,0,0.04937369856194085,-0.000000000000009768980357389984,-0.000000000000015995602215781413,0.0000000000000049942086101598924,0.000000000000002492472587249347
0.15333333333333332,0,0.05508953903463933,0.000000000000017483324830397783,0.000000000000027746537685906612,0.0000000000000058819835275247015,0.000000000000002163214348710244
0.16,0,0.06212915150160934,0.00000000000004271958630403577,0.00000000000006811909076740994,-0.0000000000000004353743642782201,0.000000000000005346275779395127
0.16666666666666666,0,0.07103205680881813,-0.0000000000000012603744405599615,-0.0000000000000035026205179902877,-0.0000000000000034864008052153553,0.000000000000009756004069236464
0.17333333333333334,0,0.08264787274153094,-0.000000000000003031447205899576,-0.00000000000000538578649632608,0.00000000000001198246258825723,-0.00000000000001714636704984629
0.18,0,0.1025382689819986,-0.0000000000000014165944965713898,-0.000000000000003761987116223724,0.00000000000003699964399070329,-0.000000000000015072933038318216
0.18666666666666668,0,0.11936846142123837,-0.0000000000000010317959958941776,-0.0000000000000024540534579159114,0.000000000000024131877663664925,-0.000000000000008812102237408716
0.19333333333333333,0,0.13122291300728015,-0.0000000000000014895890190605629,-0.0000000000000016012065978939868,0.000000000000002875469766789105,0.0000000000000024703521957643494
0.2,0,0.13786744033025028,-0.0000000000000010420930455526669,-0.0000000000000009260247222631042,0.00000000000003050133589407642,0.00000000000001475052631157276
0.20666666666666667,0,0.14040394104924073,-0.0000000000000012931232478077147,-0.0000000000000009305392825533697,-0.000000000000015486754912714777,0.000000000000002307301601394717
0.21333333333333335,0,0.13915314488215685,-0.0000000000000008324080715192759,-0.0000000000000010831426831854874,-0.000000000000025973372314717037,-0.000000000000023787388999005217
0.22,0,0.13421279888790807,-0.0000000000000005037620400033092,-0.0000000000000008170538507833192,-0.000000000000010858125376404969,0.0000000000000007107681449284636
0.22666666666666666,0,0.12557745984232788,0.0000000000000000056958666167937005,-0.000000000000000045857205210304036,-0.000000000000017353797737337308,0.000000000000010808201490513953
0.23333333333333334,0,0.11319379374658609,0.0000000000000008978840226354105,0.0000000000000003200369322394029,-0.000000000000010708834197243192,0.000000000000021728961058290955
0.24,0,0.09698645860756035,0.0000000000000007187496558439486,0.00000000000000039322203354399256,-0.00000000000005051598776105689,0.000000000000005325605752264831
0.24666666666666667,0,0.06901491831644127,0.00000000000002860107238579866,0.000000000000014158569287192119,0.0000000000000033534942991132328,0.00000000000004350588637595161
0.25333333333333335,0,0.03618308291015511,-0.0000000000000057879399759482604,-0.000000000000012143244551118277,0.00000000000019993985896692427,0.00000000000011314533659037914
0.26,0,0.007556127415492362,0.00000000000000007308175239979423,-0.000000000000010086116972684526,0.00000000000004898832814986792,0.00000000000007327245385544109
0.26666666666666666,0,-0.01766929559910498,0.000000000000007959826159421088,-0.000000000000007810886735698401,-0.00000000000011139926275720367,-0.00000000000002414670393206705
0.2733333333333333,0,-0.0400180090118203,-0.000000000000054661760073926695,-0.000000000000013679963112791946,-0.00000000000017601223638748265,-0.00000000000006268643524580863
0.28,0,-0.059859947621748115,-0.00000000000027867576031781516,-0.000000000000024570131588260145,-0.0000000000001749771312650619,0.0000000000001091410150760342
0.2866666666666667,0,-0.07658187114756802,-0.0000000000006383278771175073,-0.0000000000005908507658293486,0.000000000000007851821058402395,0.00000000000013701985488683422
0.29333333333333333,0,-0.09122779513704357,-0.00000000003745209413211644,-0.000000000035849364013909416,-0.000000000010994340966247364,-0.000000000005108752534343629
0.3,0,-0.10090724956723282,0.00000000012995568149653762,0.00000000020382231985866587,-0.00000000009089569604793801,-0.0000000001523509470512894
0.30666666666666664,0,-0.10265288536363872,0.0000000007363783481295102,0.0000000010211113336825032,-0.0000000002970343877992441,-0.0000000005763220033253429
0.31333333333333335,0,-0.08910209771263412,0.0000000002911216876256101,0.00000000040329861172832746,-0.0000000001167172670012583,-0.00000000022673386890513157
0.32,0,-0.07679567325004727,0.00000000000007670677505938005,0.00000000000020953093299668456,-0.00000000000013087955672054795,0.000000000000018263450448436107
0.32666666666666666,0,-0.0673689508457928,0.000000000000041193548769869765,0.00000000000003780690384189518,-0.00000000000005005741094104852,-0.000000000000024481392608198848
0.3333333333333333,0,-0.07134258954352327,0.000000000000020497296029167212,-0.00000000000001796988903195225,-0.000000000000042564670430625684,-0.000000000000036345680573314854
0.34,0,-0.08363735808408876,0.000000000000009001837195370308,-0.0000000000000017477260068674267,-0.00000000000008060678513029643,-0.000000000000029034283153558316
0.3466666666666667,0,-0.0982111428030829,0.000000000000002284306333373356,0.000000000000002547728981868487,-0.00000000000006310097508688983,-0.000000000000009368168865023605
0.35333333333333333,0,-0.11389096064716331,-0.000000000000002114440372501289,0.000000000000001055013493232326,-0.000000000000018637109467940355,0.000000000000016293833577912952
0.36,0,-0.12839445200504884,-0.000000000000001846057885343265,0.0000000000000022388007261096124,-0.000000000000007414083318739022,0.000000000000005665528522126554
0.36666666666666664,0,-0.1424068150931589,-0.0000000000000021142953558718176,0.0000000000000037715482131599565,-0.00000000000000558355484819548,0.00000000000001929918523744083
0.37333333333333335,0,-0.1558283215208493,-0.0000000000000038056352254437636,0.0000000000000050832827270925004,-0.000000000000010725465008984234,0.000000000000071396706570597
0.38,0,-0.16792819555301497,-0.00000000000001063681408803693,-0.000000000000007263754844426825,0.00000000000006378105724389527,0.00000000000014471519771693856
0.38666666666666666,0,-0.1786488822740123,-0.000000000000005554589846135598,-0.0000000000000028568726859285198,-0.00000000000003411854721870223,0.000000000000037568604771231956
0.3933333333333333,0,-0.1876010694589719,-0.0000000000000018877422671363065,0.0000000000000029303269263674144,-0.00000000000008004353115424465,-0.000000000000013911004237223793
0.4,0,-0.19421064353882364,-0.000000000000003614942315213151,0.000000000000002530660494582727,-0.00000000000001884275273335811,0.000000000000031259516769869107
0.4066666666666667,0,-0.1977270048876539,-0.0000000000000022281833674484957,0.0000000000000010096453550318779,-0.00000000000002094413648162647,-0.00000000000003013075309487669
0.41333333333333333,0,-0.19705785968980333,-0.000000000000004373798056664252,0.0000000000000011071732954507758,0.000000000000009484580929069701,-0.000000000000017062009078744357
0.42,0,-0.1901170383947195,-0.000000000000009670011376485548,0.0000000000000016859058809170746,0.00000000000001081988500233775,0.00000000000000426313174256234
0.4266666666666667,0,-0.17563881186321373,-0.0000000000000068155227071192246,0.000000000000002959464615451723,-0.000000000000021739785898378356,0.000000000000013127024654550864
0.43333333333333335,0,-0.1511822530761338,-0.000000000000002460289931728044,0.000000000000005222669865701984,-0.000000000000019749187223556263,-0.000000000000025291643665724274
0.44,0,-0.11347643978160067,-0.0000000000000014926362113705823,0.0000000000000010896415966145717,-0.000000000000006883355448305123,-0.000000000000022200245911165963
0.44666666666666666,0,-0.056504168671899425,-0.0000000000000016225358574780106,0.00000000000000038738389903563064,-0.0000000000000013322676295501878,-0.000000000000009388049070857572
0.4533333333333333,0,0.02509498592103323,0.0000000000000016369829876215708,0.000000000000008091564746601405,0.0000000000000030986759719765612,-0.000000000000014439288004314212
0.46,0,0.13138139864881596,0.000000000000010336467838167478,0.00000000000001531377858479046,0.0000000000000183638097663307,0.00000000000001001775431137145
0.4666666666666667,0,0.2600298181016253,0.0000000000000056284765492725,0.000000000000009856994221116434,-0.00000000000001838188821091016,-0.000000000000004255698079810955
0.47333333333333333,0,0.39016903800276964,0.000000000000000026653517748238263,0.00000000000000355494331065164,-0.00000000000005859497497292362,-0.00000000000002111118345145092
0.48,0,0.5577892897527819,-0.0000000000000016124656435754887,-0.0000000000000009568533883124166,-0.00000000000004267010168335846,-0.000000000000027641875451324366
0.4866666666666667,0,0.7401467538918314,-0.0000000000000016934844621584235,-0.000000000000004764737861710356,-0.000000000000004672275767962006,-0.00000000000003011294941810388
0.49333333333333335,0,0.9225042180308796,-0.0000000000000017745032807413578,-0.000000000000008572622335108264,0.00000000000003332555014743413,-0.000000000000032584023384883374
0.5,0,0.9497417798916469,-0.000000000000016302377268894377,-0.000000000000014025206597565042,0.00000000000001561203221261549,-0.0000000000000445492763751865
0.5066666666666667,0,0.953725122449389,-0.000000000000018493022708013205,-0.00000000000001483691549376404,-0.000000000000015509035169799778,-0.00000000000004963673859770236
0.5133333333333333,0,0.9158565452693761,0.000000000000006351594263187073,-0.000000000000005668068754392507,-0.00000000000007244461572880042,-0.000000000000039580584109359386
0.52,0,0.852997943709503,0.00000000000000042016933053042455,-0.000000000000007934691382126745,-0.00000000000004873529036538347,-0.000000000000025933917356826774
0.5266666666666666,0,0.7740025233075827,-0.000000000000009260683296504685,-0.00000000000001151596984435885,-0.000000000000024367611608844228,-0.000000000000014155732974862253
0.5333333333333333,0,0.6746996800964966,-0.000000000000012962949646740714,-0.000000000000012724873142395105,-0.00000000000003328327343186161,-0.000000000000007506764835662853
0.54,0,0.5519572112298516,-0.0000000000000038982712086508995,-0.0000000000000032769414505791987,-0.000000000000030973564983905535,-0.00000000000003023503363799819
0.5466666666666666,0,0.49946126558729786,0.0000000000000023937610441497664,0.000000000000004777227918171867,-0.000000000000007077245849436392,-0.0000000000000451468903932339
0.5533333333333333,0,0.5526175153992102,0.0000000000000030530743426520073,0.000000000000006680364702839292,0.00000000000002234360863371942,-0.000000000000028746612455738294
0.56,0,0.6040060764949486,0.000000000000006093410238107373,0.000000000000003361414903890907,-0.000000000000008221087208407628,0.000000000000019091950533616597
0.5666666666666667,0,0.6529786775084496,0.0000000000000020737535700896568,-0.00000000000000181282399855743,0.000000000000001186619886952984,-0.000000000000026578191183861284
0.5733333333333334,0,0.6994690894481075,0.0000000000000027389467117856457,-0.0000000000000024197207727123236,-0.000000000000008321313030932212,-0.00000000000002690867271602488
0.58,0,0.7433664874162185,0.000000000000005157062471075526,-0.0000000000000057302106797252275,-0.000000000000052111137212639125,-0.000000000000012529579143122813
0.5866666666666667,0,0.7840592895585197,0.000000000000008063524350897623,-0.000000000000016375127314573658,-0.00000000000014602618670439064,0.000000000000002584022631952093
0.5933333333333334,0,0.8171434519962154,0.0000000000000021102342633696647,-0.000000000000013174495709642724,-0.00000000000009226034518216475,-0.00000000000007908019752231862
0.6,0,0.8458447945287763,-0.000000000000004032429466742272,-0.0000000000000071030079136541084,-0.000000000000017499793520313913,-0.00000000000015960806321258273
0.6066666666666667,0,0.854286006668282,0.0000000000000010674723516363093,-0.0000000000000003483507180356686,-0.000000000000003692080618427225,-0.00000000000009461144216558761
0.6133333333333333,0,0.8576215380903895,0.000000000000006077481136433707,0.000000000000005763017025323845,0.000000000000007770449514568712,-0.000000000000034267009980281346
0.62,0,0.8000112117702832,0.000000000000010014448276072943,0.0000000000000041955208493563706,-0.000000000000008761167131971971,-0.000000000000029455161254055616
0.6266666666666667,0,0.7424008854501769,0.00000000000001395141541571218,0.0000000000000026280246733888968,-0.000000000000025292783778512656,-0.00000000000002464331252782988
0.6333333333333333,0,0.6892354197562528,0.000000000000017294158870461792,0.0000000000000012047568870048831,-0.00000000000004118620392352857,-0.000000000000020375189046203412
0.64,0,0.771827695740565,0.0000000000000024877470880014154,0.000000000000004186603704305931,-0.000000000000037587423281958335,-0.00000000000003271386553158706
0.6466666666666666,0,0.8544199717248757,-0.000000000000012318664694458715,0.00000000000000716845052160693,-0.000000000000033988642640388164,-0.0000000000000450525420169705
0.6533333333333333,0,1.0658839505452145,-0.00000000000000730206123039645,0.000000000000044839286530311804,-0.00000000000006780697994136881,-0.000000000000047160812686933926
0.66,0,1.2962301937839475,0.0000000000000006190077386413892,0.0000000000000875927485298622,-0.00000000000010710766828774887,-0.00000000000004777012568455222
0.6666666666666666,0,1.4997566724112241,-0.0000000000004526858907194517,0.0000000000017338416662352986,0.000000000003045904719705378,-0.0000000000010512479254299516
0.6733333333333333,0,1.6909897658176014,-0.0000000000011174031029546787,0.000000000004115085376868262,0.000000000007662178808974167,-0.0000000000025144109167534218
0.68,0,1.835412914311031,-0.00000000000039196946922890647,0.0000000000018063796635224397,0.000000000002335412952850034,-0.000000000000901119184309374
0.6866666666666666,0,1.9674643060371184,0.000000000000016109617645364576,0.00000000000033604415167719474,-0.000000000000528165214775206,-0.00000000000001107139622392444
0.6933333333333334,0,2.0869250979495506,-0.000000000000007299423107500678,0.00000000000007529361958439867,-0.00000000000009843440020036977,-0.00000000000009473766707633635
0.7,0,2.1993545600817166,-0.000000000000006880265398199839,0.00000000000004905434698216611,-0.00000000000006959634980047199,-0.000000000000050474612974167665
0.7066666666666667,0,2.310540871223729,0.000000000000001761888728000065,0.000000000000030491614310346707,-0.00000000000006425719146834337,0.0000000000000265882653472344
0.7133333333333334,0,2.422643572438419,0.00000000000000829377500233212,0.00000000000002342784221782381,-0.00000000000003282573177057974,0.000000000000022349960186327925
0.72,0,2.5380072500107165,0.000000000000007139247407360321,0.000000000000021697284631589684,-0.000000000000009689398198984094,-0.00000000000006342064974045855
0.7266666666666667,0,2.6593621335339486,0.0000000000000003873655990540137,0.000000000000009010477336025761,-0.00000000000009515089724680778,-0.00000000000008348995101046292
0.7333333333333333,0,2.7905512441893863,0.0000000000000023370493213679547,0.000000000000011837518733380976,0.00000000000005536468611582849,-0.000000000000010181843051458725
0.74,0,2.936245139277435,-0.0000000000000024949356149619046,0.0000000000000013559520862714614,-0.00000000000005898139466811511,-0.00000000000003888022271834729
0.7466666666666667,0,3.100320023637142,-0.000000000000004716916858819337,0.000000000000009086364311639025,-0.00000000000003656705086170837,-0.00000000000002292208031837632
0.7533333333333333,0,3.2890363960411078,0.00000000000002930508998407942,0.00000000000002978221815752947,-0.00000000000013525453802337611,-0.0000000000001435378259532997
0.76,0,3.5112059275766137,0.000000000000019961747457733052,0.00000000000002275311734972178,-0.0000000000000408723673082859,-0.00000000000009748616948373699
0.7666666666666667,0,3.638505460236367,0.0000000000000011132152360344669,0.00000000000000574846232669578,-0.00000000000004041000728511458,0.00000000000001462195340108344
0.7733333333333333,0,3.626506461907201,-0.0000000000000011949810543386162,0.0000000000000036860324686083516,-0.000000000000007001019867918887,-0.00000000000003825645581619314
0.78,0,3.590178716316818,-0.000000000000002817960313056324,-0.000000000000004068292973584132,0.000000000000010511255240992522,-0.00000000000002915601887687335
0.7866666666666666,0,3.5343378056891153,-0.000000000000004216360825102545,0.000000000000002728556355141194,-0.000000000000014430025861961758,-0.000000000000013574020662583588
0.7933333333333333,0,3.454369454584083,-0.0000000000000008802606171472965,0.00000000000000046426146763616795,0.000000000000003036460083289888,-0.000000000000019181481863132395
0.8,0,3.349366224134378,-0.00000000000000015628527080049669,-0.0000000000000023840444778251988,0.0000000000000040937036741953,-0.000000000000024107548762245162
0.8066666666666666,0,3.2127543667314455,-0.000000000000004323733141213316,0.0000000000000012655517643115087,-0.000000000000031725182274890116,-0.000000000000027400099280226523
0.8133333333333334,0,3.030316577622267,0.000000000000003242378550369452,-0.0000000000000024592585619983826,-0.000000000000006494782775097898,-0.0000000000000438206628382129
0.82,0,2.7334006009087393,-0.000000000000014323958399529744,-0.000000000000009621102146699786,-0.000000000000001207938810619572,-0.00000000000002376126492713306
0.8266666666666667,0,2.494669758818746,-0.000000000000008296016773030113,-0.0000000000000057873627220923555,0.000000000000002951515712164234,-0.00000000000001628015388763688
0.8333333333333334,0,2.3486048788140184,-0.000000000000006162894457063416,-0.000000000000011181126827851276,-0.000000000000005456860027537825,-0.00000000000001826599516852744
0.84,0,2.258865577600971,-0.0000000000000055654514999415614,-0.000000000000009786997584021283,-0.0000000000000007810353793414936,-0.000000000000009023756131451879
0.8466666666666667,0,2.2002656069528026,0.0000000000000008431485180923544,-0.000000000000005879039272633547,0.000000000000002968365167538427,-0.000000000000006379645141743389
0.8533333333333334,0,2.1609054347545054,-0.0000000000000009348188099419677,-0.000000000000005975388763971455,0.0000000000000003096030690448318,-0.0000000000000031112357147759836
0.86,0,2.135076087826015,0.0000000000000026442602362791897,-0.000000000000003354159826148851,0.00000000000000034024339407333176,-0.000000000000004241965731958279
0.8666666666666667,0,2.119423392533204,0.0000000000000013406379408191928,-0.00000000000000253677233409985,0.0000000000000011201474119856309,-0.0000000000000034984430759893025
0.8733333333333333,0,2.1127268349643855,-0.00000000000000011344583922142018,-0.000000000000003848417186370631,0.0000000000000009461131076902876,-0.000000000000003970850578465141
0.88,0,2.112051318554233,0.0000000000000011122886471931116,-0.000000000000001084623231322041,0.0000000000000013133360297206475,-0.0000000000000021638119269905193
0.8866666666666667,0,2.1167026331269883,0.000000000000003709359805442119,-0.0000000000000012347598638125498,-0.00000000000000006240497007208831,-0.0000000000000035515337754255373
0.8933333333333333,0,2.126655273477348,0.0000000000000007029364495461192,-0.00000000000000013202048840096591,-0.0000000000000002987932665702792,-0.000000000000001600169971881936
0.9,0,2.140646095786091,-0.0000000000000011893075206438738,0.0000000000000004869775252324753,0.0000000000000015631335563175803,0.000000000000002110337467159842
0.9066666666666666,0,2.1592959033380272,-0.0000000000000010083287100189642,-0.000000000000001896208002084252,0.0000000000000019954101679769056,-0.00000000000000008917679513181766
0.9133333333333333,0,2.18179358535748,0.0000000000000007521623864995094,-0.000000000000010644422179125709,0.000000000000009587721309822704,0.0000000000000005126484264326639
0.92,0,2.20892085190649,-0.000000000000000452381261333572,-0.0000000000000016226646670788528,0.0000000000000021846517430665057,0.0000000000000010588578991356534
0.9266666666666666,0,2.240174049279095,0.0000000000000006103402171519388,-0.000000000000004238650742328034,0.0000000000000020871063077385353,-0.0000000000000003464573708171042
0.9333333333333333,0,2.2766696017335843,-0.0000000000000020391230582039528,-0.0000000000000021464983624873794,0.0000000000000017725082965849308,0.00000000000000040681304951424987
0.94,0,2.2075207718485363,-0.0000000000000002763224155309956,-0.000000000000001067399981916857,0.0000000000000010185848814438389,0.0000000000000021094237467877974
0.9466666666666667,0,1.9328485854083224,-0.000000000000004005648723689771,-0.000000000000001559949686132598,0.0000000000000010861145877830853,0.000000000000003625890183010763
0.9533333333333334,0,1.6693623247882357,0.00000000000000245002660563464,-0.0000000000000013298617673245271,-0.00000000000000009683496587444051,0.000000000000000723007079510339
0.96,0,1.415118633439247,-0.00000000000000032992269206530584,-0.000000000000001420838610002161,-0.000000000000000044902644021085164,-0.0000000000000001444199317541542
0.9666666666666667,0,1.1685125091169493,0.000000000000001283081236245423,-0.0000000000000005752026973666372,0.000000000000001337811210478894,-0.000000000000000011087161857412116
0.9733333333333334,0,0.9279791553992358,0.0000000000000031950461651592446,0.0000000000000018025149569398682,-0.00000000000000042088632772184987,-0.0000000000000011904146756903297
0.98,0,0.6920740604074234,0.00000000000000005983244401371022,0.0000000000000004181614531553484,0.0000000000000007171572594887436,-0.00000000000000011517718150981222
0.9866666666666667,0,0.4595377559040701,0.00000000000000018436916594629,-0.000000000000002139283545882563,0.0000000000000008250520465957495,-0.0000000000000014421877157704208
0.9933333333333333,0,0.2292206367208805,-0.0000000000000005205958904072733,-0.0000000000000026773837048433273,0.0000000000000019081848669575,0.0000000000000011687126773048389
1,0,-0.000000000000009985068327722502,-0.0000000000000005447031714567174,-0.00000000000000040592529337857286,0.0000000000000007667477763817487,0.00000000000000009020562075079397
1.0066666666666666,0,-0.22922063672089665,0.0000000000000015193878002699463,0.0000000000000017607926853215857,-0.000000000000002042546089222385,-0.0000000000000016158095924406477
1.0133333333333334,0,-0.45953775590409657,-0.00000000000000013667365459905804,0.0000000000000007380779178174952,-0.0000000000000015121278043391684,0.00000000000000020982010007206097
1.02,0,-0.6920740604074452,-0.00000000000000005916678907312602,0.0000000000000003709600600187178,-0.0000000000000013665051443394904,-0.00000000000000031628097746318613
1.0266666666666666,0,-0.927979155399257,-0.0000000000000012643762816118792,-0.00000000000000005543125765106959,0.00000000000000011865007173166353,0.0000000000000011102230246251565
1.0333333333333334,0,-1.1685125091169732,-0.000000000000001707079261041222,0.0000000000000004491120061135809,-0.0000000000000013021308519690782,-0.00000000000000009491234434173358
1.04,0,-1.4151186334392591,0.00000000000000032992269206556676,0.0000000000000016092062319113116,0.0000000000000001771419609038927,0.0000000000000001444199317538635
1.0466666666666666,0,-1.669362324788258,-0.0000000000000019612878885770617,0.000000000000001471505422797622,0.0000000000000000024058622257386314,-0.0000000000000006815240824759588
1.0533333333333332,0,-1.9328485854083413,0.000000000000004005648723689806,0.000000000000001754017569566153,-0.0000000000000010310457283039152,-0.000000000000003611901822264945
1.06,0,-2.2075207718485546,0.0000000000000003076906903416192,0.0000000000000007940735952682281,-0.00000000000000094738959280729,-0.000000000000002226173433199144
1.0666666666666667,0,-2.2766696017336048,0.000000000000002383332504764989,0.0000000000000020262577922590096,-0.0000000000000020279805190304597,-0.0000000000000004882562772716317
1.0733333333333333,0,-2.2401740492791156,0.0000000000000004887240879486483,0.000000000000003913394938607689,-0.000000000000002540122493208284,-0.0000000000000002019589097806677
1.08,0,-2.208920851906509,0.0000000000000019130617046074968,0.0000000000000011418713050671927,-0.0000000000000010487461556965932,-0.000000000000001786468582839352
1.0866666666666667,0,-2.1817935853575,-0.0000000000000003109487685031939,0.000000000000013199480833700952,-0.000000000000009085688654860307,-0.0000000000000004334734383800894
1.0933333333333333,0,-2.159295903338048,0.0000000000000019316684117938413,0.0000000000000025413936924331935,-0.0000000000000022623422981027643,-0.00000000000000013286780979322524
1.1,0,-2.140646095786111,0.0000000000000009608753544300821,0.0000000000000013944709155275511,-0.0000000000000021781668807825932,-0.0000000000000017943040565423134
1.1066666666666667,0,-2.126655273477368,-0.0000000000000009077245718247468,-0.00000000000000007662899940747798,0.00000000000000041367693456261115,0.0000000000000015388667723559537
1.1133333333333333,0,-2.1167026331270087,-0.000000000000004026825470311559,0.000000000000001115936940090958,0.00000000000000038767125620065805,0.000000000000003742375895314401
1.12,0,-2.112051318554253,-0.000000000000001345263019779399,0.0000000000000012487902350370225,-0.000000000000001236566997988312,0.0000000000000019547627122947906
1.1266666666666667,0,-2.1127268349644055,-0.00000000000000014811872803253018,0.0000000000000039484288605721746,-0.0000000000000008000933936133491,0.00000000000000395184435575313
1.1333333333333333,0,-2.1194233925332235,-0.0000000000000009644653664009808,0.0000000000000025947645821712264,-0.0000000000000012237264239277908,0.000000000000004095419706912487
1.14,0,-2.1350760878260346,-0.000000000000002425431360806382,0.000000000000003528477898745674,-0.00000000000000038573484305731107,0.000000000000004844431262708338
1.1466666666666667,0,-2.160905434754526,0.0000000000000006207803604024257,0.0000000000000068771232375120986,-0.0000000000000010247386075309149,0.000000000000003190460616706355
1.1533333333333333,0,-2.2002656069528213,-0.0000000000000012495036567173546,0.000000000000007099893131993443,-0.000000000000001858142142913266,0.000000000000005193953974668366
1.16,0,-2.2588655776009903,0.000000000000005152501661942464,0.00000000000001054210103265673,0.000000000000000870005013201875,0.000000000000008464006397583177
1.1666666666666667,0,-2.3486048788140423,0.0000000000000058046418511758635,0.000000000000010904084144350621,0.000000000000003957354597850818,0.000000000000018466837158789683
1.1733333333333333,0,-2.4946697588187625,0.000000000000007618076440411452,0.0000000000000013842866533199863,0.000000000000006455805081492044,0.00000000000001448018401254968
1.18,0,-2.733400600908755,0.000000000000014521885582975765,0.00000000000000862730687704282,0.0000000000000034391957648809612,0.000000000000022898035799397578
1.1866666666666668,0,-3.030316577622293,-0.0000000000000015278639955397603,0.0000000000000022701879199304677,0.000000000000010843278708949715,0.000000000000039725499913778444
1.1933333333333334,0,-3.2127543667314655,0.0000000000000028614333098594402,-0.000000000000004501621292631208,0.0000000000000383919946749433,0.000000000000028512547012196956
1.2,0,-3.3493662241343984,0.00000000000000034491490375372463,0.0000000000000027529199761381935,0.0000000000000013780720040534122,0.000000000000022460569371455836
1.2066666666666668,0,-3.454369454584105,0.0000000000000015955986324022508,0.00000000000000033438043943464434,-0.00000000000000015721558573197597,0.000000000000020556275092718014
1.2133333333333334,0,-3.5343378056891357,0.000000000000006669120525545417,-0.000000000000005293397499910787,0.00000000000002229321943864089,0.000000000000008460388173309902
1.22,0,-3.590178716316839,0.000000000000000811258874406606,0.000000000000002287097846126569,-0.000000000000008266308304078472,0.0000000000000304707687965816
1.2266666666666666,0,-3.62650646190722,0.00000000000000011912027359849532,-0.000000000000001961698051510278,0.000000000000005224663028518895,0.00000000000004058174242266833
1.2333333333333334,0,-3.6385054602363858,-0.0000000000000003170891125988614,-0.000000000000007122328632308353,0.000000000000041894562667059795,-0.000000000000010947831682612322
1.24,0,-3.511205927576629,-0.000000000000019386408515105272,-0.000000000000026752366130063208,0.00000000000004717032279920934,0.00000000000009608671411608735
1.2466666666666666,0,-3.289036396041126,-0.000000000000027245408478578685,-0.00000000000003064930765199168,0.00000000000013824378111323645,0.00000000000014975189614793876
1.2533333333333334,0,-3.1003200236371544,0.000000000000003746860746264684,-0.000000000000012606871389155685,0.000000000000039823781145610264,0.00000000000003175850248763007
1.26,0,-2.9362451392774545,-0.0000000000000025198890835191816,-0.000000000000005811224436804731,0.0000000000000755205459112307,0.00000000000003370341103516221
1.2666666666666666,0,-2.790551244189408,-0.000000000000002266350133939661,-0.000000000000009139497656349688,-0.00000000000004705475634010792,0.000000000000016736504254341855
1.2733333333333334,0,-2.659362133533968,-0.000000000000013379547351129333,-0.000000000000018010558592878288,0.00000000000010930987818947308,0.00000000000009628360012475215
1.28,0,-2.5380072500107347,-0.000000000000022363125275495627,-0.00000000000003830386703304504,0.00000000000004786283165231539,0.000000000000049074514826218714
1.2866666666666666,0,-2.4226435724384383,0.000000000000024766330628565943,-0.00000000000009770551102488115,0.00000000000007605863436624818,-0.00000000000004725460001081232
1.2933333333333332,0,-2.3105408712237514,-0.00000000000020615270025850488,-0.00000000000010885338394691296,0.0000000000001627806111498515,0.000000000000018698949945587238
1.3,0,-2.199354560081737,-0.0000000000007921892556369477,-0.0000000000010202430299200332,0.0000000000006852647374426418,0.0000000000003930043766037734
1.3066666666666666,0,-2.086925097949571,-0.0000000000016191035845456549,-0.0000000000046905555956419525,0.000000000002412194499762123,0.0000000000011951045691218704
1.3133333333333332,0,-1.9674643060368613,0.000000000013984504212534609,-0.00000000009301014945605968,-0.000000000005593937446718326,0.000000000051553673317241614
1.32,0,-1.8354129143117186,-0.0000000007990950205710344,-0.0000000009872633353840176,0.0000000005439666597894673,0.0000000002538673855636629
1.3266666666666667,0,-1.6909897658201802,-0.0000000022172801293223033,-0.0000000024529436892222415,0.0000000015002323526783838,0.0000000005583192102145212
1.3333333333333333,0,-1.4997566724122946,-0.0000000009032821516356978,-0.0000000009979499816973926,0.0000000006096989458871218,0.00000000022645613343511093
1.34,0,-1.2962301937839735,-0.0000000000019335273940053686,-0.00000000000023470186620468545,-0.0000000000008020144024091788,-0.0000000000009333878656219205
1.3466666666666667,0,-1.0658839505452393,-0.0000000000008380334003708182,-0.00000000000013721178658575903,-0.0000000000003724487390882844,-0.00000000000039902036671068017
1.3533333333333333,0,-0.8544199717248978,0.00000000000011028047207245228,-0.000000000000049066252748242816,0.000000000000005216413582093417,0.00000000000006529668275139027
1.36,0,-0.7718276957405857,0.00000000000005408808291193419,-0.000000000000024697366689610082,0.000000000000028659898904322374,0.000000000000051518494009378506
1.3666666666666667,0,-0.6892354197562764,-0.0000000000000021043062485820426,-0.0000000000000003284806309781568,0.000000000000052103384226550556,0.00000000000003774030526736721
1.3733333333333333,0,-0.742400885450196,-0.0000000000000060036433519048215,-0.0000000000000022738346728197968,0.00000000000003142090432565609,0.00000000000003702111192530969
1.38,0,-0.8000112117703014,-0.000000000000008190847318371027,-0.000000000000005080746429784762,0.000000000000009293690864906297,0.00000000000003672948472978086
1.3866666666666667,0,-0.8576215380904089,-0.000000000000010378051284837307,-0.00000000000000788765818674982,-0.000000000000012833522595844215,0.00000000000003643785753425202
1.3933333333333333,0,-0.8542860066683036,-0.0000000000000026876196052468308,-0.0000000000000003452499590803032,-0.0000000000000009274645333904006,0.00000000000009638779900498669
1.4,0,-0.845844794528798,0.000000000000005830301516938666,0.00000000000000806416261377799,0.000000000000013829698175109315,0.00000000000016138442005198175
1.4066666666666667,0,-0.8171434519962366,-0.000000000000001369640694259664,0.00000000000001485248651324007,0.00000000000008164987352115862,0.00000000000008620679025145477
1.4133333333333333,0,-0.7840592895585415,-0.000000000000008584100284057899,0.000000000000018342952581239325,0.0000000000001315086967413237,0.000000000000008269890410519586
1.42,0,-0.7433664874162415,-0.000000000000004805699840289277,0.000000000000006517285807713494,0.00000000000005437846460554694,0.000000000000015245398922092428
1.4266666666666667,0,-0.6994690894481286,-0.00000000000000161652007056803,0.000000000000001867957602830535,0.000000000000012034358248257709,0.000000000000026128936878781466
1.4333333333333333,0,-0.6529786775084712,-0.0000000000000010439391801604716,0.00000000000000036487604884266675,-0.0000000000000033319884246161768,0.00000000000002392536290754171
1.44,0,-0.6040060764949718,-0.000000000000007714858756870468,-0.000000000000004018260211495632,0.000000000000004536275691503306,-0.000000000000026790730797445832
1.4466666666666668,0,-0.5526175153992317,-0.0000000000000023299388127461443,-0.0000000000000059981464857075985,-0.000000000000021464139747013245,0.000000000000012134067473933926
1.4533333333333334,0,-0.49946126558731924,-0.000000000000001945651652903973,-0.000000000000005055347126162177,0.000000000000010292872439454171,0.00000000000003543418518262635
1.46,0,-0.5519572112298766,0.0000000000000033840123958580763,0.0000000000000028660409324728827,0.00000000000003461391109752097,0.00000000000002669022267356485
1.4666666666666666,0,-0.6746996800965199,0.000000000000012140940265721874,0.000000000000013431026614727636,0.000000000000035869930998833915,0.000000000000004402463612686444
1.4733333333333334,0,-0.7740025233076053,0.000000000000010705367599303829,0.000000000000013846587123427597,0.000000000000020229744580489966,0.000000000000004100237788177382
1.48,0,-0.8529979437095253,0.00000000000000041447846566516975,0.000000000000010524314477640411,0.0000000000000384355588319057,0.00000000000001706290070316559
1.4866666666666666,0,-0.9158565452693981,-0.000000000000007104993177585381,0.0000000000000073224408813754,0.0000000000000587472894490366,0.000000000000035786633636307284
1.4933333333333334,0,-0.953725122449413,0.000000000000018479046917758905,0.000000000000013385710499347165,0.000000000000009501709381119566,0.00000000000004939201912053661
1.5,0,-0.9497417798916684,0.000000000000018621551662064583,0.000000000000012676870615517659,-0.00000000000001378515208678669,0.00000000000004653160946701445
1.5066666666666666,0,-0.9225042180309027,0.000000000000007066502625764269,0.000000000000008796520498692218,-0.000000000000023994498498748474,0.00000000000003609132487654104
1.5133333333333334,0,-0.7401467538918507,0.000000000000005365107435522614,0.0000000000000050696548438771636,0.000000000000004524125642444987,0.00000000000003163528985447956
1.52,0,-0.557789289752805,0.0000000000000036637122452810145,0.0000000000000013427891890622322,0.000000000000033042749783637505,0.000000000000027179254832418232
1.5266666666666666,0,-0.3901690380027935,0.0000000000000006356726516343437,-0.0000000000000031673171633808915,0.000000000000043434093116508526,0.000000000000019054415121850184
1.5333333333333334,0,-0.26002981810164494,-0.000000000000005766410812965022,-0.000000000000009669433182114621,0.000000000000007722471290540192,0.0000000000000015987344254034777
1.54,0,-0.1313813986488362,-0.000000000000010973305009237262,-0.00000000000001488290787285286,-0.000000000000024259385505997153,-0.000000000000012821918610558571
1.5466666666666666,0,-0.025094985921055343,0.000000000000001747639819390975,-0.0000000000000007667626436653966,-0.0000000000000002947668610975087,0.000000000000018282843260732405
1.5533333333333332,0,0.05650416867187577,-0.0000000000000003680069144889073,0.0000000000000022625128007440355,-0.000000000000008960447346796288,0.000000000000015161208798908786
1.56,0,0.11347643978157904,-0.0000000000000012891067003437836,-0.000000000000002865998436014882,-0.000000000000006159746539576958,0.000000000000019852369756223617
1.5666666666666667,0,0.151182253076112,0.0000000000000028744845715561927,-0.0000000000000067695084576716945,0.000000000000011705035606138828,0.000000000000019031717543029622
1.5733333333333333,0,0.17563881186319144,0.000000000000005973775254771754,-0.0000000000000033272787232294484,0.000000000000007214146283745461,-0.000000000000009279381619399092
1.58,0,0.1901170383946975,0.000000000000010263517484640696,-0.0000000000000001397592290076868,-0.00000000000001883045149502954,-0.0000000000000007845378571132167
1.5866666666666667,0,0.1970578596897813,0.000000000000004243245326970628,-0.00000000000000238759552903652,0.000000000000007371339420576633,0.000000000000025264289294663503
1.5933333333333333,0,0.19772700488763184,0.000000000000005023468850321828,-0.0000000000000006320926014963192,0.000000000000022975809887600637,0.0000000000000237038422479611
1.6,0,0.1942106435388015,0.0000000000000031927011977505676,-0.0000000000000018053867853346156,0.000000000000012650516262720854,-0.00000000000002938371512490867
1.6066666666666667,0,0.18760106945894997,0.0000000000000009607807249166883,-0.000000000000002422271769611835,0.00000000000008239009347093727,0.000000000000020006939867742714
1.6133333333333333,0,0.1786488822739904,0.000000000000004577510391377296,0.0000000000000026976436604627296,0.00000000000003484715414724337,-0.00000000000003734293844380596
1.62,0,0.1679281955529926,0.000000000000009627846450769427,0.000000000000006656338605239218,-0.0000000000000749931917704773,-0.00000000000015046717813865855
1.6266666666666667,0,0.15582832152082726,0.000000000000004748432977488727,-0.000000000000004884535001129044,-0.0000000000000016747006241377427,-0.00000000000006594725084496156
1.6333333333333333,0,0.14240681509313693,0.000000000000002531445633556588,-0.000000000000003976340600852068,0.000000000000003393144795204711,-0.000000000000017872002161492288
1.64,0,0.12839445200502705,0.00000000000000193758886349404,-0.0000000000000028202422932675505,0.000000000000009891680712707937,-0.000000000000008166828489726708
1.6466666666666667,0,0.11389096064714133,0.000000000000002425393751971507,-0.0000000000000017797589206183066,0.00000000000002074679046995039,-0.000000000000021991198295035687
1.6533333333333333,0,0.09821114280306102,0.0000000000000025683133200324146,-0.000000000000001081041032320535,0.00000000000005479340757245999,0.0000000000000046871210763337825
1.66,0,0.08363735808406683,0.0000000000000040596333805921035,0.000000000000002086255979339838,0.00000000000006677878899206661,0.000000000000025709366985626013
1.6666666666666667,0,0.07134258954350084,0.000000000000008329375233145348,0.000000000000010340138222737078,0.00000000000003330629767974286,0.00000000000003507709492968932
1.6733333333333333,0,0.06736895084576985,0.000000000000018286241268682915,0.000000000000031584878370019955,0.00000000000007952036916425444,0.00000000000003859761217544621
1.68,0,0.07679567325002307,0.00000000000003740166138560446,0.00000000000007375011732270733,0.00000000000025406181164551073,0.00000000000003270177175384149
1.6866666666666668,0,0.08910209771249451,0.00000000000030679748957428895,0.0000000000017269449771937344,0.0000000000011018111055199602,0.00000000000030638620329491084
1.6933333333333334,0,0.10265288536331689,0.0000000000007215780320695938,0.000000000004283674763522719,0.0000000000022918940958802247,0.0000000000007643188104913839
1.7,0,0.10090724956704694,0.0000000000004533197396265263,0.000000000001883161508887832,0.0000000000007988672269423811,0.000000000000838458843366722
1.7066666666666668,0,0.09122779513695992,0.00000000000020076660551214419,0.0000000000006034159323423601,0.00000000000012461181387484892,0.0000000000004744177680446523
1.7133333333333334,0,0.07658187114754342,0.000000000000025894022862317814,0.00000000000009346217808767957,0.000000000000012383979992291172,0.0000000000000573722510174401
1.72,0,0.05985994762172583,-0.0000000000000002500109416912518,0.000000000000019817310485304985,0.0000000000002165779349716749,-0.0000000000000013974598440440805
1.7266666666666666,0,0.04001800901179771,0.0000000000000045157855594543125,0.000000000000010183285205274301,0.0000000000001927705171559975,0.00000000000006415919790927048
1.7333333333333334,0,0.017669295599081734,0.000000000000003015291328538506,0.000000000000004849084763634663,0.00000000000011435050107064192,-0.0000000000000042750054983383955
1.74,0,-0.007556127415515196,0.0000000000000030543863479438753,0.0000000000000031686200609454776,-0.0000000000000494211002330091,-0.00000000000009389340416101132
1.7466666666666666,0,-0.036183082910177425,0.000000000000005453385019781814,0.0000000000000028361712951405232,-0.00000000000019888886262853298,-0.00000000000011640900461297225
1.7533333333333334,0,-0.06901491831646475,-0.0000000000000011659898052875839,-0.0000000000000012669343327278363,-0.000000000000009919312827921707,-0.00000000000002863428090520272
1.76,0,-0.09698645860758362,-0.000000000000001803510395652723,-0.0000000000000011579750865388699,0.000000000000044470075406319626,-0.000000000000008745407883657867
1.7666666666666666,0,-0.1131937937466094,-0.0000000000000006264973725534877,-0.0000000000000004199815951383952,0.0000000000000033956406071473515,0.0000000000000008381986287337271
1.7733333333333334,0,-0.1255774598423513,-0.0000000000000007207675936126671,0.00000000000000034451236303575737,0.0000000000000202290688030652,-0.00000000000001608298977688638
1.78,0,-0.13421279888793147,0.00000000000000007267788255551689,0.0000000000000004291734625450899,0.000000000000012257021304215786,-0.000000000000005307126272703944
1.7866666666666666,0,-0.13915314488218022,0.0000000000000005365324019639951,0.0000000000000008498227207057213,0.000000000000025133550978240825,0.000000000000032532977407161735
1.7933333333333332,0,-0.1404039410492641,0.0000000000000007969729480553603,0.0000000000000010242531215020776,0.00000000000001293672805481871,0.000000000000006983474877173781
1.8,0,-0.13786744033027368,0.000000000000000784395052872151,0.0000000000000009794896126202904,-0.00000000000003159650789942662,-0.000000000000013614699725933522
1.8066666666666666,0,-0.13122291300730365,0.000000000000001417511851513735,0.000000000000001717680257674006,0.000000000000005781224108131413,0.0000000000000011160318830059708
1.8133333333333332,0,-0.11936846142126192,0.000000000000001108592125558903,0.0000000000000023062212112262184,-0.000000000000018511080580945963,0.000000000000008578948742519068
1.82,0,-0.10253826898202174,0.0000000000000016484177348608245,0.000000000000003596755106217338,-0.00000000000003622397523767949,0.000000000000012213161341565508
1.8266666666666667,0,-0.08264787274155443,0.0000000000000033863212698949142,0.000000000000005603923391729558,-0.000000000000011715826742736308,0.000000000000016732388879337446
1.8333333333333333,0,-0.07103205680884178,0.0000000000000008418053348817105,0.0000000000000036310828429968535,0.0000000000000022285689539880335,-0.000000000000010752866947324999
1.84,0,-0.062129151501632326,0.0000000000000006708765052778889,0.0000000000000016753803275104352,-0.00000000000000003281356580273853,-0.000000000000004512907943524966
1.8466666666666667,0,-0.05508953903466228,0.00000000000000019359006926809085,0.0000000000000011505301400333216,-0.0000000000000059931611544408526,-0.000000000000001847137708362478
1.8533333333333333,0,-0.04937369856196387,-0.00000000000000020624864603088505,0.0000000000000007472844466412484,-0.0000000000000052162532150849585,-0.0000000000000031859387586439293
1.86,0,-0.04462930928309118,0.00000000000000006370562154533158,0.00000000000000011430009058814515,-0.0000000000000004889651535817282,-0.000000000000002640127887245191
1.8666666666666667,0,-0.04062350863839627,0.00000000000000005298718425880677,0.00000000000000018012791166766883,-0.0000000000000006534413493685977,-0.000000000000003804265841410317
1.8733333333333333,0,-0.03719935580091322,-0.0000000000000006071341630091957,0.00000000000000003746240564802433,-0.0000000000000013253869973135044,-0.000000000000004152035954838143
1.88,0,-0.034237956448604,-0.0000000000000003063912509885852,0.000000000000000031204710119832295,-0.00000000000000011265044002393082,-0.0000000000000010022793178037837
1.8866666666666667,0,-0.03165674262434834,-0.00000000000000029888609782821073,0.000000000000000565389195957785,0.00000000000000043019130237383295,-0.0000000000000009751345776316525
1.8933333333333333,0,-0.029394015567977036,-0.0000000000000001568839340982492,-0.0000000000000001275268583516893,-0.0000000000000011052454234661968,-0.0000000000000011438847892646054
1.9,0,-0.027401080348766715,0.00000000000000023385818908346753,-0.00000000000000026637070198192107,-0.0000000000000006124842176868398,-0.000000000000000311413165766827
1.9066666666666667,0,-0.025639440081446266,-0.00000000000000021428384453669879,-0.00000000000000014689439891454581,0.00000000000000009390396045975944,-0.0000000000000008518815819396093
1.9133333333333333,0,-0.02407712320277038,0.00000000000000012925343990092745,-0.00000000000000014882768043522663,-0.00000000000000038009473778208035,-0.000000000000000014538312061987947
1.92,0,-0.022676802853830502,-0.00000000000000013032721417088537,0.0000000000000002588394874746317,-0.0000000000000004075294978925109,-0.0000000000000002434649054872715
1.9266666666666667,0,-0.020908738488472717,-0.000000000000000015872505182141393,-0.00000000000000015269509549890033,-0.0000000000000001634944939070383,-0.000000000000000209547779244354
1.9333333333333333,0,-0.017658322115536453,-0.00000000000000010470229587027023,-0.00000000000000003429043735469236,0.0000000000000001181475312884028,-0.00000000000000022222876647944674
1.94,0,-0.014834701038669813,0.00000000000000005973082645734836,-0.00000000000000011326893665187272,0.00000000000000005658299020185461,-0.00000000000000008534272413178373
1.9466666666666668,0,-0.012366368361726344,-0.00000000000000011680739979782278,-0.0000000000000000665314699243454,0.00000000000000012649881867136765,-0.00000000000000010667989260849488
1.9533333333333334,0,-0.010194397532234653,0.000000000000000009319937601930963,-0.000000000000000045243061863582594,-0.00000000000000002522717090697753,-0.000000000000000026035071184536187
1.96,0,-0.008269931523466681,-0.00000000000000006081480317009091,-0.00000000000000003860444400917442,-0.000000000000000010574299423458201,-0.000000000000000031963994637975184
1.9666666666666666,0,-0.006551615261527997,0.0000000000000000963638175253166,0.00000000000000008207259076832118,0.00000000000000014303854903269116,0.00000000000000004636921740564662
1.9733333333333334,0,-0.005004615619296107,-0.0000000000000000009855231634062073,-0.00000000000000006293270788507683,-0.000000000000000040066956201870336,-0.000000000000000020826604780643875
1.98,0,-0.003599270980020883,-0.0000000000000000017562235880838605,0.000000000000000006722732029879579,0.000000000000000005738280428259497,0.000000000000000004376612479790654
1.9866666666666666,0,-0.0023104122450905494,0.000000000000000013272005317321444,-0.000000000000000011103173357711244,-0.0000000000000000065850575352605144,0.000000000000000008749179835705966
1.9933333333333334,0,-0.0011166914801413476,-0.000000000000000002649925191535679,0.000000000000000012243069391648162,0.000000000000000008283388043085262,0.0000000000000000011475469814031693
