# n,energy,berry,bcd_x,bcd_y,qmd_x,qmd_y,stable
0.00000384375,0,-0.0000000000000006571732678498691,0.000000000000000000000000013748230878336862,0.00000000000000000000000000000006162975822039155,-0.00000000000000000000000000000013250398017384183,-0.000000000000000000000000010776185091965055,FmTmd
0.006666666666666667,0,-0.000003923314275257987,-0.000000000000000000007483619996570739,0.00000000000000000000026876792884245625,0.0000000000000000000032537478245959732,0.000000000000000000009446453819921795,FmTmd
0.013333333333333334,0,-0.00002982951324055144,-0.00000000000000000013149023108861867,-0.000000000000000000017587567628138177,0.0000000000000000000019225011533390198,0.000000000000000000052097569305544865,FmTmd
0.02,0,-0.00010083873931893635,-0.00000000000000000007090399533592207,0.00000000000000000008658410763730002,0.00000000000000000003275416441687563,0.000000000000000000007966777951972591,FmTmd
0.02666666666666667,0,-0.00024252925683024122,-0.00000000000000000007245778906569214,0.00000000000000000010842021724855044,-0.00000000000000000018165490736099883,0.0000000000000000001264014313399796,FmTmd
0.03333333333333333,0,-0.0004831984051288167,-0.0000000000000000004327409371635974,0.00000000000000000010199170890479049,0.00000000000000000010520596307667047,-0.0000000000000000008487245314036505,FmTmd
0.04,0,-0.0008541493734207431,0.0000000000000000010013832314886154,0.0000000000000000004767094693910637,-0.0000000000000000006076080549323821,-0.0000000000000000022166570172723504,FmTmd
0.04666666666666667,0,-0.001389879367288745,-0.0000000000000000014248541490589933,0.0000000000000000006248581607545543,-0.0000000000000000006088186965440865,0.00000000000000000037112695857337767,FmTmd
0.05333333333333334,0,-0.002128734048826999,-0.0000000000000000001509073501201388,-0.0000000000000000025734186555404446,0.0000000000000000006447879918063494,-0.0000000000000000032368399103228917,FmTmd
0.06,0,-0.0031127439520530326,0.0000000000000000025565375531592452,0.00000000000000000003416074560447385,0.0000000000000000025223768075547716,-0.0000000000000000021911781753739916,FmTmd
0.06666666666666667,0,-0.0043887448501547174,0.000000000000000011245798168052333,-0.0000000000000000016151057727891547,0.00000000000000000040377644319728867,-0.0000000000000000024077064462852756,FmTmd
0.07333333333333333,0,-0.006007734870639282,-0.000000000000000002813756882359098,0.000000000000000007457120414652352,-0.0000000000000000024804355174420423,-0.0000000000000000010656501450993812,FmTmd
0.08,0,-0.008026140150940133,-0.000000000000000002716796089580126,0,0,-0.0000000000000000014212470041021772,FmTmd
0.08666666666666667,0,-0.0105057405522667,0.00000000000000003728565161016924,0.0000000000000000059173683043849824,-0.00000000000000000013080470759257117,-0.000000000000000010800754978638556,FmTmd
0.09333333333333334,0,-0.013055488912033123,-0.00000000000000001350518261247905,0.0000000000000000046535296541111455,-0.000000000000000008503870647697441,0.00000000000000000941677738609397,FmTmd
0.1,0,-0.014918093554596086,-0.0000000000000001064208588958193,-0.000000000000000004248261272815661,-0.0000000000000000021241306364078304,0.000000000000000043439025570583734,FmTmd
0.10666666666666667,0,-0.016973903099906654,-0.000000000000000047031571927317826,-0.000000000000000005398208503874454,-0.0000000000000000046249610019781945,0.00000000000000003546481221955253,FmTmd
0.11333333333333333,0,-0.019237022793039772,-0.000000000000000053422279097010616,0,-0.000000000000000008305213765085059,0.00000000000000004479518153787133,FmTmd
0.12,0,-0.021720403884244215,-0.00000000000000009242942495916495,0.0000000000000000040415054533167894,-0.000000000000000008959646630565623,0.0000000000000000633266808590971,FmTmd
0.12666666666666668,0,-0.024441212481580467,-0.00000000000000005880019701998714,0.000000000000000019645165964135122,-0.000000000000000014418445390801663,0.00000000000000003084194304907374,FmTmd
0.13333333333333333,0,-0.027412607239373388,0.000000000000000016539818302361593,0.000000000000000013877787807814457,0.000000000000000000943304222538577,-0.000000000000000008034083095546152,FmTmd
0.14,0,-0.03065773832832337,0.00000000000000005220881937470953,0.000000000000000013877787807814457,0.00000000000000000594819434694274,-0.000000000000000022553403690276396,FmTmd
0.14666666666666667,0,-0.034189722277018664,0.000000000000000018515868699763795,0.000000000000000013220412661540773,-0.000000000000000001826009086269406,0.000000000000000011394403575271367,FmTmd
0.15333333333333332,0,-0.03803169277643949,-0.000000000000000027347037446968524,0.00000000000000000011672519104582601,0.00000000000000003093320958996796,0.00000000000000003104993478101379,FmTmd
0.16,0,-0.04222919446131983,-0.00000000000000007927111881534842,0,0.0000000000000000054672509677227694,0.00000000000000003122502256758253,FmTmd
0.16666666666666666,0,-0.04678818234703614,0.00000000000000033277667643590263,0.00000000000000004754781751803307,-0.000000000000000005445768832677587,-0.00000000000000012627712296090202,FmTmd
0.17333333333333334,0,-0.05172925580810435,0.0000000000000002567237215189338,0.0000000000000000015362901543372822,-0.000000000000000006938893903907228,-0.00000000000000007169337427057821,FmTmd
0.18,0,-0.05708779190957742,-0.00000000000000004392872071483951,-0.000000000000000042659391334032636,0.00000000000000002184270962231095,0.000000000000000018584817567158484,FmTmd
0.18666666666666668,0,-0.06288782946732935,0.00000000000000006428157316372508,-0.000000000000000038927733975436244,-0.000000000000000010909927933973204,-0.00000000000000003849068326571269,FmTmd
0.19333333333333333,0,-0.06916063079927623,0.0000000000000000671735851512155,-0.000000000000000041516703603527385,-0.000000000000000020991671441595663,-0.00000000000000005586113069100578,FmTmd
0.2,0,-0.07594293078144777,-0.00000000000000004038583572460352,-0.000000000000000007270148718689202,0.000000000000000005360111390285403,-0.00000000000000001923789919809986,FmTmd
0.20666666666666667,0,-0.08327015946090092,0.000000000000000038965418251655015,0.00000000000000006565232482706359,0.000000000000000012009480701810106,-0.000000000000000027755575615628914,FmTmd
0.21333333333333335,0,-0.09117645067711089,0.00000000000000007541670783604962,0.0000000000000000514926386999396,0.0000000000000000019157532397594487,-0.00000000000000004081574134241314,FmTmd
0.22,0,-0.09970831277592454,0.00000000000000010926030431634409,0.00000000000000002846037487409754,-0.000000000000000027226976171777443,-0.0000000000000001166396977567942,FmTmd
0.22666666666666666,0,-0.10903018237165855,-0.000000000000000009881672815154462,0.00000000000000007611716572669696,0.000000000000000008515616967672126,-0.00000000000000002728321490817029,FmTmd
0.23333333333333334,0,-0.11911237038855907,-0.00000000000000001773390791561331,0.0000000000000000030933852467619146,0.00000000000000002389945550783006,0.000000000000000021198049142240154,FmTmd
0.24,0,-0.12999085718865863,0.00000000000000007235774240404072,0.000000000000000003602799006863878,-0.000000000000000003602799006863878,-0.00000000000000009073902897043503,FmTmd
0.24666666666666667,0,-0.1417304802457743,0.0000000000000000888622721345745,0.00000000000000003884793249197782,-0.000000000000000005570861862931102,-0.0000000000000001596192432146229,FmTmd
0.25333333333333335,0,-0.15439137620714738,0.00000000000000001702165101350631,0.00000000000000004293569840849041,0.00000000000000003089943882132077,-0.00000000000000010538574354365547,FmTmd
0.26,0,-0.16802299952010163,0.000000000000000026491039129366233,0.000000000000000010116291890101453,0.00000000000000004100109518031203,-0.00000000000000005770803331168,FmTmd
0.26666666666666666,0,-0.1829666794201186,0.000000000000000004029108760004323,0.00000000000000018981173484499673,0.000000000000000029770129995631075,0.000000000000000026524205573427163,FmTmd
0.2733333333333333,0,-0.19918625882279026,-0.0000000000000003452532524986901,0.0000000000000001493597096621492,0.000000000000000009584351799908382,0.0000000000000000598045872391639,FmTmd
0.28,0,-0.2167136880714702,-0.0000000000000004654008867826782,0.00000000000000011102230246251565,-0.000000000000000012391009982854225,0.00000000000000007558444403049939,FmTmd
0.2866666666666667,0,-0.23561895911999844,-0.00000000000000039495485634056587,0.00000000000000011102230246251565,-0.000000000000000008625182450345683,0.0000000000000000800783279860062,FmTmd
0.29333333333333333,0,-0.25594090463239405,-0.0000000000000004167727440448434,0.00000000000000011014408284169631,0.00000000000000005485248651564333,0.00000000000000006905960668126503,FmTmd
0.3,0,-0.27860457752269424,-0.0000000000000005014204183406716,-0.00000000000000005915126574996018,-0.00000000000000007211902492809906,0.0000000000000000055738509593938426,FmTmd
0.30666666666666664,0,-0.3031417947898488,-0.0000000000000006860645149658624,-0.00000000000000011102230246251565,-0.00000000000000001002593447320737,-0.00000000000000004994791923256742,FmTmd
0.31333333333333335,0,-0.32962747175065205,-0.00000000000000023252678547089705,-0.00000000000000005247201143832342,0.00000000000000006131036771281465,-0.00000000000000021500488165131926,FmTmd
0.32,0,-0.07235027015693901,0.2611114113233595,-0.45225746629439556,5.350022913612835,-3.0888379171941858,TwinTmd
0.32666666666666666,0,-0.08597363840578781,0.2723727856976754,-0.47176347257107987,6.382358432346621,-3.684852335388591,TwinTmd
0.3333333333333333,0,-0.12645799806583496,0.4061692307771312,-0.703506628382579,7.767171836244561,-4.484378592379137,TwinTmd
0.34,0,-0.24715051041844294,1.2144084223971054,-2.1034196920210544,10.198426809516578,-5.888059080436364,TwinTmd
0.3466666666666667,0,-2.114672054596825,1.8477246060077945,-3.200342358556917,10.241418618302628,-5.912902440258081,TwinTmd
0.35333333333333333,0,-4.21124420100784,-1.1637323226408642,2.0156399348332426,5.277297049897955,-3.0468595570579193,TwinTmd
0.36,0,-0.04546183292786572,-2.6825113797149585,4.646237848892684,8.141524084024601,-4.700533855332942,TwinTmd
0.36666666666666664,0,0.14148483813180882,-0.7088533680889734,1.227770059794915,2.8959969180139584,-1.6720037375115102,TwinTmd
0.37333333333333335,0,0.2112329949509949,-0.30312596351593235,0.5250295027573673,1.052341399247871,-0.6075697410328889,TwinTmd
0.38,0,0.25066065618445477,-0.17402233625283625,0.3014155832468927,-0.04416907137432978,0.02550131944860823,TwinTmd
0.38666666666666666,0,0.2843595536752089,-0.11568008048941371,0.2003638547982921,-0.9124389098591227,0.5267970992363039,TwinTmd
0.3933333333333333,0,0.31598804932234753,-0.09427006670696284,0.1632805556460397,-1.5252679905753335,0.8806137697592179,TwinTmd
0.4,0,0.3473953632260122,-0.08878512746887128,0.1537803667291648,-1.9815378496241192,1.1440411417657823,TwinTmd
0.4066666666666667,0,-1.2128806459986698,-0.00000000000000007684058902136132,0.0000000000000002629064503957944,-0.00000000000000019274599340404188,0.0000000000000008375503703890323,FmTmd
0.41333333333333333,0,1.5187796836558072,0.0000000000000034949379837683352,-0.000000000000001787242979858746,-0.00000000000007975946209834923,-0.00000000000010524165985381304,One2Tmd
0.42,0,1.6807264797833243,-0.0000000000000006819317859851669,0.00000000000000020678379539994152,-0.00000000000016056227780951335,-0.00000000000022001768262058812,One2Tmd
0.4266666666666667,0,1.8892581997038806,0.0000000000000019605029120653886,-0.0000000000000021033034457823996,-0.00000000000013946638677682932,-0.00000000000013389065642103517,One2Tmd
0.43333333333333335,0,2.097789919624435,0.000000000000004602937610115922,-0.0000000000000044133906869647216,-0.0000000000001183704957441455,-0.000000000000047763630221482966,One2Tmd
0.44,0,2.2825750386447328,0.0000000000000050068931797468946,-0.000000000000009469887615463669,-0.00000000000009372668456532745,-0.000000000000015265312475519765,One2Tmd
0.44666666666666666,0,2.4538803425766442,0.000000000000003576652234554589,-0.000000000000014236503167795668,-0.00000000000004235130435804868,-0.000000000000003974021761591356,One2Tmd
0.4533333333333333,0,2.6205713412330787,-0.0000000000000015918307485314955,-0.000000000000008698842828774865,0.00000000000015460481503312463,0.00000000000005103340427268198,One2Tmd
0.46,0,2.715303171351079,0.0000000000000012587494545011152,-0.000000000000010067609869686296,0.000000000000037475310017862847,0.000000000000028410592241012992,One2Tmd
0.4666666666666667,0,2.803498162749276,0.000000000000003880737928495863,-0.00000000000001105701450003581,-0.000000000000010720669991784599,0.000000000000031724979979727766,One2Tmd
0.47333333333333333,0,2.8914577214869497,0.000000000000006973037358041392,-0.00000000000000964519646739327,0.000000000000017525169700221876,0.00000000000006622094848998391,One2Tmd
0.48,0,2.9868112252070698,0.000000000000015070400288886846,-0.00000000000000008341683628853394,0.00000000000006042396480193502,0.00000000000012720959694784116,One2Tmd
0.4866666666666667,0,3.0905286630790236,0.000000000000004914930954761599,-0.00000000000000920311497340482,-0.000000000000008112288985270289,0.00000000000006261964378717639,One2Tmd
0.49333333333333335,0,3.2011106153914204,0.000000000000003090521950246426,-0.000000000000010561181262044803,-0.00000000000003199446818421975,0.00000000000013937796497833787,One2Tmd
0.5,0,3.31927654012646,-0.00000000000000001680233779382206,-0.000000000000008210537626427864,-0.000000000000008784630346235675,0.00000000000017771453691080386,One2Tmd
0.5066666666666667,0,3.446062396684025,-0.000000000000010777848409072199,-0.000000000000008866635643199529,0.00000000000003316517005243836,0.00000000000005872985619754886,One2Tmd
0.5133333333333333,0,3.583858642136307,-0.000000000000006126130620208104,-0.000000000000010119021201739863,0.00000000000006322242345740636,0.00000000000008896602182516548,One2Tmd
0.52,0,3.736497540478952,-0.000000000000018931440114361027,-0.0000000000000200827621162841,0.000000000000054483098629349434,0.000000000000004744639084198234,One2Tmd
0.5266666666666666,0,3.904042581512579,-0.00000000000003740348521683953,-0.000000000000038598895311217654,0.000000000000007950029553608183,-0.00000000000016061647023110638,One2Tmd
0.5333333333333333,0,4.089155593505977,-0.00000000000003488964173269868,-0.00000000000004357730680918332,-0.00000000000003974091395706067,-0.00000000000018267085723676625,One2Tmd
0.54,0,4.294732089381568,-0.000000000000007265298272835872,-0.000000000000024968099828441854,-0.00000000000005829816473640897,0.000000000000006621604060608416,One2Tmd
0.5466666666666666,0,4.529646763382361,-0.000000000000017127315030164008,-0.000000000000008012351719351375,-0.00000000000003269152473492539,0.000000000000004891425682129796,One2Tmd
0.5533333333333333,0,4.805142759757922,-0.0000000000000021350201131732747,-0.000000000000003699291097701173,-0.0000000000000005719939724019648,-0.00000000000002511189148945133,One2Tmd
0.56,0,5.057805693866389,0.000000000000006597973486398774,0.0000000000000032626947495584234,0.000000000000025319840945958074,0.000000000000001522581174105955,One2Tmd
0.5666666666666667,0,5.177412813381782,0.0000000000000026393403237102187,0.000000000000007779488502814176,0.000000000000021549503266081324,0.00000000000005379917086861125,One2Tmd
0.5733333333333334,0,5.051842950585394,-0.000000000000010397487315829742,0.0000000000000030865182492162713,-0.000000000000020273697927344164,0.00000000000005936205312820884,One2Tmd
0.58,0,4.914894928236128,-0.00000000000001564655311339992,0.00000000000001357657260184223,-0.0000000000000031857196049270742,0.00000000000005994964045862007,One2Tmd
0.5866666666666667,0,4.752969356074518,-0.00000000000001105935201963628,0.00000000000002396268828583538,-0.00000000000001686077192218472,-0.000000000000004790480638270564,One2Tmd
0.5933333333333334,0,4.548185256232013,-0.000000000000034748346009796414,0.00000000000006368338284815434,-0.00000000000007490071196935542,-0.00000000000007753780987352179,One2Tmd
0.6,0,4.3183440556624335,0.000000000009413992490767322,-0.000000000017248666285779994,-0.0000000000062750302582948754,-0.000000000005309250639896448,One2Tmd
0.6066666666666667,0,4.067830073534963,0.00000000003898811407341584,-0.00000000007140528047175233,-0.00000000002546868480506119,-0.000000000021480937602243703,One2Tmd
0.6133333333333333,0,3.809097690334374,0.000000000009137178464871827,-0.00000000001641989202273727,-0.000000000005780730187563275,-0.0000000000051609444182121524,One2Tmd
0.62,0,3.5231199331979917,0.00000000000011747282736350873,-0.00000000000002103426964840442,0.00000000000003657023915608543,-0.000000000000137292134063005,One2Tmd
0.6266666666666667,0,3.189689330885185,-0.000000000000008244650948501426,0.0000000000000035267135349015875,-0.000000000000007743360367064907,0.0000000000000167808276330917,One2Tmd
0.6333333333333333,0,2.769858132800951,-0.00000000000000569540614678983,0.000000000000032188492927118453,0.000000000000008241093524748343,-0.000000000000010778575628655281,One2Tmd
0.64,0,2.4199919919089945,-0.00000000000001651720468599071,0.000000000000022913878919140946,0.00000000000002195303557568641,-0.00000000000003529971174504408,One2Tmd
0.6466666666666666,0,2.108248865643052,-0.00000000000003198323086975361,-0.000000000000002220446049250313,0.000000000000031083523408207374,-0.000000000000055435700131153836,One2Tmd
0.6533333333333333,0,2.1282361512651984,0.000000000000010507274576906342,0.000000000000039355487647224395,-0.00000000000014275751730436498,-0.00000000000013128940545207207,Tri2Tmd
0.66,0,2.8876775907667955,-1.5644601448928035,-0.000000520595776601251,-0.0000023556587167163975,1.5755328058317548,UuudddTmd
0.6666666666666666,0,2.9849994359110257,-1.1663915543308778,0.000000030391662814279655,-0.000004144779658480322,1.1809521713704787,UuudddTmd
0.6733333333333333,0,3.1053716894016548,-0.5358365954641967,0.000003646184347643876,-0.0000036987798583623044,0.6767085493360934,UuudddTmd
0.68,0,3.213864640865377,0.2971140868544741,-0.00000046742545238903944,0.000008003081190396072,0.19064140115431324,UuudddTmd
0.6866666666666666,0,3.2859449470851247,0.4725794797548076,0.0000021716567319530948,-0.0000027779101712150437,0.5652704160028175,UuudddTmd
0.6933333333333334,0,3.230864493723884,-0.49277009511475367,-0.0000010903058480921225,-0.0000026906992182887068,1.2130318570869574,UuudddTmd
0.7,0,2.7862380247010914,-0.5797995397922778,-0.00000004702759883941207,0.0000011854387713205772,0.649967405526074,UuudddTmd
0.7066666666666667,0,2.3803850620911797,-0.6709840691161388,0.0000011396374593714283,-0.0000018544502212441962,0.19856526785162432,UuudddTmd
0.7133333333333334,0,2.0472794462444046,-0.8125106020903633,0.00000042929829765910326,-0.0000019439991209554978,-0.05175836503576459,UuudddTmd
0.72,0,1.7614757340280456,-0.957555958028325,-0.00000017861839780298427,-0.000000263354392746978,-0.184984172067852,UuudddTmd
0.7266666666666667,0,1.510691011305625,-1.0869856991043878,0.0000002847590354778127,-0.0000002407272758277695,-0.24095891476644932,UuudddTmd
0.7333333333333333,0,1.2704426518524283,-1.17957665897347,-0.00000018853095968652343,0.0000001208059022273818,-0.23666835727127222,UuudddTmd
0.74,0,2.8401281868281796,0.0000000000000060859356935773284,0.000000000000009120787163621579,-0.000000000000014399708204942913,0.000000000000005295153794810161,Tri1Tmd
0.7466666666666667,0,2.8551877589815318,0.000000000000007263540645062334,0.000000000000008206710168846792,-0.000000000000002927120553746844,-0.00000000000000732955215111373,Tri1Tmd
0.7533333333333333,0,2.8285549454040475,-0.0000000000000029318804357190334,0.000000000000008215650382226158,-0.000000000000020037146186750458,0.000000000000024642304441690962,Tri1Tmd
0.76,0,2.7639164556816382,0.00000000000000369607999864509,0.000000000000008235541589718619,-0.00000000000003201584019857318,0.000000000000003255813799142742,Tri1Tmd
0.7666666666666667,0,2.6611962610806286,0.000000000000014670270577448216,0.0000000000000061667344130551036,-0.00000000000007610184111461377,-0.000000000000021702260000939876,Tri1Tmd
0.7733333333333333,0,1.5485336884578043,-0.000000000000006305332040407865,0.0000000000000004548061300435061,-0.00000000000000012977691280104172,0.0000000000000041194225141663126,SatoTmd
0.78,0,1.5744337092992184,-0.0000000000000006005654119161213,0.0000000000000008242644179703466,-0.0000000000000008082859175379019,0.0000000000000011892883262227829,SatoTmd
0.7866666666666666,0,1.5993412487822274,0.0000000000000014958081904112589,0.0000000000000005083534041477464,-0.00000000000000023667061594102137,0.0000000000000008867383821416943,SatoTmd
0.7933333333333333,0,1.6234968678734918,0.0000000000000023406591297018483,0.00000000000000036063924135460573,-0.00000000000000010183152447349607,0.000000000000001896245660021724,SatoTmd
0.8,0,1.6468265654217324,0.0000000000000019317742016839947,-0.0000000000000002886718475663186,0.00000000000000017487918547865673,0.0000000000000029809280293728785,SatoTmd
0.8066666666666666,0,1.6695302998492647,0.0000000000000006254863779647506,-0.000000000000000635900953422646,0.00000000000000014881337915307566,0.0000000000000002302728515571065,SatoTmd
0.8133333333333334,0,1.6916148219421208,-0.00000000000000007151723861571988,-0.000000000000000466670890122428,0.0000000000000006990632857339863,0.000000000000004863342677527979,SatoTmd
0.82,0,1.7133471496773893,-0.0000000000000012859141318867842,-0.0000000000000005039430939264361,0.0000000000000007023387621421427,0.000000000000003804189777399469,SatoTmd
0.8266666666666667,0,1.7345997382887817,0.0000000000000006758728263084472,-0.00000000000000007726120548612819,0.0000000000000002584031764799316,0.0000000000000011537231331348973,SatoTmd
0.8333333333333334,0,1.7555347132148713,-0.0000000000000008371177373525612,-0.0000000000000004270689824008746,0.0000000000000004740700199075384,0.000000000000001239427024763133,SatoTmd
0.84,0,1.776017960567778,-0.0000000000000004918048998750196,-0.0000000000000006661338147750939,-0.0000000000000002803113970229148,-0.00000000000000041059576274124824,SatoTmd
0.8466666666666667,0,1.7963140144198324,0.0000000000000002980918017822277,-0.00000000000000008214418250375421,-0.000000000000000011390567156101778,0.000000000000000010226741881775196,SatoTmd
0.8533333333333334,0,1.8163909116537016,0.0000000000000021140410834523773,-0.0000000000000006306654928424486,-0.00000000000000021982783480424097,0.000000000000000601709633954925,SatoTmd
0.86,0,1.8363672156220034,-0.0000000000000005442449321276187,-0.00000000000000007842256190763698,0.0000000000000003092062271246179,0.0000000000000008293614982693975,SatoTmd
0.8666666666666667,0,1.8562824142180392,-0.0000000000000024378864058698127,0.00000000000000014649498718151036,0.0000000000000000023021241527658233,-0.00000000000000023233408372951903,SatoTmd
0.8733333333333333,0,1.8761051003237716,0.0000000000000001341678454730334,0.0000000000000000774803410942573,0.00000000000000010464774013612707,0.00000000000000008620760971568241,SatoTmd
0.88,0,1.8958913462418807,-0.0000000000000017466006144109044,-0.0000000000000003361745684581866,0.00000000000000014544001905782117,-0.0000000000000009765534569913687,SatoTmd
0.8866666666666667,0,1.915784458618452,-0.0000000000000009948322044118577,0.00000000000000033525116626293856,0.0000000000000003650996022161788,0.000000000000000731746000051121,SatoTmd
0.8933333333333333,0,1.9357781734175015,-0.0000000000000002015118369136295,-0.0000000000000014650167660820348,0.0000000000000006214860805785018,-0.00000000000000039296495933544925,SatoTmd
0.9,0,1.9559264146304898,0.0000000000000007278859527838085,0,0.00000000000000012197122789669366,-0.0000000000000004904033133565986,SatoTmd
0.9066666666666666,0,1.976330496637941,-0.0000000000000025333779622095684,-0.000000000000000017229361064187252,0.00000000000000023065928545712494,0.0000000000000007465204631479312,SatoTmd
0.9133333333333333,0,1.9969526948182175,0.00000000000000039713012951602553,-0.0000000000000002220446049250313,-0.0000000000000003010352963233077,0.000000000000000039495345699138184,SatoTmd
0.92,0,2.0179320338908338,-0.0000000000000017721151235254351,0.0000000000000005495788394323868,0.0000000000000003539066419029366,0.0000000000000005606441851927697,SatoTmd
0.9266666666666666,0,2.039332754157574,0.0000000000000005461489242344345,-0.0000000000000005765079339936554,0.000000000000000008962588078143848,-0.0000000000000006885402849704535,SatoTmd
0.9333333333333333,0,2.061318049449626,-0.0000000000000014601543436356216,0.0000000000000002627326809466641,0.00000000000000020170056691421492,-0.0000000000000020771678765776238,SatoTmd
0.94,0,2.08385349341707,0.00000000000000268193125610706,0.0000000000000008484084312502349,-0.0000000000000006603351491061991,-0.0000000000000006238748291069427,SatoTmd
0.9466666666666667,0,2.1069931645083995,0.0000000000000017320443747892361,-0.00000000000000044312464611014294,-0.00000000000000006622755598154153,0.0000000000000002882721609065728,SatoTmd
0.9533333333333334,0,2.1308630288683443,0.0000000000000019749196392836064,0.000000000000001303087463743241,0.00000000000000033306690738754696,0.0000000000000007037986769512944,SatoTmd
0.96,0,2.155656664953185,0.0000000000000035049994648104624,-0.00000000000000014407523251283764,0.0000000000000002844201028547862,-0.0000000000000007179146038354627,SatoTmd
0.9666666666666667,0,1.9627859409422863,0.0000000000000023122226779154893,0.00000000000000012047137914859047,0.00000000000000015847445870845831,-0.0000000000000016877739197677308,SatoTmd
0.9733333333333334,0,1.5200432820532903,0.0000000000000035047982975777426,0.000000000000000241278834551649,0.0000000000000003415031569546654,-0.0000000000000009762537039536665,SatoTmd
0.98,0,1.1127373856303784,0.000000000000002823558200033784,-0.00000000000000035706722662299346,-0.0000000000000002010373835944904,-0.00000000000000003608378284747232,SatoTmd
0.9866666666666667,0,0.729659722316681,0.0000000000000024157735202167596,0.00000000000000004152951925773895,0.00000000000000019408134097799356,0.00000000000000018134583899292778,SatoTmd
0.9933333333333333,0,0.36134633642199454,0.0000000000000017846567962918697,-0.0000000000000005103968021661117,-0.0000000000000002809457769584542,-0.000000000000001356674700512097,SatoTmd
1,0,-0.000000000000020011770018868447,0.0000000000000007832276494035284,0.0000000000000007754213937616328,-0.0000000000000001249000902703301,0.00000000000000004163336342344337,SatoTmd
1.0066666666666666,0,-0.3613463364220284,-0.0000000000000026739543943831573,0.0000000000000009312811517424709,0.00000000000000030816703671269377,0.0000000000000014181644195556553,SatoTmd
1.0133333333333334,0,-0.7296597223167159,0.0000000000000017595655782783347,0.00000000000000204455494729421,-0.0000000000000003847299878133168,0.0000000000000009811633310522096,SatoTmd
1.02,0,-1.1127373856304121,-0.000000000000003367008979968994,0.0000000000000006211262742091112,-0.0000000000000005003347515584471,0.0000000000000003409446153865033,SatoTmd
1.0266666666666666,0,-1.520043282053332,-0.0000000000000014302977931395356,0.0000000000000014409282015203123,-0.00000000000000017142710752230754,0.000000000000000701059678289772,SatoTmd
1.0333333333333334,0,-1.9627859409423336,-0.0000000000000024028159976949964,-0.00000000000000019717257911874251,0.00000000000000033306690738754696,0.000000000000001479555409446516,SatoTmd
1.04,0,-2.1556566649532254,-0.000000000000004547847825892826,0.000000000000001174463703640359,-0.0000000000000005083298888652651,0.0000000000000007908848106345958,SatoTmd
1.0466666666666666,0,-2.1308630288683843,0.0000000000000002520388222698647,-0.0000000000000007738999110860394,-0.0000000000000004449032613879552,-0.0000000000000008281899850104585,SatoTmd
1.0533333333333332,0,-2.10699316450844,-0.0000000000000007128576887357939,-0.00000000000000022108004118515891,-0.00000000000000013341967570299326,0.0000000000000003985710405642031,SatoTmd
1.06,0,-2.0838534934171102,-0.0000000000000012693029784247398,-0.00000000000000039272189006239067,0.00000000000000006794264556201556,-0.00000000000000019636094503119533,SatoTmd
1.0666666666666667,0,-2.061318049449665,0.0000000000000016415108725388987,-0.0000000000000004440892098500626,-0.0000000000000005847576627318073,0.0000000000000014525920444211108,SatoTmd
1.0733333333333333,0,-2.0393327541576145,0.0000000000000005765079339935941,-0.000000000000000035850352312599896,-0.000000000000000017925176156299948,-0.0000000000000002765457076419302,SatoTmd
1.08,0,-2.0179320338908733,0.0000000000000018089073981785747,0.00000000000000041218412957432047,0.00000000000000010060243520479559,-0.00000000000000019876127322080653,SatoTmd
1.0866666666666667,0,-1.996952694818257,-0.000000000000000729924952837992,0.00000000000000025353204785810965,-0.0000000000000008086435601706879,0.00000000000000150612877584607,SatoTmd
1.0933333333333333,0,-1.9763304966379813,0.0000000000000026530149452039458,-0.00000000000000001722936106419883,-0.00000000000000033306690738754696,-0.0000000000000006441128412174569,SatoTmd
1.1,0,-1.955926414630529,-0.0000000000000004948924224245344,-0.000000000000000021897850868379577,-0.000000000000000010948925434189788,0.0000000000000006997471151379722,SatoTmd
1.1066666666666667,0,-1.935778173417541,0.0000000000000005668704788907162,0.0000000000000004664130769483632,0.00000000000000024436847202333198,0.0000000000000005266096454107149,SatoTmd
1.1133333333333333,0,-1.915784458618492,0.00000000000000037783956131742544,-0.00000000000000033525116626292456,-0.00000000000000019965827796009207,-0.00000000000000032824372345570164,SatoTmd
1.12,0,-1.8958913462419202,0.000000000000001905364915428084,0.00000000000000010791464139190659,0.000000000000000039079208201244595,0.000000000000001105561533019243,SatoTmd
1.1266666666666667,0,-1.876105100323811,0.0000000000000006973230698482519,0.0000000000000000878767594519695,-0.00000000000000015236157759907059,-0.00000000000000004486833457921625,SatoTmd
1.1333333333333333,0,-1.8562824142180794,0.0000000000000023577325398209847,-0.00000000000000009612857535254976,0.00000000000000029644316059216136,0.000000000000000008597925631341811,SatoTmd
1.14,0,-1.836367215622044,-0.0000000000000008012457782205289,0.00000000000000027873400646279924,0.0000000000000003526725478644637,-0.0000000000000001380742625648705,SatoTmd
1.1466666666666667,0,-1.8163909116537416,-0.0000000000000012790651466512511,-0.000000000000000008867080483156121,0.00000000000000006437823171441395,0.000000000000001770998710521342,SatoTmd
1.1533333333333333,0,-1.7963140144198726,-0.0000000000000008881784197001252,-0.0000000000000003558480416997515,-0.0000000000000002235688513366707,-0.00000000000000024975889960946735,SatoTmd
1.16,0,-1.7760179605678181,0.0000000000000005156627448874265,0.000000000000000822116166395933,0.00000000000000009588455956976045,0.0000000000000005365292183365909,SatoTmd
1.1666666666666667,0,-1.7555347132149106,0.000000000000001084692683451346,-0.0000000000000006320933598766797,0.00000000000000027755575615628914,0.00000000000000028732504611780287,SatoTmd
1.1733333333333333,0,-1.7345997382888219,-0.0000000000000007148288724418351,0.0000000000000004538282213834108,-0.0000000000000002246420795035332,-0.0000000000000004837744673396296,SatoTmd
1.18,0,-1.7133471496774288,0.00000000000000007335427048933389,-0.0000000000000002394155363054903,-0.0000000000000002848013977270272,-0.00000000000000296693205190335,SatoTmd
1.1866666666666668,0,-1.69161482194216,-0.0000000000000008166611810844782,-0.00000000000000009032672108943952,-0.00000000000000022674697554347945,-0.000000000000005051043237319641,SatoTmd
1.1933333333333334,0,-1.6695302998493051,-0.0000000000000012113361841404295,0.000000000000001029939016025792,0.0000000000000004013435616858918,-0.0000000000000017415867216126886,SatoTmd
1.2,0,-1.6468265654217726,0.0000000000000008769583695616598,-0.0000000000000005773436951326611,-0.0000000000000004551706483506294,-0.000000000000003991314148764492,SatoTmd
1.2066666666666668,0,-1.6234968678735318,0.0000000000000012870467061994047,-0.00000000000000012021308045153323,-0.0000000000000005876457185712922,-0.0000000000000016855062859344138,SatoTmd
1.2133333333333334,0,-1.5993412487822671,0.000000000000001764836538932786,0.0000000000000002512966269570077,0.00000000000000025860963246500173,-0.00000000000000043821624190050164,SatoTmd
1.22,0,-1.574433709299258,-0.0000000000000005669540099221607,0.0000000000000006341768139102118,-0.00000000000000016570625312920174,-0.000000000000001988344192697632,SatoTmd
1.2266666666666666,0,-1.5485336884578444,0.0000000000000030068137271126505,-0.0000000000000006339830541947398,-0.00000000000000027755575615628914,-0.0000000000000028989298668629494,SatoTmd
1.2333333333333334,0,-2.661196261080669,-0.000000000000012864724958530162,-0.000000000000008595096662786292,0.00000000000007734561043498271,0.00000000000003431801493226976,Tri1Tmd
1.24,0,-2.7639164556816778,-0.000000000000003588299018690335,-0.000000000000009145453514387487,0.000000000000024861349730906662,-0.000000000000003741596929152422,Tri1Tmd
1.2466666666666666,0,-2.828554945404085,0.0000000000000030833323839281375,-0.000000000000007393830586658244,0.000000000000039910474658979325,-0.000000000000036234561362849094,Tri1Tmd
1.2533333333333334,0,-2.8551877589815695,-0.0000000000000061488475137475044,-0.00000000000001056052905400796,0.000000000000010625810195280187,0.000000000000016374959836559406,Tri1Tmd
1.26,0,-2.840128186828216,-0.0000000000000066941664588318425,-0.000000000000007261815340364227,0.000000000000023618617497704002,-0.000000000000003189788236394825,Tri1Tmd
1.2666666666666666,0,-1.2704426518523897,1.1795766589734713,0.0000001885309503625083,-0.000000120805902062033,0.2366683572712932,UuudddTmd
1.2733333333333334,0,-1.5106910113055971,1.086985699104383,-0.00000028475904621491915,0.00000024072727784354855,0.2409589147664756,UuudddTmd
1.28,0,-1.7614757340280114,0.9575559580283213,0.00000017861839618435762,0.0000002633543918193667,0.18498417206783901,UuudddTmd
1.2866666666666666,0,-2.0472794462443615,0.8125106020903631,-0.00000042929829243391487,0.0000019439991272350045,0.05175836503576586,UuudddTmd
1.2933333333333332,0,-2.3803850620911335,0.6709840691161411,-0.0000011396374551012116,0.000001854450224318892,-0.19856526785162595,UuudddTmd
1.3,0,-2.7862380247010585,0.5797995397922756,0.00000004702759348349315,-0.0000011854387535301418,-0.6499674055261044,UuudddTmd
1.3066666666666666,0,-3.230864493723847,0.4927700951147175,0.0000010903058570465164,0.0000026906991517659832,-1.2130318570869252,UuudddTmd
1.3133333333333332,0,-3.2859449470850843,-0.4725794797548076,-0.0000021716567194104977,0.0000027779101272731547,-0.5652704160028013,UuudddTmd
1.32,0,-3.2138646408653324,-0.2971140868544594,0.0000004674254539357468,-0.000008003081205133946,-0.19064140115431055,UuudddTmd
1.3266666666666667,0,-3.1053716894016112,0.53583659546424,-0.0000036461843461390223,0.000003698779860571812,-0.6767085493361145,UuudddTmd
1.3333333333333333,0,-2.9849994359109835,1.1663915543308783,-0.00000003039165494255726,0.000004144779698360523,-1.1809521713704958,UuudddTmd
1.34,0,-2.8876775907667525,1.5644601448928142,0.0000005205957865919897,0.000002355658749697082,-1.5755328058317633,UuudddTmd
1.3466666666666667,0,-2.1282361512651287,-0.000000000000013356056226820838,-0.00000000000003816377715065524,0.00000000000017505789030134805,0.00000000000012875708433045511,Tri2Tmd
1.3533333333333333,0,-2.108248865643077,0.000000000000007660652256634342,-0.00000000000002958591288553013,0.00000000000009310692477453772,0.00000000000006276339886712071,One2Tmd
1.36,0,-2.4199919919090274,-0.000000000000003222336990430904,-0.00000000000004288398906242273,0.0000000000000619311600360768,-0.00000000000004274379854537429,One2Tmd
1.3666666666666667,0,-2.7698581328009784,0.000000000000051738549793797033,-0.00000000000009860660246812295,-0.00000000000001808027933382185,-0.00000000000011798863320569797,One2Tmd
1.3733333333333333,0,-3.1896893308852174,0.0000000000002494083696886793,-0.0000000000002467383950000145,-0.00000000000018949976762188987,-0.00000000000010916962416193883,One2Tmd
1.38,0,-3.5231199331980343,-0.0000000000002672711605825098,-0.0000000000007157738899980131,0.000000000006209215220077244,0.000000000007516773681360019,One2Tmd
1.3866666666666667,0,-3.809097690426892,-0.000000004273706816855618,-0.00000007871149071504207,-0.000000007370682638730446,0.000000011153139240516293,One2Tmd
1.3933333333333333,0,-4.067830073937792,-0.00000001861467307028472,-0.00000034288589864528205,-0.00000003215114520235842,0.000000048535605167386557,One2Tmd
1.4,0,-4.318344055760201,-0.000000004516166143725886,-0.00000008318742057522262,-0.000000007800658525569023,0.0000000117754071193883,One2Tmd
1.4066666666666667,0,-4.548185256232067,-0.000000000000049051308965150985,-0.00000000000004528486968724544,-0.0000000000004264619304439895,0.00000000000016950397686250204,One2Tmd
1.4133333333333333,0,-4.7529693560745665,0.0000000000000009799476630668412,-0.0000000000000808963263839583,-0.0000000000001981649507941401,-0.000000000000008912168453867024,One2Tmd
1.42,0,-4.914894928236179,0.00000000000002175217903105333,-0.00000000000001883928517209866,0.000000000000011548035058490154,-0.00000000000008992387078901434,One2Tmd
1.4266666666666667,0,-5.051842950585449,0.000000000000012383638231271883,-0.000000000000002834384631117529,0.000000000000011107019922315082,-0.00000000000007274595133129709,One2Tmd
1.4333333333333333,0,-5.177412813381838,-0.0000000000000032042472213640845,-0.000000000000007276155999560421,-0.000000000000028809804604766534,-0.00000000000007001308923012969,One2Tmd
1.44,0,-5.057805693866437,-0.000000000000008123176511872789,-0.000000000000003101441684310413,-0.00000000000002996165609559917,-0.000000000000013000926305888508,One2Tmd
1.4466666666666668,0,-4.805142759757969,-0.0000000000000015630261407709147,0.000000000000007912381188902893,0.0000000000000027831036934792362,0.000000000000013056596809404885,One2Tmd
1.4533333333333334,0,-4.529646763382416,0.00000000000001053745217327033,0.000000000000018824577846353733,0.00000000000004706935328828644,-0.00000000000002586966442198389,One2Tmd
1.46,0,-4.2947320893816245,0.000000000000007942184605552434,0.000000000000023496059468245948,0.00000000000006385208355952884,0.0000000000000035433680121522786,One2Tmd
1.4666666666666666,0,-4.089155593506033,0.00000000000003696310553132965,0.000000000000039800977296460995,0.000000000000048267812359487457,0.00000000000019903338056289636,One2Tmd
1.4733333333333334,0,-3.9040425815126296,0.00000000000003777886654731951,0.00000000000003152698455795006,0.0000000000000016830755279200441,0.00000000000016659226469996685,One2Tmd
1.48,0,-3.736497540479004,0.000000000000018421537477076027,0.000000000000011957529484113321,-0.00000000000004069175633325589,-0.000000000000009637881485828186,One2Tmd
1.4866666666666666,0,-3.5838586421363625,0.000000000000008881784197001252,0.000000000000009366600817484839,-0.00000000000003535640253123351,-0.0000000000000882766487104206,One2Tmd
1.4933333333333334,0,-3.446062396684078,0.000000000000008881784197001252,0.000000000000009903337485430707,-0.000000000000021401249164640946,-0.00000000000006358676198491069,One2Tmd
1.5,0,-3.319276540126515,0.000000000000001694552746627698,0.000000000000011339613118571451,0.000000000000015941917297018382,-0.00000000000016072813037933596,One2Tmd
1.5066666666666666,0,-3.201110615391476,0.0000000000000012191478928006003,0.0000000000000133811787201878,0.00000000000001895490098654354,-0.00000000000012316839906286215,One2Tmd
1.5133333333333334,0,-3.090528663079076,-0.0000000000000013392675859923576,0.000000000000009799389691113096,-0.000000000000021167649218423862,-0.00000000000006098300514191054,One2Tmd
1.52,0,-2.986811225207121,-0.000000000000014893386362897605,-0.0000000000000014198472856644651,-0.00000000000007759777140402292,-0.00000000000013004512869934388,One2Tmd
1.5266666666666666,0,-2.891457721486985,-0.000000000000008174297973472667,0.000000000000010553912792926129,-0.00000000000002556790746539906,-0.00000000000006664449979400087,One2Tmd
1.5333333333333334,0,-2.8034981627493085,-0.000000000000003687058209771192,0.000000000000009583048442607683,0.0000000000000024105539909734817,-0.00000000000003894100946052875,One2Tmd
1.54,0,-2.715303171351112,-0.00000000000000043342396042675553,0.000000000000008632950929638054,-0.000000000000050779133818554435,-0.0000000000000393897955022569,One2Tmd
1.5466666666666666,0,-2.62057134123311,0.0000000000000013891092793880265,0.000000000000011014765713289896,-0.00000000000017502351331624397,-0.00000000000006040073225872714,One2Tmd
1.5533333333333332,0,-2.453880342576682,-0.000000000000005382987843539256,0.000000000000013368271357373654,0.00000000000003374628146483286,-0.000000000000013884385410954052,One2Tmd
1.56,0,-2.282575038644762,-0.000000000000004346706817587281,0.000000000000007633788630595174,0.00000000000008822883803977699,0.000000000000008009513301944304,One2Tmd
1.5666666666666667,0,-2.097789919624461,-0.00000000000000220551332216984,0.0000000000000026635933809592633,0.00000000000011377778147040524,0.00000000000004984363141136658,One2Tmd
1.5733333333333333,0,-1.8892581997039093,-0.0000000000000004892928481782764,0.0000000000000017046892431100086,0.00000000000013443780698588462,0.0000000000001368423886453262,One2Tmd
1.58,0,-1.6807264797833503,0.000000000000001226927625813344,0.000000000000000745785105260722,0.0000000000001550978325013647,0.00000000000022384114587928877,One2Tmd
1.5866666666666667,0,-1.5187796836558418,-0.0000000000000028175507530704116,0.0000000000000029557275156639373,0.00000000000007953718689475178,0.00000000000011166545914145794,One2Tmd
1.5933333333333333,0,1.212880645998732,-0.0000000000000000884038229711329,0.00000000000000025314024655546396,-0.00000000000000029400209202622667,-0.0000000000000007323096849014031,FmTmd
1.6,0,-0.347395363226125,0.08878512746887118,-0.1537803667291651,1.9815378496241152,-1.1440411417657756,TwinTmd
1.6066666666666667,0,-0.3159880493224605,0.09427006670696202,-0.16328055564604055,1.525267990575311,-0.8806137697592061,TwinTmd
1.6133333333333333,0,-0.2843595536753231,0.11568008048941131,-0.200363854798288,0.9124389098591552,-0.5267970992363256,TwinTmd
1.62,0,-0.250660656184567,0.17402233625283917,-0.3014155832468923,0.04416907137433135,-0.02550131944860945,TwinTmd
1.6266666666666667,0,-0.21123299495110803,0.30312596351594256,-0.5250295027573685,-1.0523413992478605,0.6075697410328743,TwinTmd
1.6333333333333333,0,-0.14148483813192264,0.7088533680889463,-1.2277700597949126,-2.89599691801393,1.6720037375114876,TwinTmd
1.64,0,0.045461832927749024,2.6825113797149904,-4.646237848892907,-8.141524084024741,4.700533855333024,TwinTmd
1.6466666666666667,0,4.21124420100784,1.1637323226408394,-2.0156399348332634,-5.277297049897921,3.0468595570579167,TwinTmd
1.6533333333333333,0,2.1146720545966837,-1.8477246060078145,3.200342358556947,-10.241418618302621,5.912902440258076,TwinTmd
1.66,0,0.2471505104183325,-1.2144084223972242,2.103419692020884,-10.198426809516551,5.888059080436337,TwinTmd
1.6666666666666667,0,0.1264579980657209,-0.4061692307771682,0.7035066283825164,-7.7671718362445485,4.484378592379094,TwinTmd
1.6733333333333333,0,0.08597363840567508,-0.27237278569767365,0.47176347257109175,-6.382358432346635,3.6848523353885936,TwinTmd
1.68,0,0.0723502701568265,-0.26111141132336124,0.45225746629439584,-5.350022913612894,3.0888379171941738,TwinTmd
1.6866666666666668,0,0.32962747175071305,-0.00000000000000027507474257197763,0.00000000000000007622700357317407,0.000000000000000029275145512095975,-0.000000000000000004620836876856398,FmTmd
1.6933333333333334,0,0.3031417947899102,0.0000000000000002643494018662015,-0.00000000000000002885610513980288,0,-0.000000000000000229808895972069,FmTmd
1.7,0,0.27860457752275586,0.0000000000000005263322288859398,0,0.00000000000000003241939794534473,-0.00000000000000015953772019919975,FmTmd
1.7066666666666668,0,0.25594090463245495,0.0000000000000002512272874244894,0,0.00000000000000013822899081513336,-0.0000000000000000008233308945168165,FmTmd
1.7133333333333334,0,0.23561895912005934,0.00000000000000020704262475292426,-0.00000000000000004275755578773595,0.00000000000000003188398860880468,-0.00000000000000011758327841627388,FmTmd
1.72,0,0.2167136880715312,0.00000000000000014819533241107834,-0.0000000000000000862402824968072,0.00000000000000001536456563277469,-0.00000000000000008351512053847292,FmTmd
1.7266666666666666,0,0.1991862588228515,0.0000000000000001493597096621482,-0.00000000000000005351619166306681,-0.000000000000000000997479784095508,0.000000000000000005789655684049577,FmTmd
1.7333333333333334,0,0.18296667942017927,0.00000000000000020995727864501665,0.00000000000000004745293371124806,-0.00000000000000005349659685125538,0.0000000000000000703962162290735,FmTmd
1.74,0,0.16802299952016242,0.0000000000000001425714875369315,0.000000000000000002529072972524615,-0.00000000000000004226563166657452,0.00000000000000007601169882141393,FmTmd
1.7466666666666666,0,0.15439137620720866,0.00000000000000013877787807814457,-0.00000000000000017174279363395848,-0.000000000000000030899438821320967,0.00000000000000003339213453448989,FmTmd
1.7533333333333334,0,0.1417304802458353,-0.000000000000000011191090575376721,-0.00000000000000007207563627151002,0.000000000000000013902471232571444,0.0000000000000001041327754081224,FmTmd
1.76,0,0.12999085718871975,-0.00000000000000009290772000594213,0.000000000000000015679187311246565,0.000000000000000035595169271252196,0.00000000000000009619352119185892,FmTmd
1.7666666666666666,0,0.11911237038862023,-0.00000000000000005010833850007895,-0.000000000000000007712240215597336,0.000000000000000023899455507830246,0.000000000000000008093607646116455,FmTmd
1.7733333333333334,0,0.10903018237171934,-0.000000000000000012511731960334369,-0.00000000000000003490513673581998,0.000000000000000013877787807814457,0.000000000000000009147618616522675,FmTmd
1.78,0,0.09970831277598553,-0.00000000000000009591111595238146,-0.00000000000000008256192758841832,0.000000000000000013877787807814457,0.00000000000000011637539803486894,FmTmd
1.7866666666666666,0,0.09117645067717214,-0.00000000000000012088157773901126,-0.00000000000000005952966376257666,0.0000000000000000020092562656594197,0.0000000000000000289472098002601,FmTmd
1.7933333333333332,0,0.08327015946096222,-0.00000000000000004377070150388753,-0.00000000000000007579349842286847,-0.000000000000000020282347191610646,0.000000000000000018948374605717118,FmTmd
1.8,0,0.07594293078150886,0.00000000000000006278129994994583,0.000000000000000001910037328402473,-0.000000000000000010720222780571072,0.000000000000000020816681711721685,FmTmd
1.8066666666666666,0,0.06916063079933732,-0.00000000000000006040968097717848,0.000000000000000034519479789662627,0.000000000000000024490283348527734,0.000000000000000047056271013715686,FmTmd
1.8133333333333332,0,0.0628878294673904,-0.00000000000000006140112343183042,0.00000000000000003622210452742887,0.000000000000000026227940607736184,0.000000000000000023980193166869365,FmTmd
1.82,0,0.057087791909638336,0.00000000000000006740037636472025,0.0000000000000000565371791418464,-0.0000000000000000005130139552942861,-0.000000000000000017513837575721377,FmTmd
1.8266666666666667,0,0.05172925580816536,-0.0000000000000002459287493035499,0.000000000000000012341497653477085,0.000000000000000013877787807814457,0.00000000000000007285070952820919,FmTmd
1.8333333333333333,0,0.04678818234709727,-0.00000000000000032879500957930077,-0.000000000000000033670029710219756,0.000000000000000011389246022432077,0.00000000000000011983593741407503,FmTmd
1.84,0,0.04222919446138087,0.00000000000000010402998840732396,0.000000000000000013378336803872193,-0.000000000000000005966701971664931,-0.00000000000000003444474401756501,FmTmd
1.8466666666666667,0,0.03803169277650056,0.000000000000000013615156127961711,0.000000000000000006763806117338732,-0.00000000000000003781374089835276,-0.000000000000000030991572185491196,FmTmd
1.8533333333333333,0,0.034189722277079726,-0.000000000000000015868140680652018,-0.000000000000000012891725088403755,0.0000000000000000014973215131322106,-0.0000000000000000047841972445012155,FmTmd
1.86,0,0.03065773832838438,-0.000000000000000048739372422756096,-0.0000000000000000013209327426192473,-0.000000000000000005948194346942792,0.000000000000000020074656295287403,FmTmd
1.8666666666666667,0,0.027412607239434453,-0.00000000000000004304831975725135,0,-0.0000000000000000039410990632229424,0.0000000000000000015668413029084898,FmTmd
1.8733333333333333,0,0.024441212481641487,0.000000000000000013156729061603168,0.000000000000000011534756312641377,-0.00000000000000000058575787379327,-0.00000000000000001903685794493887,FmTmd
1.88,0,0.021720403884305295,0.00000000000000008020338285835699,0.00000000000000003624468948568713,0,-0.000000000000000050510032285039336,FmTmd
1.8866666666666667,0,0.019237022793100838,0.00000000000000004175491297799108,0.0000000000000000061090470328205,-0.0000000000000000027326397223556055,-0.00000000000000003265211720603419,FmTmd
1.8933333333333333,0,0.016973903099967713,0.000000000000000041251096875314797,-0.000000000000000008867655455827968,-0.0000000000000000007703427000164372,-0.00000000000000002871995639158928,FmTmd
1.9,0,0.014918093554657121,0.00000000000000010564204457495689,-0.0000000000000000023364429625861884,0,-0.000000000000000053705992771429685,FmTmd
1.9066666666666667,0,0.013055488912094135,0.00000000000000002975113582460776,0.000000000000000005415317737376553,0.000000000000000004061488303032415,-0.000000000000000012654376739971339,FmTmd
1.9133333333333333,0,0.010505740552327749,-0.00000000000000000437262387449256,0.000000000000000002827879444599947,-0.0000000000000000013547653838084175,0.000000000000000010764939794088218,FmTmd
1.92,0,0.008026140151001207,0.0000000000000000047547773191081144,0.000000000000000003532295911266033,-0.0000000000000000015257391613937586,-0.0000000000000000011234827720557663,FmTmd
1.9266666666666667,0,0.006007734870700294,-0.000000000000000008615223132665364,-0.00000000000000000322614755890725,0,-0.0000000000000000030436730141224764,FmTmd
1.9333333333333333,0,0.004388744850215739,-0.0000000000000000006879351832069104,-0.000000000000000005892105611137332,0.0000000000000000013608514585764364,0.000000000000000004329299236023326,FmTmd
1.94,0,0.003112743952114067,-0.00000000000000000042229395379271774,0.0000000000000000024882160619503703,-0.0000000000000000000056934576007420065,0.000000000000000003891740905746332,FmTmd
1.9466666666666668,0,0.002128734048887999,0.0000000000000000015999906513797295,0.0000000000000000012781093602426772,0.0000000000000000004336808689942018,-0.0000000000000000008214952445085473,FmTmd
1.9533333333333334,0,0.0013898793673497584,0.0000000000000000010482672118396376,-0.0000000000000000029331135120122714,0.0000000000000000004400966546783981,-0.0000000000000000019412920925648264,FmTmd
1.96,0,0.0008541493734817748,-0.0000000000000000002934135595761531,0.000000000000000000975781955236954,0.0000000000000000007600209406721515,-0.000000000000000000006188139998834676,FmTmd
1.9666666666666666,0,0.0004831984051898494,-0.00000000000000000004962371032408954,0.00000000000000000015067548739831483,0.00000000000000000008360836208650568,0.0000000000000000012711366339875606,FmTmd
1.9733333333333334,0,0.0002425292568912657,0.00000000000000000012666789768997418,-0.00000000000000000020276622364265931,0.00000000000000000010138311182132966,-0.00000000000000000015950022368258904,FmTmd
1.98,0,0.00010083873937996139,0.000000000000000000032627442615591215,-0.00000000000000000014104765986414166,-0.000000000000000000016440443109078216,0.000000000000000000008220221554539108,FmTmd
1.9866666666666666,0,0.0000298295133015774,0.00000000000000000010208259929235781,0.000000000000000000011725045085425775,-0.0000000000000000000029312612713564436,-0.000000000000000000050080049069509414,FmTmd
1.9933333333333334,0,0.000003923314336283525,0.000000000000000000007618003960992121,-0.00000000000000000000078513352934032715,-0.000000000000000000002401422313045212,-0.000000000000000000006641879613613294,FmTmd
0,0,0,0,0,0,0,None
0,0,0,0,0,0,0,None
0,0,0,0,0,0,0,None
0,0,0,0,0,0,0,None
0,0,0,0,0,0,0,None
0,0,0,0,0,0,0,None
0,0,0,0,0,0,0,None
