# n,energy,berry,bcd_x,bcd_y,qmd_x,qmd_y
0.0000015,-3.3499956162668694,-0.000000000000000018990436218788185,0,0,0,0
0.006688963210702341,-3.301895943645137,-0.000003939952999289711,0.000000000000000000021579131146799704,-0.000000000000000000001738096677078439,0.000000000000000000004412139120554223,-0.000000000000000000004952470706295054
0.013377926421404682,-3.2543461024290945,-0.000030115291925319014,0.0000000000000000000054709459078049554,0.00000000000000000003988211365764865,-0.0000000000000000000027022836468454057,0.00000000000000000001568944304429675
0.020066889632107024,-3.2076054419608107,-0.00010204524042974178,-0.0000000000000000003052975423509757,-0.0000000000000000001629263228802481,0.0000000000000000000372894854941601,0.0000000000000000001551983111831001
0.026755852842809364,-3.1614777919015573,-0.0002455236199850442,0.0000000000000000002987146282252327,0.00000000000000000009390714171394558,-0.00000000000000000006415645175549617,0.00000000000000000017123388344526793
0.033444816053511704,-3.1160513585931717,-0.0004894388806084545,-0.0000000000000000017753169930422163,-0.000000000000000002890778163621262,0.0000000000000000004449736814707426,0.000000000000000000397062721542928
0.04013377926421405,-3.0712413971865833,-0.0008656387839609168,0.0000000000000000027378906780954696,0.0000000000000000005700595902222389,-0.0000000000000000014542386417019192,-0.00000000000000000035506115915969244
0.046822742474916385,-3.0271840736000653,-0.0014081269745374217,-0.0000000000000000013572045278776485,-0.0000000000000000033797777016681498,-0.000000000000000003817213085129365,0.000000000000000001067588392417346
0.05351170568561873,-2.983631999240035,-0.00215620435277427,-0.000000000000000002024817546647098,-0.0000000000000000051362795242421,0.0000000000000000009308915809550066,-0.0000000000000000014321286193588568
0.06020066889632107,-2.940868035169137,-0.0031522747718697544,-0.000000000000000009929161884431897,-0.000000000000000003906241607207016,0.0000000000000000019250338054190496,0.00000000000000000003423922487042745
0.06688963210702341,-2.898588424294871,-0.004444963295116519,-0.0000000000000000017678769829824723,-0.000000000000000006801634525079129,-0.000000000000000005066021166264985,-0.0000000000000000003777360808392241
0.07357859531772576,-2.8569947466961865,-0.0060824245944387165,0.00000000000000001264885643975012,0.000000000000000000705097231411762,-0.0000000000000000070559319319535,-0.000000000000000003279908689673596
0.0802675585284281,-2.816156308252341,-0.00812129939603435,0.0000000000000000021212920664073538,-0.00000000000000000511417451906847,0.000000000000000020051680655918466,-0.000000000000000007648580302128616
0.08695652173913043,-2.7757255464407735,-0.010628077988333179,-0.00000000000000004902146075268045,0.0000000000000000292652964717671,0.000000000000000004847733915042312,-0.0000000000000000082062736217444
0.09364548494983277,-2.736037048415418,-0.013655206585953808,-0.00000000000000004609006900513093,0.0000000000000000016429440249153544,-0.000000000000000018947283889816102,0.000000000000000016460622316509473
0.10033444816053512,-2.696994696248334,-0.01730685551757054,0.00000000000000001545780127044376,-0.000000000000000036949566171937473,-0.00000000000000004420766156379402,-0.000000000000000022426461370913038
0.10702341137123746,-2.6584268945470844,-0.02168495113798378,0.00000000000000003689277874453497,0.00000000000000006505720199976089,-0.00000000000000003029031703481469,0.00000000000000002480013393121819
0.11371237458193979,-2.633466921711408,-0.024962103678772433,0.000000000000000052104397236841914,-0.00000000000000005772582517833405,-0.000000000000000018173520854109645,0.00000000000000005077982671726493
0.12040133779264214,-2.612307240379232,-0.0280954220445721,-0.000000000000000003610291007667521,0.000000000000000008006467014027232,-0.00000000000000004944780152870791,0.00000000000000001741359912956283
0.12709030100334448,-2.591389305194474,-0.03149737822365675,0.00000000000000006552944779831448,0.00000000000000004063968158609918,0.0000000000000000007202826753109633,-0.000000000000000010335096779508921
0.13377926421404682,-2.570600749043605,-0.0352225779542141,-0.0000000000000000556823761901727,0.00000000000000011392144411656406,-0.00000000000000001140012384188478,-0.000000000000000014602896739614032
0.14046822742474915,-2.549966522427725,-0.03929808645095542,-0.00000000000000010355575449087593,0.0000000000000002213160004806098,-0.000000000000000039437700140110264,-0.000000000000000036653687312122295
0.14715719063545152,-2.5295254551493587,-0.04373886577669965,-0.000000000000000053386002310574703,0.00000000000000019321094789401516,-0.00000000000000006127654195286814,-0.000000000000000054867746103838
0.15384615384615385,-2.5092135411574827,-0.048566560264764684,-0.000000000000000007541493610001595,0.00000000000000009130812262144758,-0.00000000000000006880827317231739,-0.000000000000000022716369744227527
0.1605351170568562,-2.4891269925449158,-0.05381345587937569,-0.000000000000000002126567203613472,0.000000000000000053606990863306347,0.000000000000000004542838461024574,0.000000000000000014512471072350727
0.16722408026755853,-2.4692117203660153,-0.05950770226508063,-0.00000000000000002407615390728518,-0.00000000000000005777252214909659,0.0000000000000001201361013192375,0.000000000000000011401850787659072
0.17391304347826086,-2.4493622591234487,-0.06568613309461507,-0.00000000000000009726940957809161,-0.00000000000000020037866266842664,0.00000000000000012244622823658017,0.0000000000000000020092798787253195
0.1806020066889632,-2.4297834750305136,-0.07236693612476854,-0.0000000000000002148052612251595,0.000000000000000035536870990976193,0.000000000000000004224552389884328,0.000000000000000003988514697939003
0.18729096989966554,-2.4103248532119146,-0.07958890312876331,-0.00000000000000005719982747104686,0.00000000000000007732826928516201,0.000000000000000036857686830761093,-0.00000000000000006464761560000197
0.1939799331103679,-2.3911710856721404,-0.08745819049765972,0.0000000000000001117915721618904,-0.000000000000000021006731047629967,0.0000000000000001642188512140887,-0.00000000000000007009952285540577
0.20066889632107024,-2.3720764045314713,-0.09604774980816463,0.00000000000000015825076137285374,-0.00000000000000020545519236549521,0.00000000000000005601883969897113,-0.00000000000000013521533994417802
0.20735785953177258,-2.3531027064744485,-0.10537067756555261,-0.00000000000000002842009104802578,-0.00000000000000005715097048198102,-0.0000000000000000007333884762371458,-0.000000000000000019340190162987094
0.2140468227424749,-2.3344314059504336,-0.11539731921711202,0.00000000000000015495337711189386,0.0000000000000001448145613031863,0.000000000000000015234807482065648,-0.000000000000000022073634919998108
0.22073578595317725,-2.3159284044402066,-0.1262227580823433,0.00000000000000031066442635123077,0.00000000000000036727852970932546,-0.000000000000000025597862628593697,0.0000000000000000448090530535314
0.22742474916387959,-2.297509134541807,-0.13794924572783177,0.000000000000000027429093590325357,0.0000000000000006561482782164315,-0.00000000000000006683670304088599,0.0000000000000001981740737665806
0.23411371237458195,-2.279297690883084,-0.15056897767533325,-0.00000000000000041471925522607126,0.0000000000000008278293777207947,0.00000000000000015868172230407518,0.00000000000000004335763270848723
0.2408026755852843,-2.2612553673996594,-0.16435779079433946,0.0000000000000003922638565394948,-0.0000000000000008965537551371203,0.00000000000000011520334534672332,0.00000000000000009945637548945387
0.24749163879598662,-2.2435132896592056,-0.1794339543528739,-0.0000000000000004230098357323599,0.00000000000000012389604061977155,-0.00000000000000012057249211561737,0.00000000000000004059785660731635
0.25418060200668896,-2.2259051801908782,-0.1956714306680794,-0.0000000000000004734366396713626,0.00000000000000040249198374398247,-0.0000000000000001315268195281943,0.00000000000000004948244175718985
0.2608695652173913,-2.2084516748097887,-0.21319687131459436,-0.00000000000000035236893868833518,0.0000000000000004098536067150623,-0.00000000000000012251588088129373,0.00000000000000020810510899367365
0.26755852842809363,-2.1911898256843165,-0.23214419700796698,-0.0000000000000007688787061259336,0.0000000000000009800117059392837,-0.000000000000000250168308036624,0.00000000000000043184646942111666
0.27424749163879597,-2.174119084959954,-0.2530048252959338,-0.00000000000000020032311799835114,0.0000000000000008422224311538123,0.0000000000000001062668370151072,0.000000000000000009357358017250673
0.2809364548494983,-2.15730472950597,-0.27586592743448146,-0.00000000000000018912826777325486,0.00000000000000043405200335364745,0.0000000000000002480236332200241,-0.00000000000000034863210070275415
0.28762541806020064,-2.140729514073854,-0.30049766007152273,-0.000000000000000572050619095201,0.0000000000000002338304496934316,0.00000000000000017440749906439764,-0.00000000000000035562292506633345
0.29431438127090304,-2.124382436232876,-0.3270360945121755,0.00385928866871322,0.00000000000000016912672102663522,0.0000000000000001373352109897131,-0.0013763934204108438
0.3010033444816054,-2.108280468517854,-0.3562392763027413,0.021793827936627028,-0.00000000000000018474031342863588,0.0000000000000007711227030930944,-0.0077726451562722485
0.3076923076923077,-2.0924765999864037,-0.3886310926691039,0.029769183700894413,0.0000000000000004636758988321247,0.0000000000000006418007456331859,-0.012802638182383544
0.31438127090301005,-2.076867328599147,-0.42374098623337436,0.031990832929123095,0.0000000000000007982624263397799,0.00000000000000022423805276474135,-0.015062642453739922
0.3210702341137124,-2.0614434726323516,-0.46162502166914554,0.02967796313191464,0.0000000000000006168969107225508,-0.00000000000000030054355601878467,-0.014483171829183523
0.3277591973244147,-2.0463807435084407,-0.5046796216286525,0.027927152135039365,0.0000000000000006221736233139675,0.0000000000000002989461817878893,-0.013601857729271659
0.33444816053511706,-2.0633291455716045,-0.4207734721895039,1.7726402817552818,-3.4028770731521973,9.672296749706852,-5.370336811374177
0.3411371237458194,-2.0398904903541792,-1.1859614888431758,-1.8599659805559483,6.252797884825146,17.98867521645036,-8.766398054103156
0.34782608695652173,-2.019289765643646,-1.3594852110530948,-16.424538963361226,39.23108973053723,19.13149863777109,-8.390545544061023
0.35451505016722407,-2.0008974707008376,-0.07322792703782646,-2.1111223455298265,3.92300075407568,6.861913349360972,-3.6295547913438226
0.3612040133779264,-1.9816254102392858,0.0949449035556895,-0.6672180544242224,1.322518852488295,3.384078541212643,-1.5647773971646304
0.36789297658862874,-1.9615143341211272,0.1715898512597514,-0.3075762447400437,0.5905652970262638,1.529848608929468,-0.6387196190469503
0.3745819397993311,-1.9389342392443603,0.23103298265214822,-0.14658355431496783,0.27104375969993205,0.5349186326897616,-0.22605331525786654
0.38127090301003347,-1.9134350242014615,0.28763457342324755,-0.047118561225745356,0.08634810790187933,-0.12518347505301622,0.09618631016233788
0.3879598662207358,-1.8923325365862511,0.3310968890077378,-0.011781088434258798,0.021564914486459655,-0.5570400960505708,0.32466572624712664
0.39464882943143814,-1.8750718941732347,0.36463649080609134,-0.011371449364097654,0.01971039798193879,-0.9355147377184017,0.5325482970593216
0.4013377926421405,-1.914896567332793,-1.60050085384766,0.00039011832715903604,0.000000000000001316516725190196,-0.0000000000000001863335351133078,-0.0007685653475146619
0.4080267558528428,-1.9061965196182702,-1.770501990520394,-0.0009028443457448896,0.0000000000000013826277616456107,-0.0000000000000004421863581994141,-0.0003917491795671064
0.41471571906354515,-1.894752907396706,-1.887894413317766,-0.0007982763553863481,0.0000000000000011408549837811565,-0.00000000000000006709815758682172,-0.00032360688866692444
0.4214046822742475,-1.882469415264817,-1.9916766920941713,-0.0007126180661914784,0.0000000000000012285930172825345,0.00000000000000018897436824123212,-0.00027598871675130654
0.4280936454849498,-1.8688771955902932,-2.0742512123321184,-0.0006564254737369059,0.0000000000000018297852590930097,0.00000000000000025959289084684447,-0.00026035187868261135
0.43478260869565216,-1.85449571046944,-2.147880653907358,-0.0006234559825067613,0.00000000000000016082497381003686,-0.0000000000000008647653391157811,-0.0002526491829497317
0.4414715719063545,-1.875765158504206,2.5125614927633126,-0.0021302232226325167,-0.003662309158219856,-0.039970545792630714,-0.025504041515802642
0.44816053511705684,-1.8594444661142675,2.6736541381618433,-0.002499694241291145,-0.003792467790601146,-0.04017348429064429,-0.026948775263677595
0.45484949832775917,-1.8414358081705728,2.839847309607577,-0.0029777922583828715,-0.0038597274091344423,-0.04063632392840941,-0.028790946362471752
0.46153846153846156,-1.8214978326325697,3.0156741067946458,-0.0036144013114279006,-0.003825182885704291,-0.04154549995295476,-0.031192837242146058
0.4682274247491639,-1.7993945623756256,3.2069463915214396,-0.004493070407134507,-0.0036450219305675,-0.043252282631074154,-0.034456096859091526
0.47491638795986624,-1.7748021975174173,3.4213775951978316,-0.0057879612120011956,-0.0033080999433205867,-0.04646696346948624,-0.03931418325475695
0.4816053511705686,-1.751466094787915,3.60629284722102,-0.007218679510139942,-0.002833807742241073,-0.0567571412129963,-0.04766607262320498
0.4882943143812709,-1.732206931063367,3.7452849553280534,-0.008446325894835205,-0.0017504690274104651,-0.06398575892930825,-0.053195601128706374
0.49498327759197325,-1.713751236318445,3.890512690328695,-0.009811064418682142,-0.00011400371254069409,-0.0675908021969446,-0.05663019227791498
0.5016722408026756,-1.6953838893697304,4.0548026017995324,-0.013745546514432883,0.0033665855278277074,-0.06061624717937845,-0.047867791375563754
0.5083612040133779,-1.677121564781393,4.240792973275512,-0.018316807292005192,0.007669851466707401,-0.050383748727940485,-0.03795741306681112
0.5150501672240803,-1.6589799745115181,4.4514808263500125,-0.016438119597866792,0.009240213277353783,-0.04613863164195303,-0.037965961077753664
0.5217391304347826,-1.6409652409310644,4.69067172720622,-0.0005214811404793448,0.004671740474429023,-0.03110894449865609,-0.01551969114735231
0.5284280936454849,-1.623134462178689,4.973968833396853,-0.0002557575512545957,0.005542255508632142,-0.03168998697839229,-0.017285185512223588
0.5351170568561873,-1.6055028889516725,5.305715978982358,-0.00017147950823498723,0.006544212217502454,-0.03188320495258779,-0.018821313461518583
0.5418060200668896,-1.5857862065415858,5.446576005354464,-0.0002579661225857329,0.007810986537350187,-0.03168379608048215,-0.020312942711511926
0.5484949832775919,-1.5646842326097707,5.384447812136501,-0.0005631108155244895,0.009331718625821054,-0.030879046090730868,-0.021543714426497447
0.5551839464882943,-1.5441110761962602,5.265465566467653,-0.001072373456922326,0.010955793992395211,-0.029317717676189826,-0.022190871528017103
0.5618729096989966,-1.5245543132065842,5.139927163272721,-0.001739567539252928,0.012584318097683938,-0.026888612506630185,-0.022073434414625573
0.568561872909699,-1.5059557441038804,5.006038422494534,-0.0025146283736342764,0.014147969215570686,-0.023428607520177863,-0.021049899783313696
0.5752508361204013,-1.4882149025008795,4.86162559269618,-0.0033482658073769734,0.015584666453821307,-0.01862563792497534,-0.018924877259181995
0.5819397993311036,-1.4712529363774147,4.7046241267937035,-0.004198817158400557,0.01684596055412824,-0.01203436770305515,-0.015447628704382025
0.5886287625418061,-1.4554481112349558,4.526204245331073,-0.005006262206990318,0.017779155026321727,-0.000790404541843065,-0.008854321554278299
0.5953177257525084,-1.44070871603884,4.318382838541977,-0.005754733000970374,0.018367984291960675,0.021839003459144312,0.004868331856647607
0.6020066889632107,-1.4267589087318449,4.079888295535574,-0.006647193409592875,0.018768811066095438,0.03876273366943611,0.01816045419897605
0.6086956521739131,-1.4140011912553025,3.778479145569651,-0.008107884076629865,0.019011420010962003,0.020635382094837618,0.020121824992173763
0.6153846153846154,-1.401156946033011,3.4084483734962294,-0.010573891473003028,0.019839600820753405,-0.8113727734693886,1.0296207644305426
0.6220735785953178,-1.3882469357744909,2.9862620364660577,-0.013803985470198045,0.021112842975642268,-2.261967488719365,2.804894243933262
0.6287625418060201,-1.3739621111203246,2.705536595535314,-0.011814703659331845,0.0194370340616349,-0.6388606571036262,1.1041155842285229
0.6354515050167224,-1.359471240496309,2.4664409349343597,-0.010346577560650378,0.01801205677135085,0.3200563647561654,0.052385452723936465
0.6421404682274248,-1.3701438117857287,2.427877587695378,-0.011404646277017408,0.015742516633423746,-0.0034062237591552308,-0.01818306481882026
0.6488294314381271,-1.3552994923412038,2.070604569191549,-0.01150550817557551,0.015469032846442025,0.0048029696370616715,-0.01128257972985259
0.6555183946488294,-1.3411073154597304,1.6840464356385298,-0.011416885361107104,0.015191504293995881,0.011475517899929958,-0.0057549001810769385
0.6622073578595318,-1.4176510595390568,3.6676733239789923,-0.9323640100000171,-0.05507263026113161,0.10502881042723765,0.2931108218071083
0.6688963210702341,-1.3990421808837956,3.8325351400291385,-0.4194423763681131,-0.0635660328647902,0.1091661462941849,0.13378787665411196
0.6755852842809364,-1.3775639924156193,3.9867228986209033,0.27673036740140916,-0.07084142278123526,0.12121808149567369,0.1568823282362525
0.6822742474916388,-1.3512244866876677,4.034972772679837,-0.17266255296162286,-0.07539073104417973,0.10857753727088862,1.185612182254743
0.6889632107023411,-1.321028247815204,3.8835220572649054,-0.7957327763109278,-0.06701841973382068,0.09236201385433805,1.5253848420926606
0.6956521739130435,-1.2870093563589682,3.3714676403433805,-0.7125277054312156,-0.052551731870532296,0.07015990926717981,1.0303813102143118
0.7023411371237458,-1.2560226767990068,2.920542900283807,-0.7273213305112549,-0.039557235724477995,0.05224945019585534,0.595045434347835
0.7090301003344481,-1.2281063718899352,2.5400224187380047,-0.8286829529301214,-0.029533457090735033,0.03942600984921011,0.29683124477230793
0.7157190635451505,-1.202662787531187,2.2123950067785016,-0.9618901499096675,-0.02186748097941944,0.030178464901415798,0.10994546943545858
0.7224080267558528,-1.1797236127834672,1.9294810958173425,-1.096467183346804,-0.016046882911611625,0.02358742696628146,0.011535459745800319
0.7290969899665551,-1.1595503871987953,1.6766489593093443,-1.2122110612010701,-0.011658102135686375,0.01880946269300821,-0.02650489102115231
0.7357859531772575,-1.1431541869898991,1.4287666645368138,-1.3004152682535555,-0.008418915537081297,0.015333577000048792,-0.012486366247946704
0.7424749163879598,-1.1887032946321108,3.155828962946571,0.0061228993542898425,-0.018688827804237185,0.03169655127168921,0.009060028551827339
0.7491638795986622,-1.1644557369143809,3.181856771985287,0.0039653413695140815,-0.015822793117691226,0.034873127417561864,0.012805512172660374
0.7558528428093646,-1.1403910795772085,3.175473518077331,0.001672759477282685,-0.012958982152618238,0.03535672049384386,0.01443747861205802
0.7625418060200669,-1.1167173756031232,3.1396040366225386,-0.00046180947316868477,-0.010372417913895983,0.03383412629602508,0.01453579788691447
0.7692307692307693,-1.0936592684651048,3.072701257509016,-0.002241761562384158,-0.008205666419206796,0.031011708209480886,0.013710351849210519
0.7759197324414716,-1.0714812504892266,2.9734307738470296,-0.0036180683469703013,-0.006445571965265465,0.02759819184134907,0.012511058552826948
0.782608695652174,-1.1118221351185176,1.8276534001302227,-0.0018536706393580506,0.000000000000005130841461348856,0.0000000000000011787691582354873,-0.000173528519428024
0.7892976588628763,-1.0895104636035888,1.8551200345640086,-0.0018766444045789134,-0.0000000000000013411411973630255,-0.0000000000000014889841855671725,-0.00015771704413124177
0.7959866220735786,-1.0666319919463627,1.882136739812543,-0.0018984364685692165,-0.0000000000000024219428764756625,-0.0000000000000015278908129627899,-0.00014112642487711975
0.802675585284281,-1.0432654250245939,1.9080563505905856,-0.0019186810475399104,-0.0000000000000021069155910618225,-0.0000000000000005243094703057462,-0.0001238324849449679
0.8093645484949833,-1.019342122741378,1.9331505108367149,-0.0019371385452412874,-0.00000000000000004672814408700908,-0.0000000000000019074004941683853,-0.0001058262072551167
0.8160535117056856,-0.9951601231213316,1.9572771695268796,-0.0019533394285484885,0.0000000000000024333651221957025,0.0000000000000006218880088809108,-0.00008737509885953587
0.822742474916388,-0.970390305000772,1.981450279917734,-0.001966639502436656,-0.0000000000000020524258111053835,0.00000000000000034374781175864195,-0.00006827510646866516
0.8294314381270903,-0.9450602402170318,2.0053287427899686,-0.001976757670438528,-0.000000000000002105362605525895,0.00000000000000004734482201990992,-0.00004863970971050561
0.8361204013377926,-0.9194687897673031,2.0285713851432705,-0.001983338444622573,0.000000000000001883549998532046,-0.0000000000000015221758277510285,-0.00002880006685938582
0.842809364548495,-0.8931366844082649,2.051774456450338,-0.0019855209575717573,-0.000000000000004091483124978551,0.0000000000000034900272761732505,-0.000008503152023999356
0.8494983277591973,-0.866499878102513,2.0742210026958765,-0.0019824933143531807,0.0000000000000007348889080505537,-0.0000000000000007703397988967327,0.000011742694852548969
0.8561872909698997,-0.8392176930192338,2.0972881637909255,-0.0019737586446316874,-0.0000000000000011165622769096292,-0.0000000000000037704345523469945,0.000032069120515721894
0.862876254180602,-0.8115847402061173,2.119677528093163,-0.0019580275081155897,0.000000000000000939322133320353,-0.0000000000000015726885110680889,0.00005196981944140209
0.8695652173913043,-0.7833783344383385,2.1416283136895924,-0.0019346200868960322,-0.0000000000000001265549170123798,0.0000000000000006917948233239193,0.00007139670454693111
0.8762541806020067,-0.7545641068739254,2.164378649870476,-0.0019024294140108729,0.000000000000004493082868905327,0.0000000000000006960324338002527,0.0000900853343485471
0.882943143812709,-0.7252850056625296,2.186664629807525,-0.0018597343937078235,-0.0000000000000013031487386329949,0.0000000000000013931042990222599,0.00010749458191013402
0.8896321070234113,-0.6956270581208647,2.208976600353043,-0.0018062705447574603,0.000000000000001072689825541875,0.000000000000000484789034820461,0.00012331710584898971
0.8963210702341137,-0.665231581078846,2.2320680168146927,-0.0017383291616001734,0.0000000000000002351679619934233,-0.00000000000000016372555310073731,0.00013704484356312477
0.903010033444816,-0.6342433372008746,2.255035531728922,-0.0016553731022067458,0.0000000000000016121747195193217,-0.0000000000000018452259454877714,0.00014817681509547655
0.9096989966555183,-0.6027016382598543,2.2786279679289887,-0.001555074474803716,0.0000000000000005220033411310599,-0.0000000000000027654967025462027,0.0001560122232604909
0.9163879598662207,-0.5705307637133586,2.3025647208990745,-0.0014340812132812462,-0.0000000000000024657603434713157,0.0000000000000007564711431908083,0.00015955288179553972
0.9230769230769231,-0.5377452539463048,2.3262718440944075,-0.0012907176671461704,0.0000000000000011478036025585926,0.000000000000003385543672593568,0.0001582176730026114
0.9297658862876255,-0.5043348164369543,2.3515868043922015,-0.0011214801099506883,-0.0000000000000007365325069336895,-0.0000000000000023779976440516133,0.00015074868023974314
0.9364548494983278,-0.4701441099457403,2.377395393320203,-0.0009214517416317557,0.0000000000000014372591105815417,-0.0000000000000003100310690332136,0.00013571194589075093
0.9431438127090301,-0.4354244286157911,2.403117530720188,-0.0006892433846547945,-0.0000000000000004885989355734774,-0.0000000000000019814373514929774,0.00011213081828733656
0.9498327759197325,-0.3997116683312916,2.430575294044419,-0.00041719022689053545,-0.00000000000000015439598913354667,0.000000000000001815399994098311,0.00007802508555919849
0.9565217391304348,-0.3633077176020767,2.4567678046238983,-0.00010493408101034535,-0.000000000000001777856591235124,0.00000000000000003488333262361379,0.00003158692232325471
0.9632107023411371,-0.3133075518377218,2.1428795292392975,0.0000000000000006204434018784735,0.00000000000000018778037873397665,0.0000000000000023320881932314314,-0.000000000000001009818416733869
0.9698996655518395,-0.2560293582210151,1.6835904794128738,0.000000000000000023766781612812244,-0.0000000000000013947417099720676,-0.0000000000000016737816319056476,-0.0000000000000003909242361744342
0.9765886287625418,-0.19871713967903545,1.2692999869368635,0.000000000000002085114538492642,0.00000000000000036253930035742607,0.000000000000001174723954420406,-0.00000000000000036657638513873913
0.9832775919732442,-0.1418626532312281,0.8867722425527147,0.00000000000000035058366947954764,0.0000000000000003582247747460182,-0.0000000000000007246840295051559,-0.000000000000001582581294429239
0.9899665551839465,-0.08507297396993677,0.5245656966238771,-0.0000000000000003071105094254297,0.000000000000003616006766856528,-0.000000000000002116564820841374,0.00000000000000012957316840585807
0.9966555183946488,-0.02832285735803216,0.1735596043408163,0.0000000000000015304182585837456,0.0000000000000008557892928036996,-0.0000000000000027874254817031066,-0.0000000000000009700869839763363
1.0033444816053512,0.02832285735803299,-0.17355960434113799,-0.0000000000000004143874141655369,-0.0000000000000012399861027218107,0.0000000000000019574194563728084,0.0000000000000008745458230028971
1.0100334448160535,0.08507297396993677,-0.5245656966241937,0.00000000000000049061905620281995,-0.0000000000000034547055639514687,0.000000000000002631682495534764,-0.00000000000000009106737685751944
1.0167224080267558,0.1418626532312286,-0.8867722425530375,-0.000000000000001976172987626701,-0.000000000000004871326503290307,0.0000000000000032174397056170803,0.00000000000000006723481765881311
1.0234113712374582,0.19871713967903554,-1.269299986937179,-0.0000000000000002319102467690835,-0.0000000000000005350345287552064,0.0000000000000010125044368225757,-0.0000000000000008150537660617735
1.0301003344481605,0.25602935822101414,-1.6835904794131835,-0.00000000000000012918889050810784,0.000000000000001715735909138722,0.000000000000001561600645271648,0.0000000000000002157599878381798
1.0367892976588629,0.31330755183772085,-2.1428795292396066,-0.0000000000000009870728808182006,-0.00000000000000016680719136721916,-0.0000000000000025205313333595627,0.0000000000000010287814364659748
1.0434782608695652,0.36330771760207603,-2.456767804624214,0.00010493408101019489,0.000000000000001836846819530094,0.00000000000000031093312528191516,-0.00003158692232252561
1.0501672240802675,0.3997116683312919,-2.4305752940447363,0.0004171902268896208,0.000000000000000727309711257339,0.000000000000002217411684959278,-0.00007802508555908002
1.0568561872909699,0.4354244286157911,-2.4031175307205053,0.0006892433846550165,0.0000000000000005469724360908892,0.0000000000000023588901287575764,-0.0001121308182869816
1.0635451505016722,0.47014410994574096,-2.3773953933205196,0.000921451741633106,-0.0000000000000018404850443569768,0.00000000000000040987523310822195,-0.00013571194589129395
1.0702341137123745,0.504334816436954,-2.3515868043925185,0.0011214801099507575,0.0000000000000008040383788087015,0.0000000000000027822191977911416,-0.00015074868024005694
1.0769230769230769,0.537745253946305,-2.326271844094724,0.001290717667143467,-0.0000000000000022836144960904125,0.0000000000000012144571120148862,-0.00015821767300152045
1.0836120401337792,0.5705307637133583,-2.3025647208993916,0.0014340812132811846,0.000000000000002575700394984022,-0.0000000000000009446112056465736,-0.00015955288179550362
1.0903010033444815,0.6027016382598539,-2.2786279679293058,0.0015550744748036984,-0.000000000000002441111598493486,-0.0000000000000011960424154123735,-0.00015601222326125318
1.0969899665551839,0.634243337200874,-2.2550355317292397,0.0016553731022065895,-0.0000000000000016180534262594396,0.0000000000000017417173088135878,-0.00014817681509610565
1.1036789297658862,0.6652315810788456,-2.23206801681501,0.0017383291615980533,-0.000000000000004583935143395423,-0.0000000000000010829377463139668,-0.00013704484356332085
1.1103678929765886,0.6956270581208641,-2.2089766003533606,0.0018062705447574863,-0.00000000000000024070369280722254,-0.00000000000000041155631076851204,-0.00012331710584899023
1.117056856187291,0.7252850056625292,-2.1866646298078427,0.0018597343937063354,-0.0000000000000008501100750260651,0.00000000000000018965719296580508,-0.00010749458191000647
1.1237458193979932,0.7545641068739248,-2.1643786498707933,0.0019024294140105047,-0.000000000000004551212613874508,-0.0000000000000008829875176280916,-0.00009008533434877775
1.1304347826086956,0.7833783344383382,-2.14162831368991,0.001934620086897258,0.00000000000000032795352856468527,0.0000000000000019103406704563766,-0.0000713967045488758
1.137123745819398,0.8115847402061163,-2.1196775280934803,0.0019580275081166098,-0.00000000000000010194308664788973,0.0000000000000011214981944921533,-0.00005196981944145815
1.1438127090301002,0.8392176930192341,-2.0972881637912426,0.0019737586446334837,0.0000000000000021314111345761074,0.0000000000000012559465139581057,-0.000032069120514988045
1.1505016722408026,0.8664998781025126,-2.0742210026961936,0.0019824933143501935,-0.0000000000000004087847666794975,0.000000000000001266595685080536,-0.000011742694852852035
1.157190635451505,0.8931366844082648,-2.051774456450655,0.0019855209575714056,0.000000000000004077644639777711,-0.0000000000000028952991574971507,0.000008503152024665444
1.1638795986622072,0.9194687897673031,-2.028571385143588,0.0019833384446203634,-0.0000000000000019460361365838653,0.0000000000000006526813975520413,0.000028800066860027957
1.1705685618729098,0.9450602402170325,-2.0053287427902853,0.001976757670438796,0.0000000000000015764854347593845,-0.00000000000000015134408764872914,0.00004863970971006347
1.1772575250836121,0.9703903050007724,-1.9814502799180516,0.00196663950243714,-0.000000000000001432272172875493,-0.00000000000000024442638963914955,0.00006827510646687386
1.1839464882943145,0.995160123121332,-1.9572771695271967,0.001953339428548259,-0.000000000000002326934089810253,-0.00000000000000040428222457446686,0.00008737509885950435
1.1906354515050168,1.0193421227413788,-1.9331505108370315,0.001937138545241293,0.000000000000000984157933097387,0.0000000000000011354260450478092,0.00010582620725575905
1.1973244147157192,1.0432654250245945,-1.9080563505909027,0.0019186810475409243,0.000000000000003117051956851106,0.0000000000000004574514680618452,0.00012383248494605845
1.2040133779264215,1.066631991946363,-1.8821367398128603,0.0018984364685696445,0.0000000000000027452731772011534,0.0000000000000015015450933649325,0.0001411264248772603
1.2107023411371238,1.0895104636035895,-1.8551200345643262,0.0018766444045819452,0.0000000000000015011671033509157,0.00000000000000033154235738725386,0.00015771704412880327
1.2173913043478262,1.111822135118518,-1.8276534001305391,0.0018536706393562272,-0.0000000000000015092599738656322,-0.0000000000000007074148351479782,0.00017352851942749618
1.2240802675585285,1.1337681976899876,-1.7988937416852213,0.001829532116687211,0.000000000000002712837762732942,-0.00000000000000008218717597081074,0.0001886527271241855
1.2307692307692308,1.0936592684651054,-3.0727012575092028,0.0022417615623841775,0.008205666419211522,-0.03101170820948288,-0.013710351849214984
1.2374581939799332,1.1167173756031237,-3.1396040366227242,0.000461809473169178,0.01037241791389405,-0.03383412629602515,-0.014535797886915244
1.2441471571906355,1.140391079577209,-3.175473518077517,-0.001672759477281746,0.01295898215261394,-0.03535672049384052,-0.014437478612068283
1.2508361204013378,1.1644557369143815,-3.1818567719854722,-0.003965341369510092,0.015822793117696528,-0.03487312741756016,-0.012805512172648121
1.2575250836120402,1.1887032946321106,-3.1558289629467566,-0.006122899354286281,0.018688827804233733,-0.03169655127167826,-0.009060028551815775
1.2642140468227425,1.212979722540549,-3.08888196357466,-0.007780953224011659,0.02114867760894423,-0.025215359008050876,-0.0027946595475760424
1.2709030100334449,1.1595503871987958,-1.676648959309146,1.2122110612010681,0.011658102135678234,-0.01880946269301196,0.02650489102117736
1.2775919732441472,1.179723612783468,-1.929481095817148,1.096467183346796,0.01604688291160953,-0.023587426966289793,-0.011535459745800041
1.2842809364548495,1.202662787531187,-2.2123950067783005,0.9618901499096683,0.021867480979420154,-0.03017846490141037,-0.10994546943543239
1.2909698996655519,1.228106371889935,-2.5400224187378067,0.8286829529301245,0.029533457090746035,-0.03942600984919176,-0.2968312447723106
1.2976588628762542,1.256022676799006,-2.920542900283605,0.7273213305112678,0.0395572357244912,-0.052249450195859484,-0.5950454343477501
1.3043478260869565,1.2870093563589684,-3.3714676403431874,0.7125277054312221,0.05255173187053185,-0.07015990926719272,-1.030381310214335
1.3110367892976589,1.3210282478152038,-3.883522057264705,0.7957327763109399,0.06701841973382258,-0.09236201385435389,-1.5253848420926923
1.3177257525083612,1.3512244866876675,-4.034972772679642,0.17266255296163385,0.07539073104417429,-0.10857753727086984,-1.1856121822547037
1.3244147157190636,1.3775639924156193,-3.986722898620707,-0.27673036740142165,0.07084142278124078,-0.12121808149566066,-0.15688232823624626
1.3311036789297659,1.3990421808837963,-3.8325351400289414,0.41944237636814996,0.06356603286479165,-0.1091661462941873,-0.13378787665411246
1.3377926421404682,1.4176510595390561,-3.6676733239788,0.9323640100000214,0.055072630261121705,-0.10502881042722122,-0.2931108218071303
1.3444816053511706,1.4338880350033418,-3.4937173441716176,1.100685948476762,0.03773945992888206,-0.0916803615525837,-0.34668292431643943
1.351170568561873,1.3552994923412032,-2.0706045691916835,0.011505508175587209,-0.01546903284643891,-0.004802969637052667,0.011282579729900318
1.3578595317725752,1.370143811785728,-2.427877587695512,0.01140464627702193,-0.01574251663341764,0.0034062237591582145,0.01818306481886166
1.3645484949832776,1.3862679097186799,-2.769979639259596,0.01109295382748604,-0.01595767575047647,0.012134593713219512,0.025390427428617825
1.37123745819398,1.3739621111203248,-2.7055365955421116,0.011814703644541158,-0.019437036947985167,0.6388606570230524,-1.1041155835093561
1.3779264214046822,1.3882469357744913,-2.9862620364833585,0.013803985378120524,-0.021112850257794344,2.2619674885853924,-2.8048942421566467
1.3846153846153846,1.4011569460330116,-3.408448373502313,0.010573891440173927,-0.019839603459018428,0.811372773420975,-1.0296207637885835
1.391304347826087,1.414001191255303,-3.7784791455693627,0.008107884077243978,-0.01901142001078505,-0.020635382094723,-0.020121824994186507
1.3979933110367893,1.4267589087318446,-4.079888295535285,0.006647193409698091,-0.018768811066061607,-0.03876273366945857,-0.01816045419943007
1.4046822742474916,1.44070871603884,-4.3183828385417,0.005754733000961903,-0.01836798429196893,-0.021839003459165257,-0.004868331856674577
1.411371237458194,1.4554481112349562,-4.526204245330806,0.005006262206985969,-0.017779155026335303,0.000790404541852246,0.008854321554308965
1.4180602006688963,1.4712529363774147,-4.704624126793434,0.004198817158402339,-0.01684596055413046,0.01203436770306018,0.015447628704385093
1.4247491638795986,1.4882149025008786,-4.8616255926959075,0.0033482658073785776,-0.015584666453823016,0.018625637924970927,0.01892487725919185
1.431438127090301,1.5059557441038802,-5.006038422494264,0.0025146283736350522,-0.014147969215571788,0.023428607520176132,0.02104989978331614
1.4381270903010033,1.5245543132065837,-5.13992716327245,0.00173956753925335,-0.012584318097685449,0.026888612506626938,0.02207343441462913
1.4448160535117056,1.5441110761962598,-5.265465566467382,0.001072373456922493,-0.010955793992396401,0.029317717676182527,0.022190871528025832
1.451505016722408,1.5646842326097705,-5.384447812136233,0.0005631108155246807,-0.009331718625819368,0.030879046090725136,0.02154371442649161
1.4581939799331103,1.5857862065415849,-5.446576005354196,0.00025796612258637355,-0.007810986537348153,0.03168379608048085,0.020312942711498555
1.4648829431438126,1.605502888951672,-5.305715978982096,0.00017147950823596174,-0.006544212217501121,0.03188320495259122,0.018821313461518753
1.471571906354515,1.623134462178688,-4.97396883339659,0.00025575755125700425,-0.00554225550862811,0.031689986978385265,0.017285185512222783
1.4782608695652173,1.6409652409310642,-4.690671727205952,0.0005214811404743954,-0.004671740474433227,0.031108944498650436,0.015519691147365778
1.4849498327759196,1.6589799745115175,-4.451480826349745,0.016438119597861723,-0.00924021327735368,0.04613863164194824,0.037965961077762796
1.491638795986622,1.6771215647813924,-4.240792973275248,0.01831680729199408,-0.007669851466711572,0.05038374872792346,0.03795741306681506
1.4983277591973243,1.69538388936973,-4.054802601799269,0.013745546514430931,-0.003366585527827325,0.06061624717936766,0.047867791375563004
1.5050167224080269,1.7137512363184455,-3.890512690328425,0.009811064418688814,0.00011400371254504098,0.06759080219694581,0.05663019227791946
1.5117056856187292,1.7322069310633672,-3.7452849553277834,0.008446325894838734,0.0017504690274130989,0.06398575892930891,0.05319560112871581
1.5183946488294315,1.751466094787916,-3.6062928472207485,0.007218679510136746,0.002833807742239472,0.05675714121303701,0.04766607262321767
1.5250836120401339,1.7748021975174173,-3.421377595197573,0.005787961211990872,0.0033080999432989213,0.046466963469649666,0.03931418325480793
1.5317725752508362,1.799394562375626,-3.2069463915211758,0.004493070407135875,0.0036450219305689947,0.043252282631069346,0.03445609685908658
1.5384615384615385,1.8214978326325695,-3.0156741067943864,0.0036144013114286252,0.003825182885705654,0.04154549995295678,0.031192837242149905
1.5451505016722409,1.841435808170573,-2.8398473096073182,0.0029777922583843256,0.0038597274091338937,0.040636323928406985,0.02879094636248638
1.5518394648829432,1.859444466114268,-2.6736541381615826,0.002499694241294071,0.0037924677905985995,0.040173484290638176,0.026948775263685713
1.5585284280936456,1.8757651585042059,-2.5125614927630555,0.002130223222633026,0.0036623091582197696,0.03997054579263994,0.025504041515799797
1.565217391304348,1.8896466451372658,-2.351492546198381,0.0018743104021968803,0.00348889116881892,0.03998264303320963,0.02451096842177514
1.5719063545150502,1.8688771955902928,2.0742512123322494,0.0006564254737330143,-0.0000000000000006397097735809416,0.0000000000000002892859735182062,0.0002603518786832109
1.5785953177257526,1.8824694152648171,1.9916766920943019,0.0007126180661919332,0.00000000000000032798302043874127,-0.00000000000000010131679482681685,0.0002759887167514019
1.585284280936455,1.8947529073967062,1.887894413317896,0.0007982763553876993,0.000000000000000011678270373789848,-0.000000000000000042925370744647233,0.0003236068886668942
1.5919732441471572,1.9061965196182704,1.7705019905205248,0.0009028443457449229,-0.0000000000000011286358376753292,0.00000000000000030360945201069316,0.00039174917956719276
1.5986622073578596,1.914896567332793,1.600500853847791,-0.00039011832715927337,-0.0000000000000012872401445315913,0.00000000000000007908004447667528,0.0007685653475147007
1.605351170568562,1.9224320139351614,1.408168123902515,-0.002276311361706564,-0.0000000000000010291236768818342,-0.0000000000000003878573822598673,0.0012764088485463765
1.6120401337792643,1.8923325365862513,-0.3310968890073037,0.011781088434259469,-0.02156491448646011,0.5570400960505725,-0.324665726247127
1.6187290969899666,1.9134350242014617,-0.28763457342281373,0.047118561225746466,-0.0863481079018801,0.1251834750530161,-0.09618631016233718
1.625418060200669,1.93893423924436,-0.23103298265171507,0.1465835543149624,-0.27104375969993233,-0.5349186326897555,0.22605331525786457
1.6321070234113713,1.9615143341211274,-0.1715898512593176,0.30757624474004264,-0.5905652970262787,-1.5298486089294987,0.6387196190469532
1.6387959866220736,1.981625410239286,-0.09494490355525452,0.6672180544240899,-1.3225188524883902,-3.3840785412126135,1.564777397164664
1.645484949832776,2.000897470700837,0.07322792703825934,2.111122345529674,-3.9230007540755913,-6.861913349360892,3.6295547913438133
1.6521739130434783,2.019289765643646,1.3594852110535522,16.424538963363798,-39.23108973052824,-19.131498637767596,8.39054554406353
1.6588628762541806,2.0398904903541792,1.1859614888436198,1.8599659805567583,-6.252797884822201,-17.98867521644924,8.766398054104064
1.665551839464883,2.0633291455716045,0.4207734721899539,-1.7726402817554465,3.4028770731523856,-9.672296749707066,5.370336811374154
1.6722408026755853,2.0863814088930352,0.20558670482707234,-0.4734286166082675,0.7949392310173373,-6.429338108111287,3.881842203370865
1.6789297658862876,2.0614434726323516,0.4616250216692771,-0.029677963131914953,-0.0000000000000006189775387670192,0.0000000000000002569770359659122,0.014483171829183461
1.68561872909699,2.0768673285991466,0.4237409862335057,-0.03199083292912318,-0.0000000000000007587194427192215,-0.00000000000000025998577392022887,0.015062642453739875
1.6923076923076923,2.0924765999864037,0.388631092669235,-0.029769183700889414,-0.0000000000000011161624900993723,-0.0000000000000004445094562757551,0.012802638182381889
1.6989966555183946,2.108280468517855,0.3562392763028723,-0.021793827936615315,-0.000000000000001373022511773316,-0.0000000000000002514256476798965,0.00777264515626831
1.705685618729097,2.124382436232876,0.3270360945123065,-0.0038592886687122165,0.0000000000000004461840799959446,0.00000000000000017551834941448776,0.0013763934204099179
1.7123745819397993,2.1407295140738536,0.3004976600716536,0.00000000000000010694203078030526,0.00000000000000020113652798444893,0.00000000000000014103650804444479,-0.000000000000000185548017399791
1.7190635451505016,2.1573047295059697,0.27586592743461236,0.0000000000000002122486855105433,-0.0000000000000004190755522375075,-0.000000000000000034700795106272846,-0.00000000000000008053188084430164
1.725752508361204,2.174119084959954,0.253004825296065,0.0000000000000000668867605124841,-0.0000000000000007833638032521503,-0.00000000000000013594987736722888,0.0000000000000000911595668788555
1.7324414715719063,2.191189825684316,0.2321441970080983,0.0000000000000007338438560336555,-0.0000000000000009958877375615222,0.0000000000000002701014384640851,-0.0000000000000004567722525835755
1.7391304347826086,2.208451674809788,0.21319687131472576,0.0000000000000004505772219668937,-0.0000000000000003623672108660069,0.00000000000000013834936878995557,-0.0000000000000002418273937999443
1.745819397993311,2.225905180190878,0.19567143066821077,0.0000000000000006339257592195276,-0.00000000000000036055927937024506,0.00000000000000010761329185345218,-0.00000000000000005605233424775133
1.7525083612040133,2.2435132896592056,0.1794339543530051,0.0000000000000005627676005364381,-0.00000000000000015748509477155497,0.00000000000000011067155704919281,-0.00000000000000004177278595514319
1.7591973244147157,2.26125536739966,0.16435779079447047,-0.0000000000000003710937051294801,0.0000000000000008170232805494901,-0.000000000000000003906205244897234,-0.00000000000000013337392126993638
1.765886287625418,2.279297690883084,0.15056897767546437,0.00000000000000007616267622748872,-0.0000000000000006152637699064198,-0.000000000000000017824495776741583,0.000000000000000014590195724363806
1.7725752508361203,2.2975091345418055,0.13794924572796308,0.000000000000000378761433641643,-0.00000000000000032487920904191646,-0.00000000000000022668221225623987,0.0000000000000001543371867492715
1.7792642140468227,2.3159284044402058,0.12622275808247452,-0.00000000000000014836543743319957,-0.00000000000000025641059229480525,-0.00000000000000011244541852373524,0.00000000000000012602673923542942
1.785953177257525,2.334431405950433,0.11539731921724315,-0.0000000000000001813934243912928,-0.00000000000000016411955691054237,-0.000000000000000000957825187950188,0.000000000000000018608733539551153
1.7926421404682273,2.353102706474448,0.10537067756568368,0.00000000000000011077306575556507,0.00000000000000006228935777144826,-0.00000000000000001870612848718468,0.000000000000000007432853860885822
1.7993311036789297,2.3720764045314713,0.09604774980829565,-0.00000000000000009831176971291533,0.00000000000000019229830006050331,-0.00000000000000008636932422736611,0.00000000000000013349530901076752
1.806020066889632,2.39117108567214,0.0874581904977909,-0.00000000000000007288101642414234,-0.00000000000000003539779833281134,-0.00000000000000018215126097405232,0.00000000000000007710821313920261
1.8127090301003344,2.4103248532119137,0.07958890312889448,0.0000000000000002390825054024232,0.000000000000000013107129302110668,-0.00000000000000021750110033917938,-0.000000000000000012884009147658575
1.8193979933110367,2.4297834750305136,0.07236693612489958,0.00000000000000032511215092123386,0.00000000000000025254428575214227,0.00000000000000008865188507012404,-0.000000000000000012204657136726428
1.826086956521739,2.4493622591234487,0.06568613309474614,0.0000000000000001050067575017841,0.0000000000000003180917195319463,-0.00000000000000007662842913065858,0.000000000000000002962590447136384
1.8327759197324414,2.4692117203660153,0.05950770226521171,0.000000000000000025079408430512582,0.00000000000000010309765267569699,-0.00000000000000011597341253064899,-0.000000000000000019368061386888496
1.839464882943144,2.489126992544916,0.05381345587950661,0.000000000000000006215891936111374,-0.000000000000000046713296291815763,-0.000000000000000011025788702071718,-0.00000000000000002755475803013619
1.8461538461538463,2.509213541157483,0.04856656026489557,-0.000000000000000007835017876351188,-0.00000000000000010317104175205603,0.000000000000000052786839343993735,0.00000000000000001760294128295202
1.8528428093645486,2.529525455149359,0.04373886577683054,0.0000000000000000030203181440103698,-0.00000000000000006615503806623472,0.000000000000000013383665498534362,0.00000000000000002490271726696366
1.859531772575251,2.5499665224277255,0.03929808645108635,-0.00000000000000002218697015970333,0.00000000000000006918228474270333,-0.000000000000000023478105037509652,0.00000000000000001108748759631911
1.8662207357859533,2.5706007490436056,0.03522257795434502,-0.00000000000000009573757192085421,0.000000000000000009852113967783768,0.00000000000000004064814313732302,0.00000000000000010371763258419776
1.8729096989966556,2.591389305194474,0.031497378223787696,-0.00000000000000008124859028153844,-0.00000000000000019519032645296064,0.00000000000000009701313909401293,0.00000000000000010852165462219386
1.879598662207358,2.6123072403792325,0.028095422044703014,-0.000000000000000007667154370382792,-0.000000000000000010196668631550215,0.00000000000000005262261229011881,-0.000000000000000016438195381472044
1.8862876254180603,2.633466921711408,0.024962103678903388,-0.00000000000000006289883339907876,0.000000000000000043123172689466185,0.000000000000000018109853353832804,-0.00000000000000005704697649417763
1.8929765886287626,2.6584268945470844,0.02168495113811474,-0.00000000000000003347503707708865,-0.00000000000000008609997292126558,0.000000000000000026193863593628328,-0.000000000000000034060679102101193
1.899665551839465,2.696994696248334,0.01730685551770144,-0.000000000000000015465047962074307,0.00000000000000005414347407865992,0.000000000000000005486894349670816,0.000000000000000015700632951785082
1.9063545150501673,2.7360370484154184,0.013655206586084738,0.000000000000000050996355806463824,-0.000000000000000021850535620086166,0.000000000000000024559164171121828,-0.00000000000000002611934067947455
1.9130434782608696,2.775725546440774,0.010628077988464118,0.000000000000000052210794353594235,-0.00000000000000003378182734637706,0.000000000000000002038304342971653,0.000000000000000007113240433657682
1.919732441471572,2.8161563082523413,0.008121299396165309,-0.000000000000000011423644870442917,-0.000000000000000002667574409265079,-0.00000000000000000821182769340299,0.000000000000000004950472676332481
1.9264214046822743,2.856994746696187,0.006082424594569651,0.0000000000000000011770300587799146,-0.00000000000000000074221882399425955,0.000000000000000008147174305268404,-0.0000000000000000029170727789844967
1.9331103678929766,2.8985884242948714,0.004444963295247469,0.0000000000000000011833849358220275,0.0000000000000000065042907836608185,0.000000000000000003847355679635376,-0.00000000000000000020454560520649036
1.939799331103679,2.9408680351691365,0.0031522747720007264,0.000000000000000007696134635303485,0.00000000000000000293496125945217,-0.0000000000000000028030008063653347,0.00000000000000000014706021524216483
1.9464882943143813,2.9836319992400355,0.002156204352905237,0.000000000000000007664684934455484,0.000000000000000007853769909465987,0.000000000000000008974788677836363,-0.0000000000000000001596992264008821
1.9531772575250836,3.0271840736000653,0.0014081269746683816,-0.000000000000000001002882778893524,-0.0000000000000000011883331633450802,0.0000000000000000007882709015237396,0.0000000000000000006821069713255447
1.959866220735786,3.0712413971865833,0.0008656387840918822,-0.0000000000000000028870225826064263,-0.00000000000000000014761063236922566,0.0000000000000000014463897759726768,0.0000000000000000003396281196708682
1.9665551839464883,3.1160513585931717,0.0004894388807394163,-0.0000000000000000012135983752727372,0.0000000000000000008965281044083622,0.0000000000000000002839181021866376,-0.000000000000000000021139043300411822
1.9732441471571907,3.1614777919015578,0.00024552362011600855,0.0000000000000000006873557744347661,-0.0000000000000000012637091179442808,-0.00000000000000000026190032707112486,-0.000000000000000000026975133927425612
1.979933110367893,3.20760544196081,0.00010204524056070729,0.00000000000000000019060072930311364,0.00000000000000000012211458994966043,-0.000000000000000000050330443848386257,-0.00000000000000000015664035978408857
1.9866220735785953,3.2543461024290945,0.00003011529205628363,-0.000000000000000000023955000733346225,-0.000000000000000000038934672031843487,0.000000000000000000006963504345112478,-0.000000000000000000011921182721162254
1.9933110367892977,3.301895943645137,0.000003939953130254301,-0.000000000000000000013587569914684766,-0.0000000000000000000017996021289606158,0.000000000000000000003833292866510529,0.0000000000000000000040784073456302034
1.9969865,3.328171540590864,0.00000031927463282720903,-0.000000000000000000005159952661105787,0.00000000000000000000010587911840678754,0.000000000000000000000047976475528075605,0.0000000000000000000026982631581479763
0,0,0,0,0,0,0
0,0,0,0,0,0,0
0,0,0,0,0,0,0
0,0,0,0,0,0,0
0,0,0,0,0,0,0
0,0,0,0,0,0,0
0,0,0,0,0,0,0
