# n,energy,berry,bcd_x,bcd_y,qmd_x,qmd_y
0.00000044444444444444444,-3,0,0,0,0,0
0.006666666666666667,-2.975903595205966,0.0000000000000000000000064887072669696404,0.0000000000000000000027708897647157888,0.000000000000000000002386428443476796,0.0000000000000000000008737968490442072,0.0000000000000000000012096946339009588
0.013333333333333334,-2.9519942421943295,-0.00000000000000000000007125062316512463,-0.000000000000000000039071109698986923,0.00000000000000000006351396431087788,0.000000000000000000032235057979814456,0.000000000000000000025288632039992777
0.02,-2.9282361898850517,-0.0000000000000000000002699542221373456,-0.0000000000000000002680017626517468,0.00000000000000000019155186569331405,0.00000000000000000010720393025248933,0.00000000000000000010210027988856566
0.02666666666666667,-2.9046722884474327,-0.0000000000000000000006981988867990464,0.00000000000000000020085654451930748,0.00000000000000000011498148555365235,0.00000000000000000024213248520179653,0.00000000000000000030695607166756714
0.03333333333333333,-2.8812585837378593,-0.0000000000000000000013662192847281916,-0.0000000000000000002386206957890943,-0.00000000000000000008549125608441289,-0.000000000000000000305696903671194,0.00000000000000000018584107709816043
0.04,-2.858028625261322,-0.000000000000000000002376653649371785,0.00000000000000000026818704384419047,0.00000000000000000080699614772921775,0.00000000000000000011298774283109807,-0.00000000000000000006018162126265725
0.04666666666666667,-2.834968296131215,-0.000000000000000000003890013488825365,0.000000000000000001400834610691342,-0.0000000000000000005522594649709884,-0.0000000000000000008952271498564497,-0.00000000000000000016905787234767672
0.05333333333333334,-2.812054474891644,0.00000000000000000000712924148298069,-0.00000000000000000036119286562871644,-0.0000000000000000011224372036322197,-0.00000000000000000011679139783616485,-0.0000000000000000004228934048038707
0.06,-2.7893326200901694,-0.000000000000000000008398565295658472,-0.000000000000000000052663634105083276,-0.000000000000000003204021564355112,-0.0000000000000000007434347711663457,-0.0000000000000000005741374045326284
0.06666666666666667,-2.766781557535373,0.00000000000000000005884412557570615,0.0000000000000000009238514642598527,-0.0000000000000000012842896835548039,-0.0000000000000000014949766506030116,0.0000000000000000008286566183184937
0.07333333333333333,-2.7443716034472607,-0.000000000000000000025677345753380763,-0.00000000000000000031048840532737174,0.0000000000000000005884550253437183,-0.0000000000000000011782367615165501,-0.0000000000000000014572229946444574
0.08,-2.7221454087406625,-0.000000000000000000035852564365064846,0.0000000000000000032830239228178005,-0.0000000000000000057926447554019,0.0000000000000000017924604628179255,0.0000000000000000008162067264097665
0.08666666666666667,-2.7000746042888655,0.00000000000000000005963535180715101,0.0000000000000000002956867872654739,-0.000000000000000003302343066251041,0.0000000000000000026695407780252347,0.00000000000000000298050398557414
0.09333333333333334,-2.678144804400445,0.00000000000000000006778823828702279,-0.000000000000000007593661422854564,-0.00000000000000000289277156379593,0.0000000000000000026508702298871243,0.0000000000000000033839460455554215
0.1,-2.656375675071903,-0.00000000000000000007544808578201629,0.000000521551758673316,0.0000009033541447887405,0.0000729894834631032,-0.00012642149377642547
0.10666666666666667,-2.6347846586116463,-0.00000000000000000009193906891243984,0.0000012389581479917913,0.0000021459384608414656,0.000016891916390545422,-0.000029257657425753086
0.11333333333333333,-2.613357782116657,-0.00000000000000000011243530023680745,0.000001914042262914378,0.000003315218447223695,0.00001334400694596403,-0.0000231124980069885
0.12,-2.5921068822566795,0.00000000000000000017784955719191776,-0.00000000000000001253306726771108,-0.000000000000000017812542176577224,-0.000000000000000007310830236330177,0.000000000000000006287338083732294
0.12666666666666668,-2.5708911050732577,0.00000000000000000022768972559388957,0.000000000000000001771473230669296,0.00000000000000002890617578013521,-0.0000000000000000015913962205958844,-0.000000000000000019185644312414816
0.13333333333333333,-2.5500107651597754,0.0000000000000000002600081167574258,-0.000000000000000021255069603607123,-0.000000000000000039758781382974544,0.000000000000000017733011310191995,-0.000000000000000004850108247924235
0.14,-2.529186592306742,0.00000000000000000030106794787659125,-0.000000000000000007226712311372005,-0.000000000000000012494558783501935,-0.00000000000000000536108962832534,0.00000000000000001175306324536795
0.14666666666666667,-2.508505400308589,0.000000000000000000276636625566367,0.0000000000000000020907831150078737,-0.000000000000000010825567872090927,-0.000000000000000012113147949168144,-0.0000000000000000005580957579880368
0.15333333333333332,-2.4879801308351444,0.00000000000000000019902616501182343,-0.000000000000000028724986494576854,0.00000000000000005503448151698403,0.000000000000000013856184602895472,-0.000000000000000013008005398938835
0.16,-2.4676845763654454,0.00000000000000000008672038621849873,-0.000000000000000022956894132877097,0.00000000000000007565886477458074,0.000000000000000011060842034670616,-0.00000000000000002598754208315665
0.16666666666666666,-2.447526267435062,0.00000000000000000008541947646647892,0.000000000000000013445362965607898,-0.00000000000000004292130618084368,-0.000000000000000012177683842561185,-0.0000000000000000005271387053241713
0.17333333333333334,-2.4274811659567357,0.00000000000000000013423676160251585,-0.000000000000000014744891063201547,0.000000000000000014483760564540946,0.000000000000000025216541565086675,0.000000000000000001004162655646846
0.18,-2.407544317993049,0.00000000000000000013269682541385576,-0.000000000000000005347742028731281,-0.000000000000000000901631428708821,0.000000000000000004826969007864122,-0.00000000000000002277675647356946
0.18666666666666668,-2.387830176506679,0.00000000000000000009849572966969959,-0.000000000000000027376078378346456,0.000000000000000024386011902671873,-0.000000000000000011347483329334171,-0.00000000000000004845056396002147
0.19333333333333333,-2.368218650222149,-0.000000000000000000010559771663511396,0.0000000000000000021879443938730213,-0.00000000000000001042432242384,-0.0000000000000000464431454039466,-0.000000000000000029426579217642024
0.2,-2.3488394420091243,0.000000000000000008764380502547411,0.00001606470033512359,0.000027824877188861912,0.000014178915189200526,-0.000024558601503865265
0.20666666666666667,-2.32953577583006,0.000000000000000008676864760534925,0.000017431337649984784,0.00003019196245366231,0.000015294881890214883,-0.000026491512529621402
0.21333333333333335,-2.3104278454323044,0.000000000000000008587164380785024,0.000018805000064302215,0.00003257121554780659,0.000016536099360771254,-0.000028641364251979523
0.22,-2.291463519841731,0.000000000000000008460291078896695,0.000020187808236073126,0.000034966309558367916,0.000017908494093695247,-0.000031018421657367
0.22666666666666666,-2.2726525336929577,-0.00000000000000000032236455439926486,-0.00013728572078512883,-0.000000000000000025181983495668604,-0.00000000000000004054544557381002,-0.00005067834457401527
0.23333333333333334,-2.253984257474253,-0.00000000000000000021584891816859593,-0.0006101304154651013,0.00000000000000011126679940840145,0.00000000000000005002406582340366,-0.00022650354925165116
0.24,-2.2355229481346233,0.0000000000000000000936667981615137,-0.0004797725118972156,0.0000000000000001934613572369481,0.0000000000000001471271302989298,-0.00018513706756863093
0.24666666666666667,-2.2170569264716566,0.000000000000000007745676343814194,0.000025668963483450966,0.00004445994893096107,0.000024777348807469538,-0.00004291562701169458
0.25333333333333335,-2.1988708465014013,0.000000000000000007566956070126309,0.000026980815478199527,0.00004673214323813318,0.00002685456244358691,-0.00004651346656743858
0.26,-2.180809050526325,0.000000000000000007324044269274905,0.00002826756681743089,0.00004896086193412926,0.00002910347352394756,-0.00005040869482040339
0.26666666666666666,-2.1628485389780967,0.0000000000000000033712528993598472,-0.00038747188138531723,0.0000000000000002126763886508152,0.00000000000000012041910361473417,-0.000165164437157505
0.2733333333333333,-2.145183890280433,0.0000000000000000047064591032473744,-0.00038504331952583115,-0.0000000000000001988996589665582,0.00000000000000015073791490794352,-0.00016666363174093617
0.28,-2.1275765405991844,0.000000000000000006588238147619516,0.00003179747755359253,0.000055074846675483855,0.000036841935800781966,-0.00006381210465621476
0.2866666666666667,-2.110130534443237,0.000000000000000006305655539100678,0.00003284023545756378,0.000056880956344899266,0.00003977474932944751,-0.00006889188669554521
0.29333333333333333,-2.0928405643896695,0.000000000000000006018617914967686,0.00003380545945018343,0.00005855277333950658,0.000042893661492902627,-0.00007429400102683853
0.3,-2.075734315252797,0.0000000000000000053091024652954604,-0.00039510350333845837,-0.00000000000000011968637807762741,0.00000000000000012565295868759638,-0.0001775594978888062
0.30666666666666664,-2.0587661693889716,0.000000000000000004563102668450771,-0.00040055391514077414,-0.0000000000000005274259763941144,0.0000000000000002593233486448733,-0.00018085459078187753
0.31333333333333335,-2.0419212262260378,0.0000000000000000034119791140427964,-0.000406577479390866,0.00000000000000044292800272807043,0.00000000000000022052589845927237,-0.00018416628624235023
0.32,-2.025277998734988,0.00000000000000000496171234252241,0.00003662707853616303,0.00006343996095603241,0.00005740593691995775,-0.00009942999940127011
0.32666666666666666,-2.008839811823063,0.000000000000000004686963976670337,0.00003700038235686141,0.00006408654213757302,0.00006160682163705332,-0.000106706145168615
0.3333333333333333,-1.9925477405314658,0.0000000000000000007581303887280795,-0.0004275960434153835,0.0000000000000001161315528277745,0.00000000000000004118073565162848,-0.00019400090865371333
0.34,-1.9764191653442467,-0.00000000000000000021896880084951923,-0.0004353811413050097,0.0000000000000001532800860260387,0.00000000000000005510523180677997,-0.00019723542148147288
0.3466666666666667,-1.9603816175318731,0.000000000000000003656180331194312,0.00004746639936820913,0.00008221421536072888,-0.0009215779288425492,0.001596219795893759
0.35333333333333333,-1.9445592139714074,0.0000000000000000030846941351890498,0.00005740698601834535,0.00009943181649212823,-0.0005472499867523283,0.0009478647814989791
0.36,-1.9289925091283495,-0.0000000000000000063004740854017404,-0.0004601929156516516,-0.0000000000000000518440799751471,-0.00000000000000012013247385577638,-0.000206484016791233
0.36666666666666664,-1.913513098604392,-0.000000000000000009593832652036388,-0.00046887401587045766,-0.00000000000000017500604156361329,0.00000000000000029548621326609486,-0.00020938600771141123
0.37333333333333335,-1.8982328089063971,0.0000000000000000007956257607959303,0.00009379877659969663,0.00016246424676060546,-0.0003278454830113505,0.0005678450336068343
0.38,-1.8831166288378889,-0.00000000000000000019674900477985615,0.00010765664750801787,0.00018646678326079055,-0.00029225159195424885,0.0005061946058570332
0.38666666666666666,-1.8682228964262717,-0.000000000000000019683340773036528,-0.0004957653804366619,-0.0000000000000022132566990260757,0.00000000000000010143256853615892,-0.0002175706118262935
0.3933333333333333,-1.8534908044077647,-0.000000000000000023596044176395486,-0.0005050159011439978,-0.00000000000000012280960632611718,-0.00000000000000054669794446062,-0.00022009586152752823
0.4,-1.838953667267291,-0.0000000000000000033864501316851936,0.00015361641013485102,0.0002660714272285522,-0.00021584829123251424,0.00037386020713983247
0.4066666666666667,-1.8246038152255222,-0.000000000000000004612340189035806,0.00016989474824638813,0.00029426633590302225,-0.00019416247363935671,0.0003362992692605727
0.41333333333333333,-1.8104636412036623,-0.00000000000000003847980334689118,-0.0005330299568038362,0.0000000000000013254148665337707,-0.000000000000000051249140914205333,-0.00022703945627583692
0.42,-1.7966035774926252,-0.000000000000000045573374632503184,-0.0005424648403978096,0.0000000000000019326512327561086,0.0000000000000002267508624886506,-0.00022912857256414393
0.4266666666666667,-1.7829010089775164,-0.00000000000000005335082554910188,-0.0005519295445154853,0.0000000000000015595355354521456,0.0000000000000002556127685367974,-0.0002311319050170829
0.43333333333333335,-1.7693107600083569,-0.000000000000000010087797037814429,0.00023737057315627563,0.0004111378929322728,-0.00011105437185848947,0.00019235181446197524
0.44,-1.7560846635414622,-0.000000000000000011836961576761228,0.0003790993755434383,0.0006566193795593633,-0.00010394823388046832,0.0001800436224375561
0.44666666666666666,-1.7430532648881927,-0.00000000000000007839633753360202,0.026861028749811427,-0.0000000000000012443604702285447,-0.0000000000000005051181326512148,-0.011751837555529034
0.4533333333333333,-1.7301682609711515,-0.00000000000000008701011478325863,0.020711906793196105,0.0000000000000023598183300186984,-0.00000000000000038429978336036443,-0.010286404118086751
0.46,-1.7177326871098828,-0.000000000000000017027423957687374,0.00025343057553203394,0.0004389546330178924,-0.00006144046833163142,0.00010641801279018275
0.4666666666666667,-1.7054324547760422,-0.00000000000000001880223329529941,0.0003193950944449545,0.00055320853126672,0.000002962980062181655,-0.000005132031961607105
0.47333333333333333,-1.693418209084451,-0.000000000000000020631567237724623,0.00033455247376071437,0.0005794618823456483,0.000028034362521426198,-0.000048556940067323485
0.48,-1.68176630038855,-0.0000000000000001420068761722036,0.01647097389699098,-0.000000000000001640731090451428,-0.00000000000000015473546336692446,-0.008493235434995024
0.4866666666666667,-1.670270634202174,-0.00000000000000015851338309752897,0.015338547273197417,-0.000000000000002233318150837173,0.0000000000000003774050742952586,-0.00785971512741677
0.49333333333333335,-1.659293340368559,-0.00000000000000017566670421258957,0.01403229672898998,-0.00000000000000030475867325382255,-0.00000000000000019636412085618678,-0.007146587980720225
0.5,-1.6484064002362246,-0.00000000000000002758299393862223,0.00038785772264497687,0.0006717892817211347,0.00013748705344227515,-0.00023813456194426354
0.5066666666666667,-1.6380253942475376,-0.00000000000000002892538856511523,0.0003988981396408861,0.0006909118448973261,0.0001669668547258489,-0.0002891950755653299
0.5133333333333333,-1.6279838053171953,-0.00000000000000003033056301821357,0.0004091004057663549,0.0007085826881814249,0.00019680523812334955,-0.00034087667162581924
0.52,-1.618426538279296,-0.00000000000000003182531942861559,0.0004181066954205636,0.0007241820394525272,0.00022715529046542468,-0.00039344450429413375
0.5266666666666666,-1.609239446166682,-0.00000000000000003339625169571854,0.0004262777607371246,0.0007383347397337164,0.0002575540725167954,-0.00044609673929478505
0.5333333333333333,-1.600690524869571,-0.000000000000000035098508926431906,0.00043300892356360084,0.000749993455741739,0.0002880368631711179,-0.0004988944814640196
0.54,-1.5923086879845065,-0.00000000000000035383886520169305,0.004042401662162542,0.0000000000000013171063954084454,0.00000000000000043510108334172614,-0.00225825511002155
0.5466666666666666,-1.5852899187191454,-0.00000000000000003696161406774919,0.0004436871436769237,0.000768488675509639,0.00034639059847394436,-0.0005999661160064983
0.5533333333333333,-1.5783656374448989,-0.0000000000000004115802618575512,0.0018424008547321493,0.000000000000003818914317409285,0.0000000000000007736000315717097,-0.0013152783114767745
0.56,-1.5720171846621873,-0.00000000000000003731117522122222,0.00047386630284767926,0.0008207605125210024,0.0003947785162025511,-0.0006837764482508393
0.5666666666666667,-1.567480046675386,-0.000000000000000036863551365780774,0.0005559793365151982,0.0009629844587974816,0.0003952337818216584,-0.000684564991321392
0.5733333333333334,-1.5629429086885849,-0.000000000000000036415927510339324,0.0006380923701827183,0.001105208405073963,0.0003956890474407657,-0.0006853535343919447
0.58,-1.5584057707017835,-0.00000000000000003596830365489788,0.0007202054038502372,0.0012474323513504424,0.00039614431305987297,-0.0006861420774624974
0.5866666666666667,-1.5538267224497018,-0.0000000000000005387761885534796,-0.0007268098925613834,-0.0000000000000047704101275840284,0.000000000000004212375485232671,-0.00025497607092635156
0.5933333333333334,-1.5446622744460736,-0.0000000000000005708646229429044,-0.0007423271685819327,-0.0000000000000033541971211705872,0.000000000000002448616708105416,-0.00025224999109489107
0.6,-1.5354713349902995,-0.00000000000000003402086691279928,0.00048189572929094424,0.0008346678870750721,0.0005732528416277655,-0.000992903047281788
0.6066666666666667,-1.5246662920591996,-0.0000000000000006300455471026153,-0.0007604807698459138,-0.000000000000003360619003130555,0.0000000000000004636848924267639,-0.0002526950317437022
0.6133333333333333,-1.5136515743981624,-0.00000000000000003246483871614486,0.0004540788209673592,0.0007864875885513577,0.0007096455878147197,-0.0012291422134603559
0.62,-1.5014481739087504,-0.0000000000000006778312376991557,-0.0007819756058640366,0.0000000000000001677682417463127,-0.0000000000000008408501602731078,-0.00025292900274702677
0.6266666666666667,-1.488876697512684,-0.000000000000000698324398249046,-0.0007938036006977414,0.0000000000000016258724042415381,-0.0000000000000014453977123267159,-0.00025292242158977117
0.6333333333333333,-1.4758352094962899,-0.0000000000000007171894769373349,-0.0008061786203648536,-0.0000000000000006335814825733858,-0.0000000000000013363019487158552,-0.0002528389796725708
0.64,-1.4619870446302137,-0.0000000000000007340557967758558,-0.0008195386499247355,0.000000000000001528015632249834,-0.0000000000000016175942165909547,-0.0002525908239096139
0.6466666666666666,-1.4477648201352034,-0.00000000000000003137909160790696,0.0003777389061047574,0.0006542629773693184,0.0012971938703585403,-0.0022468056907302956
0.6533333333333333,-1.4330619061439214,-0.00000000000000003265208221584794,0.0003481091676946875,0.000602942765025512,0.0014927385314827983,-0.002585498978942115
0.66,-1.4178581093842222,-0.00000000000000003350455271091898,0.00031300979688621375,0.0005421488714730885,0.001739557580808899,-0.003013002112656244
0.6666666666666666,-1.4021178247268145,-0.000000000000000033488071964889195,0.00027302569031600725,0.0004728943673951929,0.0020945117861908375,-0.0036278008307370707
0.6733333333333333,-1.3859513803539574,-0.000000000000000033730582934985245,0.0002340152468673262,0.00040532629732065883,0.002627416265576073,-0.00455081846461314
0.68,-1.3693090714873188,-0.0000000000000008041636948736851,-0.0009128602723145216,-0.0000000000000011542222766322597,-0.000000000000002057908258006806,-0.0002480090202591423
0.6866666666666666,-1.3522971082022102,-0.0000000000000008121603744540199,-0.0009307450389696875,0.000000000000002508537133915251,-0.0000000000000020965841444943842,-0.000246568271325219
0.6933333333333334,-1.3347888934537933,-0.000000000000000032581127155045706,0.00026178819655638244,0.00045343045727043815,0.031802336017751655,-0.05508326178214565
0.7,-1.3169257071141265,-0.000000000000000827117444407628,-0.0009686734643029803,-0.0000000000000013724035628675598,-0.0000000000000011545877230861464,-0.00024295618547060793
0.7066666666666667,-1.2985682407605152,-0.0000000000000008329383797043451,-0.0009887617488115242,0.0000000000000017299980885472813,0.0000000000000006372682704217033,-0.00024074532587879032
0.7133333333333334,-1.2797718525554573,-0.0000000000000008382403203860353,-0.0010096044093653195,0.00000000000000034655999232685233,-0.000000000000000633691755384389,-0.00023823555583517685
0.72,-1.2605693301402578,-0.0000000000000008415746688112733,-0.0010311774990725369,0.0000000000000014446890276747435,0.0000000000000012606793749858519,-0.00023540960577328167
0.7266666666666667,-1.240964901095101,-0.000000000000000844016218087817,-0.001053495496969089,-0.000000000000005017307372406417,0.00000000000000015776602138210228,-0.00023224977003430785
0.7333333333333333,-1.220809574862798,-0.000000000000000028410312964943704,0.00039006768798906515,0.0006756170539877327,-0.0004095378159033153,0.0007093403047626258
0.74,-1.200292688876732,-0.00000000000000002809962396305599,0.0004110490314110737,0.0007119578068086219,-0.0004293604532836765,0.0007436741198515791
0.7466666666666667,-1.17937040703045,-0.00000000000000002894382947102995,0.0004325854272819145,0.0007492599386679469,-0.00045128436749269365,0.0007816474531622344
0.7533333333333333,-1.1580338331342432,-0.000000000000000028640591492282696,0.0004546134528467424,0.0007874135981344502,-0.0004755478779646759,0.0008236730860685277
0.76,-1.1362498650311779,-0.00000000000000002859630916559908,0.00047708020616658175,0.0008263271563636689,-0.0005024498355873472,0.0008702686434949655
0.7666666666666667,-1.1140680960020732,-0.00000000000000002798248717353999,0.0004998314038718577,0.0008657333867240201,-0.0005322215669280382,0.0009218347948043459
0.7733333333333333,-1.0914544532586175,-0.000000000000000027517636648275677,0.0005227646934576467,0.0009054550094711639,-0.0005652317392427873,0.000979010090419332
0.78,-1.0683451624722309,-0.0000000000000008196308293351559,-0.0012615375934211775,0.000000000000001292139192686394,-0.0000000000000005535442904394341,-0.00019205295149093786
0.7866666666666666,-1.044906757966983,-0.0000000000000008107942095826292,-0.0012911306645481259,0.000000000000003709917502454461,0.00000000000000061422338315359,-0.0001848442495272027
0.7933333333333333,-1.0210127745074649,-0.0000000000000008014160474578062,-0.00132157521713707,-0.00000000000000018285930374124177,0.000000000000001071780746763806,-0.0001770121696219301
0.8,-0.9965938673259812,-0.0000000000000007908205728666152,-0.0013529058642248824,0.0000000000000017181528627079424,0.0000000000000012226981325991654,-0.00016855924092009763
0.8066666666666666,-0.9718763506654589,-0.0000000000000007790783117411628,-0.0013848014542228386,-0.000000000000004435701505863012,0.0000000000000018419704453685994,-0.00015954526579774222
0.8133333333333334,-0.946725639783575,-0.0000000000000007673526860960457,-0.001417362793861667,-0.0000000000000008717021597360232,-0.0000000000000016911513344041955,-0.0001498825131284794
0.82,-0.9209435572880893,-0.0000000000000007539038309380994,-0.0014508665987425073,-0.0000000000000058036057494786864,0.0000000000000010102492871472837,-0.00013942161102481875
0.8266666666666667,-0.8947078522569895,-0.0000000000000007418046372239389,-0.0014849706625320474,-0.0000000000000030925446554013037,-0.000000000000000778332514667753,-0.00012828189334707307
0.8333333333333334,-0.8679824783145669,-0.0000000000000007296963039876794,-0.0015196118643686634,-0.0000000000000052469079729864154,-0.0000000000000016721945879130768,-0.00011640480295133431
0.84,-0.8408127377508486,-0.0000000000000007162226719186257,-0.0015546076443610766,-0.000000000000002136008303184238,0.000000000000000949294850672118,-0.00010373954167938744
0.8466666666666667,-0.8132992562831096,-0.0000000000000007010488408527585,-0.0015897916084048975,0.000000000000001322564030321243,0.00000000000000034486590556360243,-0.00009041512337683229
0.8533333333333334,-0.785168409423245,-0.00000000000000068554632320945,-0.0016251416555170656,0.00000000000000019032691278879354,0.0000000000000005691609127205509,-0.00007620152820184309
0.86,-0.7565264020048248,-0.000000000000000005197991504152562,0.000643510469499086,0.001114592828375732,-0.0016499295027695407,0.0028577617277057436
0.8666666666666667,-0.7274035935694019,-0.000000000000000004238679353760037,0.0006054768040728429,0.0010487165874555613,-0.0018551241678118786,0.003213169313006154
0.8733333333333333,-0.6976981165986497,-0.0000000000000000036757907414112904,0.0005517955573766125,0.0009557379407673801,-0.0021089789009926243,0.003652858608611934
0.88,-0.6675215282063437,-0.0000000000000006062434552044551,-0.0017632680273804058,0.00000000000000061087988382086,0.0000000000000023052874354985377,-0.000011518321674941067
0.8866666666666667,-0.6367336937946027,-0.0000000000000005808885032919224,-0.001795269553178139,0.0000000000000006030822041994031,-0.0000000000000008163260889716778,0.000006548081978642396
0.8933333333333333,-0.6053248602124307,-0.0000000000000005537249125426023,-0.0018250459642747245,0.000000000000007534569281977308,0.000000000000001041884483725376,0.000025328005105161213
0.9,-0.5734019762374474,0.000000000000000002814286396327504,0.0001490674158936291,0.00025819233808263505,-0.00495021318863377,0.008574020751023259
0.9066666666666666,-0.5408502856127171,0.00000000000000000430048325309958,0.000032242498951693615,0.00005584564634183126,-0.010311234434912955,0.017859581930037435
0.9133333333333333,-0.5076391057962607,-0.0000000000000004782950287697389,-0.0018940852629266453,0.000000000000003836980646404485,0.0000000000000009216996735537468,0.00008447062933169476
0.92,-0.4737697994227217,0.000000000000000007028930891717747,0.0000000000000002937095321559753,-0.000000000000002330329421816963,-0.0000000000000008555123788235995,-0.0000000000000006265672341905282
0.9266666666666666,-0.43917687961654367,-0.00000000000000041471805783413103,-0.0019113437990364432,0.0000000000000007118115255213755,0.00000000000000032445725702945803,0.0001245423819656423
0.9333333333333333,-0.4039293707245576,0.0000000000000000064224268313388065,0.0000000000000001653735920250533,0.0000000000000023179379511317025,0.0000000000000008539754674579937,-0.0000000000000006217814508961264
0.94,-0.3679245743041608,-0.00000000000000034334706307871466,-0.0018870183615380925,0.000000000000003863925337260539,0.00000000000000035474788055418374,0.00016178328851188632
0.9466666666666667,-0.3310384252227947,0.000000000000000006516037005116053,0.00000000000000009907613613657131,-0.0000000000000010845973801829465,-0.0000000000000012506216579626219,0.0000000000000001951420198688313
0.9533333333333334,-0.29330951739698224,-0.0000000000000002641579983934389,-0.0017960543409999154,0.00000000000000022144493577091699,0.0000000000000010928230191181238,0.00019130681620270165
0.96,-0.2547506501026278,-0.0000000000000002165230650820229,-0.0017129197173887277,-0.0000000000000014160899181838169,-0.00000000000000037106187550239486,0.00020048749055085862
0.9666666666666667,-0.21514072512827062,-0.00000000000000016794997120444947,-0.0015953236871914529,-0.0000000000000004873390812143961,-0.00000000000000027233249669214557,0.0002039307718077238
0.9733333333333334,-0.1746040897117543,-0.0000000000000001200364073361815,-0.0014326241245546456,-0.0000000000000006001045774870067,0.00000000000000025846868835699564,0.00019921624160159805
0.98,-0.132926167209554,0.000000000000000009794495490768307,0.0000000000000001149569399091023,-0.0000000000000005526371220210924,0.00000000000000005126168104962811,-0.000000000000000025494637626906802
0.9866666666666667,-0.08997569423843932,0.00000000000000000957302404792958,0.0000000000000000622678571659842,-0.00000000000000015462657086287207,-0.00000000000000023357545546683375,-0.00000000000000005211057404931909
0.9933333333333333,-0.04568080582048353,-0.00000000000000001711751181186535,-0.0005096765944317095,-0.00000000000000027189368216771166,-0.00000000000000014994075765622844,0.00009870814827421995
1,0,0.000000000000000009264846377067537,-0.00000000000000000018295911660692887,-0.0000000000000000041470733097570545,-0.0000000000000000019651164376299768,0.00000000000000000007835054762102278
1.0066666666666666,0.04568080582048291,0.000000000000000015165795127827885,0.0005096765944319493,0.00000000000000033965795726573824,0.00000000000000009162867572945277,-0.00009870814827421447
1.0133333333333334,0.0899756942384404,0.000000000000000008962810081817494,-0.00000000000000013356451693090546,-0.000000000000001975617507500244,-0.0000000000000003671548412773544,-0.0000000000000000697716730023308
1.02,0.13292616720955494,0.00000000000000000874878449534496,-0.00000000000000018033519676587876,0.0000000000000006709428537446092,-0.00000000000000012250897272909335,0.00000000000000010937177406149614
1.0266666666666666,0.17460408971175462,0.00000000000000011708721351740082,0.0014326241245543104,0.0000000000000004500484686852408,-0.0000000000000003162841309101057,-0.0001992162416017372
1.0333333333333334,0.21514072512827162,0.00000000000000016525672914435329,0.001595323687191583,0.0000000000000009319980212951602,0.00000000000000039470474573176514,-0.00020393077180774828
1.04,0.2547506501026272,0.0000000000000002139390053413518,0.001712919717388598,0.000000000000002019221237338596,0.0000000000000005385401871904376,-0.00020048749055101708
1.0466666666666666,0.29330951739698286,0.0000000000000002618120338308916,0.0017960543410004348,-0.00000000000000019157666331282961,-0.0000000000000008859335066527162,-0.00019130681620281196
1.0533333333333332,0.3310384252227944,0.000000000000000012118058040527325,-0.00000000000000009961137714219308,0.0000000000000012410471382487777,0.0000000000000011352080726204645,-0.00000000000000020450720192171514
1.06,0.36792457430416103,0.0000000000000003411284202544055,0.0018870183615373921,-0.0000000000000032779717086116856,-0.0000000000000005347555894732463,-0.00016178328851184864
1.0666666666666667,0.403929370724558,0.000000000000000012203472381799903,-0.00000000000000016419263876949157,-0.000000000000002500515278956226,-0.0000000000000008027306535314895,0.0000000000000006366678702816033
1.0733333333333333,0.4391768796165425,0.0000000000000004115092671889112,0.0019113437990366862,-0.0000000000000014898646752325432,-0.000000000000000017419123405938864,-0.00012454238196574037
1.08,0.47376979942272196,0.000000000000000011590022485887403,-0.0000000000000002363423510012696,0.000000000000002449682541262547,0.0000000000000007915391477367052,0.0000000000000006927479273517221
1.0866666666666667,0.5076391057962607,0.0000000000000004744255076578262,0.0018940852629266607,-0.000000000000003649987579865159,-0.0000000000000010727561412352897,-0.0000844706293316795
1.0933333333333333,0.540850285612716,0.000000000000000014574652743588984,-0.00003224249895170213,-0.00005584564634220993,0.010311234434912098,-0.017859581930037706
1.1,0.5734019762374474,0.00000000000000001607126008102766,-0.0001490674158937174,-0.0002581923380824671,0.004950213188633598,-0.008574020751023445
1.1066666666666667,0.6053248602124307,0.0000000000000005493452524977819,0.0018250459642747713,-0.000000000000007490854183888692,-0.0000000000000008851941689689416,-0.000025328005105461957
1.1133333333333333,0.6367336937946028,0.000000000000000575824017806202,0.0017952695531779916,-0.0000000000000008074493499320814,0.0000000000000006838347849990301,-0.000006548081978980678
1.12,0.667521528206344,0.0000000000000006011296679036399,0.0017632680273804969,-0.00000000000000015356851455089727,-0.0000000000000022748511979049752,0.000011518321674955102
1.1266666666666667,0.6976981165986501,0.00000000000000002282235440390357,-0.0005517955573765627,-0.0009557379407673616,0.002108978900992691,-0.00365285860861205
1.1333333333333333,0.7274035935694019,0.000000000000000023353600263732263,-0.0006054768040727673,-0.0010487165874560219,0.0018551241678118153,-0.0032131693130060955
1.14,0.7565264020048243,0.000000000000000024211110585045027,-0.0006435104694993199,-0.001114592828375929,0.0016499295027698382,-0.0028577617277060394
1.1466666666666667,0.7851684094232457,0.0000000000000006813950170424997,0.001625141655517428,0.00000000000000007738662313808107,-0.000000000000000855751984983498,0.0000762015282016393
1.1533333333333333,0.8132992562831092,0.0000000000000006970353649247993,0.0015897916084046983,-0.0000000000000014274381076660717,-0.0000000000000007292705493769301,0.00009041512337690382
1.16,0.8408127377508484,0.0000000000000007115203852946474,0.0015546076443613381,0.0000000000000021476275083209476,-0.0000000000000007952064128788795,0.00010373954167917535
1.1666666666666667,0.8679824783145674,0.0000000000000007252859919869332,0.0015196118643685964,0.0000000000000047316874691863356,0.0000000000000016546975422610725,0.00011640480295124409
1.1733333333333333,0.8947078522569895,0.0000000000000007380001061430496,0.0014849706625325967,0.0000000000000029993086573627903,0.000000000000000465398354961442,0.0001282818933467542
1.18,0.9209435572880886,0.0000000000000007500509425283155,0.001450866598742342,0.0000000000000055791025345118756,-0.000000000000001184274459947218,0.00013942161102498162
1.1866666666666668,0.9467256397835755,0.0000000000000007631660428906739,0.0014173627938613611,0.0000000000000004909372125478327,0.000000000000001727160223390229,0.00014988251312866082
1.1933333333333334,0.9718763506654593,0.0000000000000007750705707220457,0.0013848014542223708,0.000000000000003847278101130662,-0.0000000000000022380697886645107,0.0001595452657976246
1.2,0.9965938673259817,0.0000000000000007871686289738719,0.0013529058642254323,-0.0000000000000017540918016513227,-0.000000000000001305357892871506,0.0001685592409198223
1.2066666666666668,1.0210127745074655,0.0000000000000007973732675591612,0.0013215752171378851,0.000000000000000934045740264744,-0.0000000000000011137786047411197,0.00017701216962215965
1.2133333333333334,1.0449067579669828,0.0000000000000008065648757717046,0.0012911306645483063,-0.000000000000003820053005799312,-0.0000000000000007015838426297616,0.00018484424952728158
1.22,1.0683451624722304,0.0000000000000008158522169654904,0.0012615375934210587,-0.0000000000000013469102223139996,0.0000000000000006532516285019321,0.00019205295149083063
1.2266666666666666,1.0914544532586172,0.00000000000000004633279054053037,-0.0005227646934563492,-0.0009054550094714156,0.0005652317392416987,-0.0009790100904183505
1.2333333333333334,1.1140680960020741,0.000000000000000046793296115887905,-0.0004998314038725472,-0.0008657333867236324,0.0005322215669277478,-0.0009218347948030541
1.24,1.1362498650311776,0.000000000000000047401005622072286,-0.00047708020616556564,-0.0008263271563656631,0.0005024498355882461,-0.000870268643492391
1.2466666666666666,1.158033833134243,0.000000000000000047442124411570384,-0.0004546134528444228,-0.0007874135981327768,0.00047554787796564863,-0.0008236730860664471
1.2533333333333334,1.17937040703045,0.00000000000000004779316706023048,-0.00043258542728225887,-0.0007492599386659426,0.0004512843674920182,-0.0007816474531575239
1.26,1.2002926888767314,0.0000000000000000469257325187798,-0.00041104903141045895,-0.0007119578068054037,0.0004293604532836468,-0.0007436741198492871
1.2666666666666666,1.220809574862797,0.00000000000000004734402258122846,-0.00039006768798788586,-0.0006756170539895031,0.00040953781590253295,-0.0007093403047625891
1.2733333333333334,1.2409649010951012,0.0000000000000008420372616862168,0.0010534954969684956,0.000000000000005465693461129401,-0.00000000000000015570120910296607,0.00023224977003400476
1.28,1.260569330140258,0.0000000000000008397335237872986,0.0010311774990701434,-0.00000000000000035692355642034134,-0.0000000000000022083282213461766,0.0002354096057759592
1.2866666666666666,1.2797718525554571,0.0000000000000008362213536637269,0.0010096044093637305,-0.00000000000000026418269201843823,-0.00000000000000007562052936254373,0.0002382355558384467
1.2933333333333332,1.298568240760515,0.0000000000000008311114679863752,0.0009887617488166397,0.000000000000003097057584517134,-0.0000000000000005066178957215635,0.00024074532587603926
1.3,1.3169257071141263,0.00000000000000082484542345913,0.0009686734643049557,0.0000000000000012320272882288626,-0.0000000000000007280273334710622,0.00024295618546967056
1.3066666666666666,1.3347888934537924,0.00000000000000005160599539081,-0.00026178819655693603,-0.0004534304572681134,-0.03180233601774332,0.055083261782129474
1.3133333333333332,1.35229710820221,0.0000000000000008101289433541757,0.0009307450389713112,0.000000000000004634671091330704,0.0000000000000002968000029564354,0.000246568271326725
1.32,1.3693090714873193,0.0000000000000008018164081411249,0.0009128602723161586,0.0000000000000021945346568373858,0.000000000000000908267734213764,0.00024800902025841576
1.3266666666666667,1.3859513803539565,0.000000000000000052726461004532646,-0.0002340152468665889,-0.0004053262973211971,-0.002627416265576313,0.004550818464613668
1.3333333333333333,1.4021178247268136,0.000000000000000052466714220702405,-0.00027302569031472404,-0.00047289436739679426,-0.0020945117861907985,0.003627800830737005
1.34,1.417858109384221,0.000000000000000052442478463379394,-0.0003130097968859665,-0.0005421488714732405,-0.0017395575808099543,0.0030130021126561204
1.3466666666666667,1.4330619061439203,0.00000000000000005159945949992115,-0.0003481091676950179,-0.0006029427650246697,-0.0014927385314825324,0.0025854989789417405
1.3533333333333333,1.4477648201352025,0.00000000000000005039687058703605,-0.0003777389061053903,-0.0006542629773689918,-0.0012971938703589408,0.002246805690730925
1.36,1.461987044630214,0.0000000000000007312182664877668,0.0008195386499276095,-0.000000000000002086931007044339,0.0000000000000004788629460139619,0.00025259082391133143
1.3666666666666667,1.47583520949629,0.0000000000000007144227902814781,0.0008061786203668492,-0.0000000000000019899836145418806,0.0000000000000020339328895616905,0.00025283897967302366
1.3733333333333333,1.488876697512684,0.0000000000000006950754408990449,0.0007938036006959076,-0.0000000000000028850328055804657,0.0000000000000015225524324055365,0.00025292242159049265
1.38,1.5014481739087502,0.0000000000000006743889613275655,0.0007819756058597278,-0.0000000000000013892644457723717,0.00000000000000088324668442147575,0.00025292900274738857
1.3866666666666667,1.5136515743981618,0.00000000000000005167758408356893,-0.00045407882096736794,-0.0007864875885542728,-0.0007096455878131687,0.0012291422134608858
1.3933333333333333,1.5246662920592,0.0000000000000006268244895024454,0.0007604807698409425,-0.00000000000000025299429181007035,0.0000000000000013648983587225217,0.0002526950317429845
1.4,1.5354713349902989,0.00000000000000005323379857309985,-0.0004818957292911409,-0.0008346678870744292,-0.0005732528416267893,0.0009929030472793036
1.4066666666666667,1.544662274446074,0.0000000000000005682781560428294,0.0007423271685778592,0.000000000000002061361835027474,-0.0000000000000004533887187680362,0.0002522499910941865
1.4133333333333333,1.553826722449702,0.0000000000000005366200057703962,0.0007268098925575687,0.000000000000006429225255085651,-0.0000000000000030960617655536357,0.00025497607092571
1.42,1.558405770701783,0.0000000000000000551325443041704,-0.0007202054038497608,-0.0012474323513505946,-0.00039614431298581226,0.0006861420773059828
1.4266666666666667,1.5629429086885847,0.00000000000000005551642028914415,-0.0006380923701823474,-0.0011052084050734918,-0.00039568904729585854,0.000685353534083227
1.4333333333333333,1.567480046675386,0.0000000000000000559002962741179,-0.0005559793365149366,-0.0009629844587963935,-0.0003952337816059049,0.0006845649908604712
1.44,1.572017184662187,0.00000000000000005628417225909163,-0.00047386630284752595,-0.0008207605125192954,-0.00039477851591595116,0.0006837764476377154
1.4466666666666668,1.5783656374448993,0.00000000000000040900708357915516,-0.0018424008547276035,0.00000000000000009875871793765282,0.0000000000000009661523701599933,0.0013152783114772477
1.4533333333333334,1.5852899187191452,0.00000000000000005590590497666073,-0.00044368714367567965,-0.0007684886755084245,-0.00034639059835587605,0.000599966115753898
1.46,1.5923086879845068,0.0000000000000003515614867575566,-0.004042401662162736,-0.0000000000000031666877481977595,0.0000000000000015875556093128317,0.002258255110024575
1.4666666666666666,1.6006905248695706,0.000000000000000054097115930907984,-0.0004330089235633452,-0.0007499934557413799,-0.0002880368631717086,0.0004988944814648568
1.4733333333333334,1.6092394461666815,0.00000000000000005246136506350038,-0.00042627776073871196,-0.0007383347397338334,-0.0002575540725176198,0.0004460967392955646
1.48,1.6184265382792957,0.000000000000000050907229308731275,-0.00041810669542240484,-0.0007241820394527174,-0.00022715529046637043,0.00039344450429481165
1.4866666666666666,1.627983805317195,0.00000000000000004940043490441115,-0.00040910040576752827,-0.0007085826881814549,-0.00019680523812435174,0.00034087667162637045
1.4933333333333334,1.6380253942475378,0.00000000000000004799702918946044,-0.00039889813964101724,-0.0006909118448979216,-0.00016696685472656549,0.0002891950755658664
1.5,1.6484064002362244,0.000000000000000046666079180847686,-0.00038785772264380447,-0.0006717892817228059,-0.00013748705344246898,0.00023813456194486817
1.5066666666666666,1.6592933403685592,0.00000000000000017388788973154663,-0.014032296728989835,-0.000000000000000651946753689738,0.00000000000000035660178373483685,0.007146587980720345
1.5133333333333334,1.6702706342021745,0.00000000000000015668461441548488,-0.015338547273197799,-0.0000000000000011718205992586552,-0.00000000000000001757706645823001,0.007859715127417262
1.52,1.6817663003885501,0.00000000000000014011833535845973,-0.016470973896991377,-0.0000000000000008131702219022678,0.0000000000000006665773805275811,0.008493235434995347
1.5266666666666666,1.6934182090844505,0.00000000000000003967416769638106,-0.00033455247375909603,-0.000579461882345979,-0.000028034362175407367,0.00004855693976694561
1.5333333333333334,1.705432454776042,0.00000000000000003783118990112437,-0.00031939509444311326,-0.0005532085312672202,-0.00000296297996503405,0.000005132031878142335
1.54,1.7177326871098826,0.00000000000000003613126848149809,-0.0002534305755309708,-0.0004389546330180625,0.00006144046833226496,-0.00010641801278963229
1.5466666666666666,1.7301682609711515,0.0000000000000000849062393260586,-0.02071190679319673,0.00000000000000037355607720985165,-0.0000000000000001546623976010414,0.010286404118086708
1.5533333333333332,1.743053264888193,0.00000000000000007604751888910673,-0.026861028749813075,-0.0000000000000006347342296698327,-0.0000000000000003251425767414428,0.011751837555528801
1.56,1.756084663541462,0.00000000000000003113222480081401,-0.00037909937554433406,-0.0006566193795593076,0.00010394823388020747,-0.00018004362243783813
1.5666666666666667,1.7693107600083566,0.00000000000000002942664336204059,-0.0002373705731560647,-0.000411137892932643,0.00011105437185872981,-0.0001923518144622823
1.5733333333333333,1.7829010089775166,0.00000000000000005064492833435569,0.0005519295445157749,-0.0000000000000024425292871414655,-0.000000000000000033743664706575434,0.00023113190501685712
1.58,1.7966035774926257,0.00000000000000004297896715072418,0.0005424648403973409,-0.0000000000000014530147035957823,0.0000000000000005637863999825606,0.0002291285725642859
1.5866666666666667,1.8104636412036628,0.000000000000000036188378077643175,0.0005330299568028497,0.00000000000000035253540500260743,0.0000000000000011506570199981923,0.00022703945627633278
1.5933333333333333,1.8246038152255222,0.000000000000000023976025391073684,-0.0001698947482449012,-0.0002942663359015766,0.0001941624736041388,-0.0003362992692500977
1.6,1.838953667267291,0.000000000000000022729501458488057,-0.00015361641013365352,-0.0002660714272281999,0.0002158482912154688,-0.00037386020713433486
1.6066666666666667,1.8534908044077654,0.000000000000000021653139136623176,0.0005050159011442551,-0.0000000000000004615212198188465,-0.00000000000000031172159279171615,0.00022009586152729965
1.6133333333333333,1.8682228964262722,0.000000000000000017826414375980985,0.0004957653804370282,-0.0000000000000015756264715079587,-0.00000000000000026067305022170314,0.0002175706118261061
1.62,1.8831166288378889,0.000000000000000019524806641635283,-0.00010765664750905636,-0.0001864667832611693,0.00029225159195426977,-0.0005061946058564825
1.6266666666666667,1.898232808906397,0.000000000000000018518374398839025,-0.0000937987766005909,-0.00016246424676089126,0.0003278454830114462,-0.0005678450336068457
1.6333333333333333,1.9135130986043924,0.000000000000000007754340144587739,0.0004688740158702529,-0.00000000000000018878918887853276,-0.0000000000000006507429300705313,0.00020938600771197935
1.64,1.9289925091283497,0.000000000000000004485507640377116,0.000460192915651109,0.00000000000000013310108474592376,-0.000000000000000395394206128827,0.00020648401679155225
1.6466666666666667,1.9445592139714072,0.000000000000000016186320185482958,-0.00005740698601953254,-0.00009943181649224163,0.0005472499867521935,-0.0009478647814988239
1.6533333333333333,1.960381617531873,0.00000000000000001560999202807776,-0.000047466399368424774,-0.00008221421536076367,0.0009215779288424954,-0.0015962197958936581
1.66,1.976419165344247,-0.0000000000000000017528924533553626,0.0004353811413058676,-0.0000000000000002134250432090263,-0.00000000000000027722810161085916,0.00019723542148150923
1.6666666666666667,1.992547740531466,-0.000000000000000002744556755406183,0.0004275960434158614,0.00000000000000006793827096582868,-0.00000000000000022419298798112657,0.00019400090865345115
1.6733333333333333,2.0088398118230635,0.0000000000000000145717410865627,-0.00003700038235683077,-0.00006408654213755781,-0.00006160682163704157,0.00010670614516859392
1.68,2.025277998734988,0.000000000000000014308076115333928,-0.00003662707853609188,-0.00006343996095600501,-0.000057405936919958104,0.00009942999940126776
1.6866666666666668,2.0419212262260373,-0.000000000000000005466254937524054,0.00040657747939073233,-0.000000000000000917964448262627,0.0000000000000004203114337774944,0.00018416628624235372
1.6933333333333334,2.058766169388971,-0.000000000000000006589548613170428,0.0004005539151409225,-0.00000000000000017946599226746103,0.00000000000000005761848312284302,0.00018085459078198677
1.7,2.0757343152527965,-0.000000000000000007293096842841374,0.00039510350333876244,-0.00000000000000029257890142434833,-0.00000000000000010078220542855871,0.00017755949788877498
1.7066666666666668,2.09284056438967,0.000000000000000013287828130199347,-0.00003380545945016389,-0.000058552773339518445,-0.00004289366149290217,0.00007429400102684075
1.7133333333333334,2.1101305344432375,0.000000000000000013001045557701444,-0.00003284023545753487,-0.00005688095634489078,-0.00003977474932944251,0.00006889188669555437
1.72,2.1275765405991844,0.000000000000000012718966182709522,-0.00003179747755356967,-0.000055074846675437044,-0.00003684193580078016,0.00006381210465622835
1.7266666666666666,2.1451838902804323,-0.000000000000000006687879659421847,0.0003850433195255399,-0.00000000000000008698974494421361,-0.000000000000000007360073061171588,0.00016666363174073806
1.7333333333333334,2.1628485389780963,-0.000000000000000005359268380841504,0.0003874718813850774,-0.00000000000000010017714928252199,-0.000000000000000090937853824048,0.0001651644371573151
1.74,2.1808090505263253,0.000000000000000011999477971719748,-0.000028267566817458183,-0.00004896086193411637,-0.000029103473523946774,0.00005040869482040133
1.7466666666666666,2.1988708465014013,0.000000000000000011749526657018974,-0.00002698081547820236,-0.00004673214323814226,-0.000026854562443583072,0.000046513466567443677
1.7533333333333334,2.2170569264716575,0.000000000000000011573811327293314,-0.000025668963483436763,-0.00004445994893091632,-0.000024777348807556437,0.00004291562701170464
1.76,2.235522948134623,-0.0000000000000000021478430009311895,0.00047977251189749233,-0.0000000000000002869695171666663,-0.00000000000000000498866199614319,0.0001851370675687635
1.7666666666666666,2.2539842574742526,-0.0000000000000000018184219861382775,0.000610130415465156,-0.00000000000000005618257177624249,-0.000000000000000038419151411332584,0.00022650354925166487
1.7733333333333334,2.272652533692958,-0.0000000000000000016955241586986737,0.00013728572078508462,0.000000000000000021073070247535053,-0.00000000000000005681779660487722,0.00005067834457397056
1.78,2.2914635198417312,0.0000000000000000012007144035060038,-0.00002018780823601176,-0.00003496630955813946,-0.000017908494093698473,0.00003101842165734232
1.7866666666666666,2.310427845432305,0.0000000000000000010447949980754214,-0.00001880500006432229,-0.00003257121554771369,-0.000016536099360801073,0.00002864136425196937
1.7933333333333332,2.3295357758300606,0.0000000000000000009489087250320148,-0.000017431337649966417,-0.000030191962453652748,-0.000015294881890146683,0.000026491512529627708
1.8,2.3488394420091248,0.000000000000000000816943187903113,-0.000016064700335122913,-0.000027824877188815962,-0.000014178915189135252,0.000024558601503868257
1.8066666666666666,2.3682186502221487,-0.0000000000000000019719879810691356,0.00000000000000004923543357676222,-0.00000000000000007901537839137022,-0.00000000000000008373946344717572,0.0000000000000000008381644871619577
1.8133333333333332,2.3878301765066783,-0.000000000000000002074047756650233,0.00000000000000007395084416694101,-0.000000000000000016840950088512336,-0.000000000000000014749331870840974,0.0000000000000000419431051807879
1.82,2.407544317993049,-0.0000000000000000020970466620869503,0.00000000000000003596174395124118,-0.000000000000000014739150938489794,0.000000000000000004651906198401861,0.00000000000000001826598805772275
1.8266666666666667,2.4274811659567357,-0.0000000000000000020921184763569077,0.000000000000000030725600821858845,-0.0000000000000000076868351742719,-0.000000000000000019228073706858925,-0.000000000000000001537532815853217
1.8333333333333333,2.447526267435062,-0.0000000000000000020520470054902124,-0.000000000000000004454714981197789,0.000000000000000050017082517438817,0.000000000000000017944850472248398,-0.0000000000000000008558147531843137
1.84,2.467684576365446,-0.0000000000000000020565933606274253,0.00000000000000002537944370613007,-0.00000000000000007594898242969703,-0.000000000000000009128982794222843,0.000000000000000025898553572942608
1.8466666666666667,2.4879801308351444,-0.0000000000000000021696686035984573,0.00000000000000003454039819616348,-0.000000000000000044183026317958365,-0.000000000000000016285736699403494,0.00000000000000001148545558703763
1.8533333333333333,2.5085054003085885,-0.000000000000000002244102470216141,0.0000000000000000054477359704523674,0.000000000000000009264972629556931,0.000000000000000012364622739850621,0.0000000000000000011144163726823015
1.86,2.5291865923067425,-0.000000000000000002260603578791902,0.000000000000000011358714001863111,0.000000000000000020158209916597236,0.000000000000000004748615942673687,-0.000000000000000010655413843605237
1.8666666666666667,2.550010765159776,-0.0000000000000000022237696158475734,0.000000000000000032627809212974515,0.000000000000000032338031415543726,-0.000000000000000017871336501234105,0.00000000000000000224242342075152
1.8733333333333333,2.570891105073258,-0.0000000000000000021927519964825408,0.000000000000000001917517728268258,-0.00000000000000003320462625388339,0.0000000000000000007322526882914101,0.00000000000000001782962383144475
1.88,2.5921068822566795,-0.0000000000000000021345590288928093,0.000000000000000008639682563078972,0.000000000000000016708298339014558,0.000000000000000007601879764930655,-0.00000000000000000581658942041419
1.8866666666666667,2.613357782116657,-0.00000000000000000012241101690319857,-0.0000019140422629138376,-0.0000033152184472157437,-0.000013344006945967454,0.00002311249800698945
1.8933333333333333,2.6347846586116463,-0.00000000000000000014921066276096088,-0.0000012389581479918091,-0.000002145938460832828,-0.000016891916390558388,0.00002925765742575241
1.9,2.656375675071903,-0.00000000000000000016863582030566797,-0.0000005215517586731302,-0.0000009033541447852242,-0.00007298948346309797,0.0001264214937763947
1.9066666666666667,2.678144804400445,-0.000000000000000002013398233073274,0.000000000000000006810042417027668,0.000000000000000004009106364349015,-0.0000000000000000029973955282290075,-0.000000000000000003725790482539086
1.9133333333333333,2.7000746042888655,-0.000000000000000002004992879154651,-0.0000000000000000002312185450886826,0.0000000000000000035160092912416074,-0.0000000000000000022118998496084168,-0.0000000000000000032867217750519403
1.92,2.7221454087406625,-0.00000000000000000020336142218496092,-0.0000000000000000028210245197216515,0.0000000000000000021128438910697838,-0.000000000000000006664659816668794,-0.00000000000000000023916884981140747
1.9266666666666667,2.744371603447261,-0.0000000000000000002135631296361778,0.00000000000000000051018314687992825,-0.000000000000000010417097557630144,0.0000000000000000013084833052813967,0.0000000000000000018310619361329875
1.9333333333333333,2.766781557535373,-0.0000000000000000020037681232900046,-0.0000000000000000015448313282065995,0.0000000000000000014591726784270806,0.0000000000000000016706081257246358,-0.0000000000000000006818064573260988
1.94,2.78933262009017,-0.0000000000000000002334008694651887,-0.00000000000000000005605472305785184,0.0000000000000000030264073524014612,-0.0000000000000000014917425869569083,0.000000000000000000681632999288185
1.9466666666666668,2.812054474891645,-0.0000000000000000019523748388447015,0.0000000000000000002457724165580633,0.0000000000000000010135769811469583,0.0000000000000000001989658614089517,0.0000000000000000005547941417770444
1.9533333333333334,2.8349682961312155,-0.00000000000000000023853101932961077,-0.000000000000000001503760484842977,0.0000000000000000013863867676415494,-0.00000000000000000023723430170066204,0.00000000000000000020574190337913434
1.96,2.858028625261322,-0.0000000000000000002402073825877705,-0.00000000000000000030592289653364114,-0.0000000000000000007973217789139664,-0.0000000000000000001229491341590778,0.00000000000000000004295024305299187
1.9666666666666666,2.8812585837378593,-0.0000000000000000002411710495604948,0.00000000000000000024698830095227557,0.00000000000000000009454726172750647,0.0000000000000000003335015617573778,-0.00000000000000000019269377664609355
1.9733333333333334,2.904672288447433,-0.00000000000000000024184728861082203,-0.00000000000000000019772487712987016,-0.00000000000000000016491484924542246,-0.00000000000000000026551689855348853,-0.00000000000000000031614814868253002
1.98,2.9282361898850513,-0.00000000000000000024241142388817943,0.00000000000000000026945782377176594,-0.00000000000000000018023288158666305,-0.00000000000000000010957953041280067,-0.00000000000000000010137123096469896
1.9866666666666666,2.951994242194329,-0.0000000000000000002427137738583088,0.00000000000000000003832683925073079,-0.00000000000000000006672916805426575,-0.00000000000000000003569485505032977,-0.000000000000000000023383684522244724
1.9933333333333334,2.975903595205966,-0.00000000000000000194439746365136,-0.0000000000000000000015432354510911486,-0.0000000000000000000026241255656226784,-0.0000000000000000000002580125860136081,-0.0000000000000000000011936359952558012
0,0,0,0,0,0,0
0,0,0,0,0,0,0
0,0,0,0,0,0,0
0,0,0,0,0,0,0
0,0,0,0,0,0,0
0,0,0,0,0,0,0
0,0,0,0,0,0,0
