# n,energy,berry,bcd_x,bcd_y,qmd_x,qmd_y
0.00000125,0,0.0000000010898827604656657,0.00000000000001972233785145682,0.000000000000011386808607545514,0.00000000000018767364612025901,0.00000000000032505754268670115
0.006666666666666667,0,0.000013710809015590487,-0.00000000000020841323114073336,-0.00000000000012032856826936054,0.0000000000008136239801487328,0.0000000000014092482656331535
0.013333333333333334,0,0.000046171774395042885,-0.0000000000007494130655151764,-0.0000000000004326741115348988,0.0000000000005266832754681807,0.00000000000091224200839696
0.02,0,0.00009032409374496341,-0.000000000002596796152765023,-0.0000000000014992613111952696,-0.000000000005087934432480512,-0.000000000008812563975463141
0.02666666666666667,0,0.00015022297980308845,-0.000000000004059457973458255,-0.0000000000023437299906607364,-0.000000000012328963562470622,-0.000000000021354404036836645
0.03333333333333333,0,0.00022659314971309807,-0.000000000003565391718657067,-0.000000000002058479593528488,-0.00000000001460391879721657,-0.000000000025294757420153726
0.04,0,0.0003202357129231534,-0.0000000000005928539487421108,-0.00000000000034229049082303395,0.000000000015567349303989914,0.00000000002696346609700212
0.04666666666666667,0,0.00043319621126128706,-0.00000000000770294551614966,-0.000000000004447302016647678,-0.000000000011323084340865258,-0.000000000019612160984656004
0.05333333333333334,0,0.0005665020470546825,-0.000000000002630348230376883,-0.000000000001518640332920167,0.000000000014459288474070898,0.00000000002504426709437143
0.06,0,0.0007198559636361707,0.00000000000561342544047438,0.000000000003240915224031325,0.000000000003461848558628364,0.0000000000059961582421522604
0.06666666666666667,0,0.0008942137303441023,0.000000000011236708374200584,0.000000000006487534292348199,0.000000000011864732458074325,0.000000000020550340905683082
0.07333333333333333,0,0.0010905264992453576,-0.00000000001032418909393475,-0.000000000005960648538270326,-0.00000000001831465390705068,-0.00000000003172170875501426
0.08,0,0.001310033210517864,-0.0000000000066999439776706375,-0.0000000000038681673713137065,-0.000000000001154776499503283,-0.000000000002000121664979663
0.08666666666666667,0,0.0015549453478981951,0.000000000003408702081219011,0.0000000000019679644028867817,-0.000000000004955775463465501,-0.000000000008583623616696102
0.09333333333333334,0,0.0018268173897949256,0.0000000000026911346485604116,0.000000000001553650586521007,-0.000000000014939486515769797,-0.00000000002587578695927223
0.1,0,0.002125440820612563,-0.000000000005945232739750124,-0.0000000000034325135921541724,0.0000000000006439069305503525,0.000000000001115289512743344
0.10666666666666667,0,0.00245197253094265,-0.0000000000016320989062886665,-0.0000000000009422778876617056,-0.00000000003580276111428889,-0.00000000006201207684811344
0.11333333333333333,0,0.0028078611872533036,-0.0000000000008645018845143195,-0.0000000000004991222598394326,-0.000000000011680076583352251,-0.000000000020230152615776456
0.12,0,0.0031943799779754097,0.00000000002944787884652519,0.000000000017001703599555352,0.00000000006155566774225404,0.00000000010661766311627714
0.12666666666666668,0,0.0036131120829134716,-0.000000000019894339970069704,-0.000000000011486108758635903,0.000000000009385010931312487,0.000000000016255479582204933
0.13333333333333333,0,0.004065086565222292,0.0000000000656832594581905,0.000000000037922703160703486,0.00000000007698162219364472,0.0000000001333370570979528
0.14,0,0.004552567336588748,0.00000000002262772312126725,0.000000000013064346282551327,0.00000000010287102038547467,0.0000000001781781968605853
0.14666666666666667,0,0.005078229682367298,0.000000000006689982639216143,0.0000000000038623336807626804,-0.00000000006636655416609656,-0.00000000011495000372458407
0.15333333333333332,0,0.0056422547015516225,0.000000000026705378886161942,0.000000000015418538864452408,0.000000000014089816611816693,0.00000000002440446222551185
0.16,0,0.006244975651770649,0.000000000014136683832915314,0.000000000008161917305690611,-0.0000000001372599546529675,-0.00000000023774131543658305
0.16666666666666666,0,0.006887906095013839,0.00000000004454155878129049,0.000000000025716232779300703,-0.000000000047050338887175844,-0.00000000008149358804964625
0.17333333333333334,0,0.007570800281984597,-0.000000000007735103481443946,-0.000000000004465775998374837,-0.00000000008843722439953216,-0.00000000015317776072459125
0.18,0,0.008294839049913377,0.000000000006644206040010423,0.000000000003836342265355635,-0.0000000000795082056982422,-0.0000000001377121612972813
0.18666666666666668,0,0.009059814201743762,-0.00000000007572838664172547,-0.00000000004372164670780006,-0.00000000003768549280860143,-0.00000000006527183615424663
0.19333333333333333,0,0.009863066152599041,0.000000000009621556291364349,0.00000000000555498931652516,-0.000000000002960966203451273,-0.000000000005127130262724166
0.2,0,0.010701484753944043,0.0000000001349789680109297,0.00000000007793043946740439,0.00000000008447819559325294,0.00000000014632099074153817
0.20666666666666667,0,0.011567709272417065,0.0000000001167664322826623,0.00000000006741514386566147,0.00000000013122841592845137,0.0000000002272951219064987
0.21333333333333335,0,0.012449658990866922,0.000000000025346147655084472,0.00000000001463358265863206,0.00000000029096360549267335,0.0000000005039638850339893
0.22,0,0.013326001399774984,-0.00000000008247573980416304,-0.00000000004761719181821883,0.0000000004175279646082065,0.0000000007231794999180167
0.22666666666666666,0,0.014157244986038918,0.00000000010727867613459557,0.00000000006193724251089432,0.0000000003700613314888367,0.0000000006409647108161073
0.23333333333333334,0,0.01487356898554175,0.0000000002332720246047659,0.0000000001346794290298097,-0.0000000006244973968982523,-0.0000000010816612166519007
0.24,0,0.015338851682865294,0.00000000016811928395244248,0.00000000009706334069107652,-0.0000000030290366279420997,-0.000000005246444405317561
0.24666666666666667,0,0.015263185583884861,0.00000000021637054798660369,0.00000000012492116629986828,-0.000000006120541144988061,-0.000000010601087297006486
0.25333333333333335,0,0.013923089029047162,0.00000000040360679451539314,0.0000000002330223320047423,-0.00000000662193597107328,-0.000000011469525745840057
0.26,0,0.009791600560625913,0.00000000004818269745977721,0.000000000027817312038813085,0.00000005846752965295978,0.00000010126873055290145
0.26666666666666666,0,0.000012620737093581996,-0.000000012309745987415196,-0.0000000071070426751453194,0.0000020320312036632014,0.0000035195811366749153
0.2733333333333333,0,-0.025989160584545007,-0.0000008771569745468781,-0.0000005064268400347999,0.0000029243401330343183,0.000005065105629224226
0.28,0,-0.048628318974648185,-0.0000004421726648417025,-0.0000002552885277159023,-0.0000012555061477808556,-0.0000021746007401379156
0.2866666666666667,0,-0.05975484082657028,-0.000000057790275253821167,-0.00000003336518434910159,0.0000014919330858232183,0.000002584103286767559
0.29333333333333333,0,-0.05219340935162406,-0.0000008393772666041043,-0.0000004846146747923344,-0.000015879650209333615,-0.000027504361398337464
0.3,0,-0.02502638945776129,-0.0000009072918238806636,-0.0000005238252085428727,-0.00004079670961588462,-0.00007066197518516283
0.30666666666666664,0,0.008595575424446401,-0.00000021618775640295834,-0.00000012481605150222177,-0.000022575324756171343,-0.000039101610638304546
0.31333333333333335,0,0.039062740426337395,-0.00000006296703687736264,-0.000000036354021646517676,-0.000011323466573222306,-0.000019612820073394447
0.32,0,0.057903131734681194,-0.0000001275077335239059,-0.00000007361658962498161,0.000011818683666143,0.000020470558880276827
0.32666666666666666,0,0.06618877276100862,-0.00000028455528130131835,-0.00000016428799306843438,0.000019618594618221934,0.000033980401353959036
0.3333333333333333,0,0.06804417270774747,-0.00000023727932792852462,-0.00000013699319241801933,-0.000010973508442025154,-0.000019006674931634213
0.34,0,0.06380016616556138,-0.00000007706414886401315,-0.00000004449293973780676,-0.000012799288873843229,-0.00002216901964614777
0.3466666666666667,0,0.06118744069293592,-0.00000007576039572808595,-0.0000000437402845137024,0.00004217684114994399,0.00007305243217062152
0.35333333333333333,0,0.05901123256094687,0.00000019119516583084202,0.00000011038653919778944,0.00001884998300447214,0.00003264912863040694
0.36,0,0.05597804420453614,0.0000004896149998187163,0.0000002826793370388522,-0.000006951066561802062,-0.000012039599714670127
0.36666666666666664,0,0.050619705353564574,0.0000005404170815812509,0.00000031200993705430157,-0.00003712495276463527,-0.00006430230333928691
0.37333333333333335,0,0.040504048396758495,0.0000005952374924310843,0.0000003436604826835144,-0.000062696584824464,-0.00010859366927589276
0.38,0,0.018113856516094765,0.0000022127945873576653,0.0000012775575598785245,-0.000040807942717912926,-0.00007068142929334338
0.38666666666666666,0,-0.07448026252262427,0.000055186718279903874,0.00003186206669042591,-0.0002801863785549004,-0.00048529704430988284
0.3933333333333333,0,-0.18031895310705712,0.00026617237548258075,0.0001536746928474615,0.000034625328198613565,0.000059972825696311604
0.4,0,-0.2500461091452797,0.0005578008515366314,0.00032204647228026436,0.0008327056477584109,0.0014422884883751076
0.4066666666666667,0,0.01752423776118378,0.00015110029619193506,0.0000872377969104996,0.00023656306773737817,0.0004097392538738563
0.41333333333333333,0,0.12389521050096242,0.000004375567662433983,0.000002526235254011277,0.000022610726378362267,0.000039162927383070364
0.42,0,0.13909277586519334,0.0000001590648371223149,0.0000000918361470326142,0.000015067432421192591,0.000026097557155610633
0.4266666666666667,0,0.1418125276765445,0.00000006237646955600232,0.00000003601307183141342,0.000002662593646901896,0.000004611747582484504
0.43333333333333335,0,0.1440696756200069,-0.0000000017663827434731573,-0.0000000010198218343171937,0.000002198353264572967,0.000003807659850600696
0.44,0,0.14633793465398123,-0.00000004317921226951574,-0.000000024929528479785197,0.000005772141917749443,0.00000999764306407573
0.44666666666666666,0,0.1493623915329084,-0.000000043314458458911685,-0.00000002500763226760748,0.000007205823247300128,0.000012480851540940773
0.4533333333333333,0,0.15526390115854888,0.00000002779979062643967,0.000000016050198339054105,0.000007849188924724083,0.000013595193695941906
0.46,0,0.16292427931803258,0.00000014247198123167608,0.00000008225622989522918,0.000008009399980142088,0.000013872687828843162
0.4666666666666667,0,0.1917770154214196,-0.000008433209058033694,-0.000004868915549455486,-0.00003889296906111264,-0.00006736459831860968
0.47333333333333333,0,0.408312828610808,-0.00969367019259151,-0.005596643096888042,-0.003926496816589091,-0.006800891971820972
0.48,0,1.238938529823764,-0.051196942584926595,-0.029558568592192584,-0.02043649705232298,-0.0353970511697344
0.4866666666666667,0,1.5043492533150873,-0.06240867645523413,-0.036031666162320494,-0.0248456748362429,-0.04303397109973449
0.49333333333333335,0,0.8162177719693134,-0.022517269806099527,-0.013000351788144689,-0.008840239816452437,-0.015311744490845165
0.5,0,0.4084963908615424,-0.00001688762320003012,-0.000009750074005003057,0.00015246171871054873,0.0002640714417745061
0.5066666666666667,0,0.3633829039990719,-0.000005434174028752735,-0.000003137421912690446,0.00007675765933190104,0.0001329481656335423
0.5133333333333333,0,0.35473555298616416,0.000001671109326430939,0.0000009648154292691149,0.00002725433777229398,0.00004720589820379322
0.52,0,0.41309732358327,0.0000007863283338833192,0.00000045398688478679067,0.000025896737877055536,0.000044854466152375226
0.5266666666666666,0,0.4714590941803748,-0.000000098452658664286,-0.00000005684165969552507,0.00002453913798181711,0.00004250303410095727
0.5333333333333333,0,0.4317049863150127,-0.0000001405408008452384,-0.00000008114122057930227,0.000026879927369837706,0.000046557400144929034
0.54,0,0.3753802979008504,-0.0000000403083525802681,-0.0000000232719435707546,0.000029845329801938688,0.00005169362770797807
0.5466666666666666,0,0.3190556094866891,0.00000005992409568470051,0.000000034597333437792095,0.000032810732234039616,0.00005682985527102702
0.5533333333333333,0,0.2627309210725268,0.00000016015654394967082,0.00000009246661044633977,0.0000357761346661406,0.00006196608283407606
0.56,0,0.2461994693834154,0.00000023090117075693794,0.00000013331106811917905,0.00003703412951686802,0.00006414499378402881
0.5666666666666667,0,0.37745015681004385,0.00000019213539601048828,0.00000011092960031945781,0.00003195123919504117,0.000055341169699242456
0.5733333333333334,0,0.5087008442366745,0.00000015336962126403796,0.00000008854813251973622,0.000026868348873214234,0.00004653734561445595
0.58,0,0.6399515316633029,0.0000001146038465175883,0.00000006616666472001498,0.00002178545855138738,0.00003773352152966959
0.5866666666666667,0,0.7712022190899335,0.00000007583807177113801,0.0000000437851969202934,0.000016702568229560448,0.000028929697444883077
0.5933333333333334,0,0.8815938818951745,0.000000057148199282010505,0.00000003299457053431468,0.000010518902505875839,0.000018219274335497315
0.6,0,0.9645257110497664,0.00000006488722010783911,0.00000003746269103940773,0.000002886122551282364,0.000004998911619429659
0.6066666666666667,0,1.0474575402043595,0.00000007262624093366784,0.000000041930811544500866,-0.000004746657403311237,-0.000008221451096638214
0.6133333333333333,0,1.1303893693589513,0.00000008036526175949645,0.00000004639893204959392,-0.000012379437357904712,-0.000021441813812705877
0.62,0,0.9938760589450524,0.00000019897484062900065,0.00000011487820577662362,-0.0000090178642368209,-0.00001561939832499699
0.6266666666666667,0,0.7869810077701369,0.0000003531434794512712,0.00000020388751448523875,-0.0000021301172869205406,-0.0000036894705836870976
0.6333333333333333,0,0.5800859565952249,0.0000005073121182735392,0.0000002928968231938524,0.000004757629662979707,0.000008240457157622605
0.64,0,0.3731909054203094,0.0000006614807570958098,0.0000003819061319024675,0.000011645376612880064,0.000020170384898932494
0.6466666666666666,0,0.22603806260013087,0.0000007206156569932293,0.0000004160476807206632,0.00001664481632383287,0.000028829668538858114
0.6533333333333333,0,0.2552344800700352,0.0000004992264513455911,0.00000028822854651562114,0.00001607028088456165,0.000027834543949907037
0.66,0,0.28443089753993955,0.00000027783724569795284,0.00000016040941231057916,0.000015495745445290432,0.00002683941936095596
0.6666666666666666,0,0.3136273150098434,0.000000056448040050318194,0.00000003259027810553925,0.000014921210006019224,0.000025844294772004903
0.6733333333333333,0,0.34282373247974773,-0.00000016494116559732005,-0.00000009522885609950267,0.000014346674566748005,0.000024849170183053826
0.68,0,0.3720201499496521,-0.0000003863303712449585,-0.0000002230479903045448,0.000013772139127476788,0.000023854045594102748
0.6866666666666666,0,0.35260151556557495,-0.00000035937023936808456,-0.00000020748254860028305,0.000013901505479032901,0.000024078114478511342
0.6933333333333334,0,0.3156108243222914,-0.0000002426434917312504,-0.00000014009032024198024,0.000014285299252138746,0.000024742864514522877
0.7,0,0.27862013307900846,-0.00000012591674409441813,-0.00000007269809188367852,0.000014669093025244584,0.000025407614550534403
0.7066666666666667,0,0.24162944183572485,-0.000000009189996457583904,-0.0000000053058635253756934,0.00001505288679835043,0.000026072364586545938
0.7133333333333334,0,0.18112297595013516,0.00000002045797705819491,0.000000011811408205372644,0.000006696176580380482,0.00001159811787060269
0.72,0,0.12003126963448471,0.000000047938808730209463,0.00000002767747993588278,-0.0000018780598042796362,-0.0000032528952119425278
0.7266666666666667,0,0.05893956331883324,0.00000007541964040222447,0.000000043543551666393174,-0.000010452296188939895,-0.000018103908294487995
0.7333333333333333,0,-0.00109290846203354,0.00000031916879372865706,0.0000001842721906970879,-0.000005757693277622466,-0.000009972617610340086
0.74,0,-0.060578733102178775,0.000000674529167968882,0.00000038943959485156736,0.000005784659422493807,0.00001001932359899676
0.7466666666666667,0,-0.12006455774232402,0.000001029889542209107,0.0000005946069990060468,0.000017327012122610084,0.000030011264808333614
0.7533333333333333,0,-0.12546949844638772,0.0000008385394060218152,0.0000004841309500026825,0.000015470605828639804,0.0000267958748869854
0.76,0,-0.10266606836164133,0.0000003620272741373656,0.00000020901654977968036,0.000006625460921191761,0.000011475634713433624
0.7666666666666667,0,-0.07421233414547701,-0.0000000756719814083138,-0.00000004368922691272899,-0.0000009657056978790005,-0.0000016726513677261859
0.7733333333333333,0,0.013034811306327845,-0.00000010950954265421986,-0.00000006322535683636902,0.000004491214914176057,0.0000077790124244124
0.78,0,0.10028195675813417,-0.0000001433471039001265,-0.00000008276148676000938,0.000009948135526231204,0.000017230676216551144
0.7866666666666666,0,0.20202643458011788,-0.00000012303025384736475,-0.00000007103154992655244,0.000008229923671647203,0.000014254645937474623
0.7933333333333333,0,0.3105581686153085,-0.00000007735978319917321,-0.000000044663692099015415,0.0000031525101949122234,0.000005460307734784688
0.8,0,0.41171655980172794,-0.00000003474446711098272,-0.00000002005972855939805,-0.000001386349554637519,-0.0000024012280364677926
0.8066666666666666,0,0.4414942981224023,-0.000000021705820868678307,-0.000000012531863126197322,-0.000000711520284400458,-0.0000012323894013741343
0.8133333333333334,0,0.4712720364430772,-0.000000008667174626373681,-0.000000005003997692996471,-0.000000036691014163385686,-0.00000006355076628045646
0.82,0,0.48918409162454785,-0.000000004264300637341672,-0.0000000024619967121920687,0.0000001647396029972055,0.0000002853373236746866
0.8266666666666667,0,0.4989190281655801,-0.000000005812684021221051,-0.0000000033559551004431233,0.00000003993220208360674,0.00000006916457320189796
0.8333333333333334,0,0.5072519245034425,-0.000000005919502463011548,-0.0000000034176254115314785,-0.000000047338696053566986,-0.00000008199304490662779
0.84,0,0.5117062312921811,-0.000000002038390525824402,-0.0000000011768625750930169,-0.00000003076900028327818,-0.000000053293471792814316
0.8466666666666667,0,0.5159968608506568,0.0000000015568061837189886,0.0000000008988262152273042,-0.000000014922460181102424,-0.0000000258464456478229
0.8533333333333334,0,0.5193656623921646,0.000000003541732076139826,0.000000002044820139978654,-0.000000003148723329722052,-0.000000005453747625161606
0.86,0,0.5227458979967047,0.000000005279174562169981,0.0000000030479307501452273,0.000000006111641012553538,0.000000010585663168531584
0.8666666666666667,0,0.5261809497563126,0.000000005830154393317864,0.0000000033660430437256153,0.000000003322621263383078,0.000000005754936450890702
0.8733333333333333,0,0.5297828563371166,0.000000005234956472501806,0.000000003022406692129858,0.0000000011890472186046356,0.000000002059478819867033
0.88,0,0.5337645110479469,0.000000002031150332483079,0.0000000011726837393111581,0.0000000005472147896342602,0.0000000009478021645966506
0.8866666666666667,0,0.5381407227904917,0.000000001635687135896947,0.0000000009443599964596668,0.0000000005808772331039493,0.0000000010061119216362845
0.8933333333333333,0,0.5428621791604124,0.000000003697575437611629,0.000000002134790251325658,0.0000000012056100587600101,0.0000000020881812127474415
0.9,0,0.5483518251408942,0.0000000007817733981328752,0.00000000045135962855040753,0.00000000014037406549486454,0.00000000024313260950761786
0.9066666666666666,0,0.5542047917568287,-0.000000002263561688048853,-0.000000001306859848781942,-0.0000000009212252479285792,-0.0000000015956167996422228
0.9133333333333333,0,0.5607891300153397,-0.0000000027449635205126828,-0.000000001584807335139156,-0.0000000009560431479205475,-0.0000000016559240887067478
0.92,0,0.5681035182039114,-0.000000007365725820946209,-0.000000004252597809615152,-0.0000000013827754785658766,-0.0000000023950405781931275
0.9266666666666666,0,0.5759976831979505,-0.00000001141089093803819,-0.000000006588065889208109,-0.000000002237973850077993,-0.000000003876280113817063
0.9333333333333333,0,0.5848348968336118,-0.000000006378962248783134,-0.0000000036828968578993126,-0.00000000403714319114198,-0.000000006992529100896699
0.94,0,0.5945993095222253,-0.0000000032548031975880982,-0.000000001879168275251295,-0.0000000004552559700403614,-0.000000000788512769375924
0.9466666666666667,0,0.6051917789154636,-0.0000000007130300793585019,-0.00000000041166905922916676,0.0000000031680013986039522,0.0000000054871506506370554
0.9533333333333334,0,0.6167329087137872,-0.00000000001831509186047896,-0.000000000010560035469453291,0.000000004001657139488524,0.000000006931071825351055
0.96,0,0.6295654686998603,-0.000000013357861683695652,-0.000000007712152565792166,-0.0000000025417206584616606,-0.000000004402394373634727
0.9666666666666667,0,0.6436739658645694,-0.000000013101160573101156,-0.000000007563944675560924,-0.000000002140949341696112,-0.0000000037082284625694086
0.9733333333333334,0,0.659076471993091,-0.00000002190633758936179,-0.00000001264763131954841,-0.000000006090534986086503,-0.000000010549110614091483
0.98,0,0.6759454940186448,-0.0000000007878763765922582,-0.00000000045487471081582776,-0.000000003036139217306495,-0.000000005258761228685677
0.9866666666666667,0,0.6467171567877695,0.00000003417577303996047,0.00000001973141543971978,0.0000000027929957831573893,0.0000000048375864772835365
0.9933333333333333,0,0.3955343625426329,-0.000000008303631116150214,-0.000000004794104810759504,0.000000002456131515642981,0.0000000042541429330753
1,0,0.00000000000003066991105526995,0,0,0,0
1.0066666666666666,0,-0.3955343625425545,0.000000008303632389676056,0.000000004794103839013636,-0.000000002456130864759891,-0.0000000042541437949294034
1.0133333333333334,0,-0.6467171567877104,-0.00000003417577394149886,-0.00000001973141864289695,-0.0000000027929979600406896,-0.0000000048375868849799245
1.02,0,-0.6759454940185835,0.0000000007878807449648898,0.0000000004548701466823181,0.0000000030361374702956438,0.000000005258760866136257
1.0266666666666666,0,-0.6590764719930299,0.00000002190634130252498,0.00000001264763197540121,0.000000006090536012882761,0.000000010549110029634866
1.0333333333333334,0,-0.6436739658645081,0.00000001310115702715529,0.000000007563951078632302,0.000000002140951894643947,0.0000000037082279386961136
1.04,0,-0.6295654686997992,0.000000013357852706240954,0.000000007712159901361135,0.000000002541722295523463,0.000000004402394780091106
1.0466666666666666,0,-0.616732908713726,0.000000000018305500713936614,0.000000000010566888852009274,-0.000000004001658176369083,-0.0000000069310730846293575
1.0533333333333332,0,-0.6051917789154029,0.0000000007130309766233042,0.00000000041166952937869933,-0.0000000031680045152835387,-0.00000000548715196244409
1.06,0,-0.5945993095221642,0.00000000325480647236953,0.0000000018791659788789537,0.000000000455253064620133,0.0000000007885112749226601
1.0666666666666667,0,-0.5848348968335503,0.000000006378960788157814,0.000000003682895807018045,0.0000000040371418706055105,0.000000006992527727308422
1.0733333333333333,0,-0.5759976831978892,0.000000011410884358752422,0.000000006588069097364806,0.000000002237973115647702,0.000000003876280928358458
1.08,0,-0.5681035182038499,0.000000007365723221869011,0.000000004252600126689035,0.0000000013827782126519546,0.000000002395040818977821
1.0866666666666667,0,-0.5607891300152784,0.000000002744964734416112,0.0000000015848077685983561,0.0000000009560484092160989,0.0000000016559234893799113
1.0933333333333333,0,-0.5542047917567676,0.0000000022635609052675948,0.0000000013068592614136113,0.0000000009212292140772991,0.0000000015956164161731933
1.1,0,-0.5483518251408329,-0.0000000007817743567587741,-0.00000000045135989662674107,-0.00000000014036971541789813,-0.0000000002431301972105576
1.1066666666666667,0,-0.5428621791603511,-0.000000003697575992077264,-0.0000000021347899870222122,-0.0000000012056056840625567,-0.0000000020881765660104582
1.1133333333333333,0,-0.5381407227904306,-0.0000000016356871477380925,-0.0000000009443602665590955,-0.0000000005808775940382234,-0.0000000010061124051670022
1.12,0,-0.5337645110478856,-0.0000000020311510052230114,-0.0000000011726830297985106,-0.0000000005472147960873655,-0.0000000009478033959325745
1.1266666666666667,0,-0.5297828563370554,-0.000000005234959181566746,-0.000000003022403272738444,-0.0000000011890410534263897,-0.0000000020594757905843478
1.1333333333333333,0,-0.5261809497562514,-0.000000005830154264614252,-0.0000000033660411670509983,-0.000000003322615486092988,-0.000000005754935632026021
1.14,0,-0.5227458979966435,-0.0000000052791694541046116,-0.0000000030479322847050195,-0.000000006111638505292025,-0.00000001058566740334742
1.1466666666666667,0,-0.5193656623921032,-0.0000000035417299281181383,-0.0000000020448202200608074,0.000000003148724018818844,0.000000005453749437219782
1.1533333333333333,0,-0.5159968608505955,-0.0000000015568086518160354,-0.000000000898823825896433,0.000000014922459354877377,0.00000002584645582221127
1.16,0,-0.5117062312921198,0.0000000020383878521080824,0.0000000011768690483558557,0.00000003076900110107632,0.00000005329347899267061
1.1666666666666667,0,-0.5072519245033811,0.000000005919500366792228,0.000000003417636255395913,0.00000004733869907635371,0.00000008199304711901157
1.1733333333333333,0,-0.4989190281655187,0.000000005812686179230005,0.000000003355964787020514,-0.000000039932196284729185,-0.00000006916457462704482
1.18,0,-0.4891840916244865,0.000000004264308378651014,0.0000000024620032432503466,-0.00000016473959421579452,-0.0000002853373282493855
1.1866666666666668,0,-0.4712720364430151,0.000000008667183500321179,0.000000005004001378185982,0.000000036691024638089826,0.00000006355076013088503
1.1933333333333334,0,-0.44149429812234064,0.000000021705824416980128,0.000000012531864414846252,0.0000007115202946976296,0.0000012323893959346297
1.2,0,-0.4117165598016662,0.000000034744465333639074,0.00000002005972745150652,0.000001386349564757169,0.000002401228031738374
1.2066666666666668,0,-0.3105581686152437,0.0000000773597723868447,0.000000044663688525707665,-0.000003152510179014715,-0.000005460307739370093
1.2133333333333334,0,-0.2020264345800535,0.0000001230302336168895,0.00000007103154388071294,-0.000008229923649356493,-0.00001425464594197418
1.22,0,-0.10028195675806989,0.00000014334707482377773,0.00000008276147952657775,-0.000009948135514179019,-0.00001723067621746112
1.2266666666666666,0,-0.013034811306266297,0.00000010950950595435963,0.00000006322535115993373,-0.0000044912149478881805,-0.000007779012414250695
1.2333333333333334,0,0.07421233414554024,0.00000007567193708494039,0.00000004368922279328907,0.000000965705618402841,0.0000016726513889600478
1.24,0,0.10266606836170297,-0.0000003620273235982843,-0.00000020901660105058344,-0.000006625461009095561,-0.000011475634671362185
1.2466666666666666,0,0.125469498446449,-0.0000008385394603813597,-0.0000004841310531061407,-0.00001547060592138279,-0.000026795874823137424
1.2533333333333334,0,0.12006455774238212,-0.0000010298896031392147,-0.0000005946071346767552,-0.00001732701222461724,-0.000030011264700562167
1.26,0,0.060578733102238366,-0.0000006745292386750446,-0.00000038943972615426136,-0.000005784659542250696,-0.000010019323404845381
1.2666666666666666,0,0.0010929084620946161,-0.0000003191688742108745,-0.0000001842723176317674,0.000005757693140115843,0.000009972617890871402
1.2733333333333334,0,-0.05893956331877326,-0.00000007541967325034772,-0.00000004354359763361064,0.000010452296044102052,0.000018103908640018715
1.28,0,-0.12003126963442196,-0.000000047938682701004634,-0.000000027677296509414745,0.000001878059672298093,0.000003252895581043118
1.2866666666666666,0,-0.18112297595007065,-0.000000020457692151661545,-0.000000011810995385218859,-0.000006696176699505866,-0.000011598117477932479
1.2933333333333332,0,-0.24162944183565807,0.00000000919043102302747,0.0000000053064954378351325,-0.00001505288690532202,-0.000026072364176088435
1.3,0,-0.2786201330789454,0.00000012591695790998132,0.00000007269852896470757,-0.000014669093148284133,-0.00002540761435463145
1.3066666666666666,0,-0.3156108243222315,0.00000024264348479693126,0.00000014009056249157777,-0.000014285299391246257,-0.000024742864533174485
1.3133333333333332,0,-0.35260151556551755,0.0000003593700116838812,0.00000020748259601844798,-0.000013901505634208382,-0.000024078114711717524
1.32,0,-0.37202014994959703,0.0000003863300329594016,0.00000022304789224572146,-0.000013772139298727267,-0.000023854045954478035
1.3266666666666667,0,-0.342823732479693,0.00000016494102144858996,0.00000009522874910825984,-0.00001434667475409293,-0.000024849170428836593
1.3333333333333333,0,-0.3136273150097889,-0.00000005644799006222179,-0.000000032590394029201834,-0.000014921210209458593,-0.00002584429490319515
1.34,0,-0.2844308975398839,-0.00000027783700157304085,-0.00000016040953716666771,-0.000015495745664824276,-0.000026839419377553743
1.3466666666666667,0,-0.25523448006997984,-0.0000004992260130838526,-0.0000002882286803041293,-0.00001607028112018994,-0.0000278345438519123
1.3533333333333333,0,-0.22603806260007578,-0.0000007206150245946641,-0.00000041604782344159095,-0.000016644816575555602,-0.00002882966832627086
1.36,0,-0.373190905420261,-0.0000006614800099521555,-0.0000003819062251674955,-0.000011645376806222688,-0.0000201703845465827
1.3666666666666667,0,-0.5800859565951728,-0.0000005073112832805091,-0.000000292896847222652,-0.0000047576297727127325,-0.00000824045665698408
1.3733333333333333,0,-0.7869810077700845,-0.0000003531425566088627,-0.00000020388746927780853,0.000002130117260797221,0.0000036894712326145324
1.38,0,-0.9938760589449963,-0.0000001989738299372163,-0.00000011487809133296504,0.000009017864294307176,0.00001561939912221315
1.3866666666666667,0,-1.1303893693588993,-0.00000008036409465570343,-0.00000004639883601802687,0.000012379437551481803,0.00002144181458367468
1.3933333333333333,0,-1.0474575402043107,-0.00000007262470364459145,-0.000000041931007206111385,0.0000047466578966109364,0.000008221451297167474
1.4,0,-0.964525711049722,-0.00000006488531263347947,-0.00000003746317839419589,-0.0000028861217582599304,-0.000004998911989339731
1.4066666666666667,0,-0.8815938818951305,-0.00000005714592162236723,-0.000000032995349582280254,-0.000010518901413131051,-0.00001821927527584738
1.4133333333333333,0,-0.7712022190898938,-0.00000007583610132123422,-0.000000043785994194843674,-0.0000167025670505065,-0.00002892969865683018
1.42,0,-0.6399515316632655,-0.00000011460269783988242,-0.00000006616727249059933,-0.000021785457448137274,-0.000037733522786207105
1.4266666666666667,0,-0.5087008442366325,-0.00000015336929435853193,-0.00000008854855078635575,-0.000026868347845768222,-0.000046537346915584325
1.4333333333333333,0,-0.37745015681000416,-0.00000019213589087718014,-0.00000011092982908211142,-0.000031951238243399,-0.00005534117104496125
1.44,0,-0.24619946938337567,-0.00000023090248739582835,-0.00000013331110737786707,-0.00003703412864102978,-0.00006414499517433817
1.4466666666666668,0,-0.2627309210724826,-0.00000016015774068669944,-0.00000009246670063610221,-0.00003577613409753622,-0.00006196608390230529
1.4533333333333334,0,-0.31905560948664097,-0.00000005992491895567543,-0.000000034597539300475196,-0.000032810732034986094,-0.00005682985591844277
1.46,0,-0.37538029790079935,0.00000004030790277534853,0.00000002327162203515179,-0.000029845329972435968,-0.00005169362793458025
1.4666666666666666,0,-0.43170498631495774,0.0000001405407245063725,0.0000000811407833707788,-0.000026879927909885842,-0.00004655739995071772
1.4733333333333334,0,-0.4714590941803189,0.00000009845291042195479,0.00000005684114392717068,-0.000024539138811295473,-0.00004250303354632277
1.48,0,-0.41309732358321805,-0.0000007863280226660849,-0.0000004539872593650885,-0.000025896738521563413,-0.000044854465594895017
1.4866666666666666,0,-0.35473555298611714,-0.0000016711089557541246,-0.0000009648156626573477,-0.000027254338231831354,-0.000047205897643467254
1.4933333333333334,0,-0.3633829039990167,0.000005434174761722069,0.0000031374211946503665,-0.00007675765953413072,-0.00013294816556466644
1.5,0,-0.4084963908614745,0.00001688762446009249,0.000009750072461730011,-0.0001524617186161037,-0.0002640714424660721
1.5066666666666666,0,-0.8162177719692423,0.022517269815185408,0.013000351784858708,0.00884023981479809,0.0153117444923427
1.5133333333333334,0,-1.5043492533150278,0.062408676477790456,0.03603166615658254,0.024845674831258133,0.04303397110570232
1.52,0,-1.2389385298237057,0.051196942603305394,0.029558568587930857,0.020436497048191386,0.035397051174524026
1.5266666666666666,0,-0.4083128286107396,0.00969367019633173,0.005596643096430889,0.00392649681579044,0.00680089197208409
1.5333333333333334,0,-0.19177701542135348,0.000008433209029126384,0.0000048689158874945485,0.00003889296898036639,0.00006736459823041219
1.54,0,-0.16292427931796746,-0.00000014247245546541667,-0.00000008225601581472683,-0.000008009400131456274,-0.000013872687052302758
1.5466666666666666,0,-0.15526390115848385,-0.000000027800286027597315,-0.000000016050193770895498,-0.000007849188988697639,-0.000013595193271969187
1.5533333333333332,0,-0.14936239153284295,0.000000043314093736627404,0.000000025007553559072117,-0.000007205823250719808,-0.00001248085141891233
1.56,0,-0.1463379346539145,0.00000004317922660725293,0.000000024929572983338447,-0.000005772141904431387,-0.000009997643161184732
1.5666666666666667,0,-0.1440696756199406,0.0000000017664131424301187,0.000000001019867628691811,-0.0000021983533218897437,-0.0000038076598664211997
1.5733333333333333,0,-0.1418125276764788,-0.00000006237649363001852,-0.00000003601305051912414,-0.0000026625937448378747,-0.0000046117475144695625
1.58,0,-0.13909277586512764,-0.00000015906486393940658,-0.00000009183613826803328,-0.000015067432424529886,-0.000026097557192426056
1.5866666666666667,0,-0.12389521050089586,-0.000004375567504311697,-0.000002526235066230028,-0.000022610726308319015,-0.00003916292731570867
1.5933333333333333,0,-0.017524237761113046,-0.0001511002942276081,-0.00008723779560273238,-0.00023656306703010823,-0.0004097392538904794
1.6,0,0.2500461091453498,-0.0005578008448817831,-0.0003220464682215244,-0.0008327056453657258,-0.0014422884889306422
1.6066666666666667,0,0.1803189531071222,-0.00026617237311979923,-0.0001536746913238433,-0.00003462532755086603,-0.00005997282600289384
1.6133333333333333,0,0.07448026252268888,-0.000055186718403673704,-0.00003186206670793041,0.0002801863782599214,0.00048529704431049433
1.62,0,-0.018113856516031087,-0.000002212794576629462,-0.0000012775576196462452,0.00004080794257405698,0.00007068142957080808
1.6266666666666667,0,-0.040504048396694844,-0.0000005952374512740345,-0.00000034366053086541183,0.00006269658471416731,0.00010859366980035385
1.6333333333333333,0,-0.050619705353500404,-0.0000005404169453768593,-0.0000003120099194455543,0.00003712495277211775,0.00006430230359480478
1.64,0,-0.05597804420447204,-0.0000004896148418680462,-0.0000002826793076849696,0.000006951066542887494,0.000012039599836117643
1.6466666666666667,0,-0.059011232560883024,-0.00000019119506982167312,-0.0000001103865450236042,-0.000018849983146073306,-0.0000326491284644447
1.6533333333333333,0,-0.06118744069287175,0.00000007576040456127997,0.00000004374026776014115,-0.0000421768412968181,-0.00007305243203078863
1.66,0,-0.06380016616549701,0.00000007706424374066057,0.00000004449301039517218,0.00001279928905317282,0.000022169019266655787
1.6666666666666667,0,-0.0680441727076835,0.00000023727942944202161,0.00000013699333105622845,0.00001097350836875003,0.000019006674899494933
1.6733333333333333,0,-0.06618877276094517,0.00000028455527428950025,0.00000016428808853064128,-0.000019618594499382808,-0.00003398040166757756
1.68,0,-0.05790313173461819,0.00000012750767036737452,0.00000007361662317802574,-0.000011818683385231092,-0.000020470559402145536
1.6866666666666668,0,-0.039062740426274514,0.00000006296702245683717,0.000000036354049424491966,0.000011323466551659368,0.000019612820102940766
1.6933333333333334,0,-0.008595575424384064,0.00000021618775423701283,0.0000001248160633840678,0.000022575324957236578,0.000039101610181408646
1.7,0,0.02502638945782382,0.0000009072918198541016,0.0000005238251773468181,0.000040796709995117664,0.00007066197456421415
1.7066666666666668,0,0.052193409351687835,0.0000008393772439305369,0.0000004846146656925866,0.00001587965040042435,0.00002750436150560808
1.7133333333333334,0,0.05975484082663392,0.00000005779025316244909,0.000000033365190572674366,-0.0000014919329734356504,-0.0000025841032416636704
1.72,0,0.048628318974712106,0.0000004421726605341296,0.00000025528848346641055,0.0000012555061151239238,0.0000021746006830113387
1.7266666666666666,0,0.025989160584609275,0.0000008771569716054881,0.0000005064268137467815,-0.000002924340168686478,-0.000005065105572399701
1.7333333333333334,0,-0.000012620737030732748,0.000000012309771743820198,0.000000007107035804554073,-0.0000020320311473611937,-0.000003519581167214413
1.74,0,-0.009791600560562523,-0.000000000048173320187158044,-0.00000000002782288763030649,-0.00000005846752620270525,-0.00000010126872440445213
1.7466666666666666,0,-0.013923089028983945,-0.0000000004035871578756613,-0.00000000023303403617754553,0.000000006621885230473208,0.000000011469500337618076
1.7533333333333334,0,-0.01526318558382162,-0.00000000021636416032040904,-0.00000000012492396914271435,0.0000000061205352802355555,0.00000001060108843659123
1.76,0,-0.015338851682802038,-0.00000000016811846354885314,-0.00000000009706351180228451,0.000000003029031026166231,0.0000000052464429427767405
1.7666666666666666,0,-0.014873568985478503,-0.00000000023327053837194316,-0.00000000013467996909024165,0.0000000006244939541050848,0.0000000010816620132282736
1.7733333333333334,0,-0.014157244985975648,-0.00000000010727537004659353,-0.00000000006193835380524647,-0.0000000003700521899298705,-0.0000000006409543881754036
1.78,0,-0.013326001399711705,0.0000000000824795576638674,0.00000000004761596469731046,-0.00000000041751775204653523,-0.0000000007231673270574376
1.7866666666666666,0,-0.012449658990803632,-0.000000000025343658237005746,-0.000000000014634439226515077,-0.00000000029095810087792304,-0.0000000005039584099410921
1.7933333333333332,0,-0.011567709272353795,-0.00000000011676551487481209,-0.0000000000674151356099587,-0.000000000131221889356962,-0.00000000022729161526190338
1.8,0,-0.010701484753880755,-0.00000000013497674641415597,-0.00000000007793094956049877,-0.00000000008446987489321255,-0.00000000014631378478226512
1.8066666666666666,0,-0.009863066152535765,-0.000000000009619495992026659,-0.000000000005555545970244703,0.000000000002963687129384177,0.000000000005129272362296739
1.8133333333333332,0,-0.009059814201680503,0.00000000007572752743838929,0.00000000004372299464789578,0.000000000037682562505769606,0.00000000006527143284161111
1.82,0,-0.008294839049850112,-0.00000000000664625645230607,-0.00000000000383477678054464,0.00000000007950438245956597,0.00000000013770826526135734
1.8266666666666667,0,-0.007570800281921338,0.000000000007734373343088197,0.000000000004466418442593186,0.00000000008843467116472941,0.00000000015317410471936363
1.8333333333333333,0,-0.006887906094950573,-0.000000000044542354964974644,-0.000000000025716304947541164,0.00000000004704707966628991,0.00000000008148796193738974
1.84,0,-0.006244975651707381,-0.000000000014137347040373538,-0.000000000008161820191554439,0.00000000013725998662750054,0.00000000023774055628501354
1.8466666666666667,0,-0.005642254701488354,-0.000000000026705990383763805,-0.00000000001541758270262077,-0.000000000014087790006136366,-0.000000000024402587983543302
1.8533333333333333,0,-0.005078229682304027,-0.000000000006689661153675349,-0.000000000003861729841327084,0.00000000006636880264970358,0.00000000011494974193887347
1.86,0,-0.004552567336525471,-0.000000000022627687261541804,-0.000000000013064765085517844,-0.00000000010287360038346766,-0.00000000017817823537030906
1.8666666666666667,0,-0.00406508656515902,-0.00000000006568313773233177,-0.00000000003792320097929271,-0.00000000007698013613912608,-0.00000000013333610472188422
1.8733333333333333,0,-0.003613112082850193,0.000000000019894623305077543,0.000000000011486092403959896,-0.000000000009384348892647806,-0.000000000016255221203093505
1.88,0,-0.0031943799779121343,-0.000000000029447602865840764,-0.000000000017001614329376668,-0.00000000006155503058529938,-0.00000000010661821705064115
1.8866666666666667,0,-0.0028078611871900174,0.0000000000008643787968094142,0.00000000000049923101319778,0.000000000011680023517922127,0.000000000020229745479678017
1.8933333333333333,0,-0.0024519725308793723,0.000000000001631920693358687,0.0000000000009422741328790316,0.00000000003580247616937517,0.0000000000620122995207569
1.9,0,-0.0021254408205492923,0.000000000005945319819574047,0.000000000003432638144217752,-0.00000000000064411953051627,-0.0000000000011151383622326554
1.9066666666666667,0,-0.0018268173897316438,-0.0000000000026912067317916055,-0.0000000000015536454491648139,0.000000000014939442751408765,0.000000000025875812778729844
1.9133333333333333,0,-0.001554945347834921,-0.0000000000034086611436190342,-0.000000000001967908215834472,0.000000000004955711863740061,0.0000000000085836070376442
1.92,0,-0.0013100332104545903,0.000000000006699909704748481,0.000000000003868099955466727,0.0000000000011547905800527682,0.0000000000020001676280292535
1.9266666666666667,0,-0.0010905264991820784,0.000000000010324203284252587,0.000000000005960670164955968,0.000000000018314664738887926,0.00000000003172172345823205
1.9333333333333333,0,-0.0008942137302808226,-0.000000000011236728271023719,-0.000000000006487566016285007,-0.000000000011864747738407207,-0.000000000020550353705474995
1.94,0,-0.0007198559635728938,-0.0000000000056134260493412524,-0.000000000003240915248809643,-0.0000000000034618496507328255,-0.00000000000599615706459657
1.9466666666666668,0,-0.0005665020469914018,0.000000000002630348737030237,0.0000000000015186381290679529,-0.0000000000144592901078791,-0.000000000025044263307168858
1.9533333333333334,0,-0.0004331962111980101,0.000000000007702944547036107,0.0000000000044473032785036266,0.000000000011323083415958843,0.000000000019612159155672273
1.96,0,-0.00032023571285987745,0.0000000000005928537633866305,0.00000000000034229178484062107,-0.000000000015567349144915418,-0.000000000026963465026766602
1.9666666666666666,0,-0.0002265931496498199,0.0000000000035653918114703583,0.000000000002058479825975849,0.000000000014603917391480947,0.000000000025294758622585156
1.9733333333333334,0,-0.00015022297973980904,0.000000000004059458172177035,0.0000000000023437301040655012,0.000000000012328963628909462,0.0000000000213544035176865
1.98,0,-0.00009032409368168524,0.000000000002596796188658324,0.0000000000014992612988712211,0.00000000000508793447343731,0.00000000000881256386592475
1.9866666666666666,0,-0.00004617177433176504,0.0000000000007494132358221059,0.00000000000043267397288831784,-0.0000000000005266830916086664,-0.0000000000009122415949314652
1.9933333333333334,0,-0.000013710808952311861,0.00000000000020841319074268617,0.00000000000012032861342130377,-0.0000000000008136240112069113,-0.0000000000014092483200321581
