# n,energy,berry,bcd_x,bcd_y,qmd_x,qmd_y
0.0000015,-3.2499956162668693,-0.00000000000000001899043621878579,0,0,0,0
0.0029955,-3.22832897882509,-0.0000003135502875567418,0.000000000000000000003861279099397533,0.000000000000000000000388774887899923,0.000000000000000000000004549493369041652,-0.0000000000000000000007510799961981491
0.006009,-3.206662341383311,-0.0000025564762183202885,0.000000000000000000013075243942625708,0.000000000000000000007847462471290574,-0.000000000000000000000329217883796105,-0.000000000000000000004216966762795335
0.009048,-3.184995703941532,-0.000008819680998322486,0.000000000000000000041782547101278534,-0.00000000000000000002558304198504004,-0.0000000000000000000018065624578158124,-0.000000000000000000021738306497893567
0.0121005,-3.163329066499753,-0.0000213332916349673,0.000000000000000000016358323793848675,-0.00000000000000000003902969002270206,-0.000000000000000000007206397496561977,-0.00000000000000000003691872509946673
0.015189,-3.1416624290579738,-0.0000426428063596619,0.000000000000000000008046812998915853,-0.00000000000000000005135137242729196,0.000000000000000000040498762790596235,0.00000000000000000001020410003645415
0.018273,-3.1199957916161947,-0.00007503435219388139,-0.00000000000000000014325444720438354,0.00000000000000000019164120431628545,-0.00000000000000000001503483481376383,0.00000000000000000002922263668027336
0.021396,-3.0983291541744156,-0.00012185618688379576,-0.0000000000000000001741711497791655,0.00000000000000000020021741290723524,-0.00000000000000000037454738136401093,0.00000000000000000016945952901006346
0.0245325,-3.076662516732636,-0.00018583501046157328,-0.0000000000000000004375983963752529,-0.0000000000000000005542771848595328,0.000000000000000000012546675531204324,0.000000000000000000367029963957129
0.027705,-3.054995879290857,-0.00027070421364967925,-0.00000000000000000033521328887588936,-0.0000000000000000003366955965335844,0.0000000000000000001488131009207399,-0.0000000000000000001181610961419749
0.0308895,-3.033329241849078,-0.00037947002487746697,0.0000000000000000012265037076242269,0.0000000000000000002769797737521562,0.0000000000000000002710505431213761,0.00000000000000000011837285437878847
0.0340785,-3.0116626044072987,-0.0005159639993212168,0.0000000000000000011170246991916086,-0.0000000000000000003485540577951446,-0.0000000000000000014025806815347146,0.0000000000000000002999555424464291
0.0373245,-2.9899959669655196,-0.0006857492952056955,0.0000000000000000021531577519204315,0.00000000000000000038455295805345235,-0.0000000000000000009692174498957332,0.00000000000000000034802466220311065
0.040581,-2.9683293295237405,-0.0008924426650608327,0.00000000000000000019481757786848908,-0.000000000000000003527892225314161,-0.0000000000000000024303492839094012,-0.0000000000000000019797277559701135
0.0438555,-2.9466626920819614,-0.001140438874038034,-0.000000000000000001932082152687059,-0.0000000000000000015703990842094728,0.0000000000000000025898032362300233,0.0000000000000000013582173309222706
0.0471345,-2.9249960546401823,-0.0014343853911225027,-0.0000000000000000045786365963831205,0.0000000000000000004446922973085077,-0.0000000000000000011964340379966992,-0.0000000000000000006668266877259479
0.050472,-2.903329417198403,-0.0017838016562719303,-0.000000000000000003868822986584017,-0.000000000000000005947018322672443,0.0000000000000000003800001559619605,0.0000000000000000012723493658943659
0.0538215,-2.881662779756624,-0.0021911181553467642,-0.00000000000000000033267219003412646,0.0000000000000000009546061315555965,0.0000000000000000009495239338720707,-0.000000000000000003321957340012959
0.0571935,-2.859996142314845,-0.002664901471536465,0.000000000000000005908054807098745,0.000000000000000008809989684391978,0.000000000000000004049241004349183,-0.0000000000000000026300373012246026
0.0605865,-2.838329504873066,-0.003211358696768631,0.000000000000000005009141091825119,-0.0000000000000000047899713167230684,0.000000000000000002021867645096015,0.0000000000000000006866790224272206
0.0640245,-2.816662867431287,-0.0038426723589176045,0.00000000000000001072449590342351,-0.000000000000000001355040957370067,0.00000000000000000773679894022078,0.000000000000000008194408489974915
0.067482,-2.7949962299895077,-0.004564625002134527,-0.000000000000000008795590124288655,-0.000000000000000021856838170949966,0.000000000000000009415618241678803,0.00000000000000000505424559626641
0.0709485,-2.7733295925477286,-0.005381606882401358,0.0000000000000000010842021724855044,-0.0000000000000000027511630126819675,0.0000000000000000025360166440793752,0.0000000000000000060732262318133334
0.0744465,-2.7516629551059495,-0.006307130458589159,-0.00000000000000003715425319836263,0.00000000000000001043544591017298,-0.0000000000000000022751304963250507,-0.0000000000000000057437304153314106
0.0807555,-2.7299963176641704,-0.007362613387368438,-0.000000000000000018704291142700623,-0.000000000000000029063576465924315,0.000000000000000018761584360263037,-0.00000000000000001228518719596406
0.0873015,-2.7083296802223913,-0.008535871706380389,-0.00000000000000000798732878670594,0.00000000000000005185635295636578,0.000000000000000030202280741790326,0.00000000000000002283815065576245
0.0939405,-2.686663042780612,-0.0098645853974699,-0.00000000000000003277622775285832,0.000000000000000003581739615239832,0.00000000000000001680872663591352,-0.000000000000000003302711328700688
0.1006245,-2.664996405338833,-0.011348043770318174,-0.000000000000000003154575688701629,-0.00000000000000008982599117174643,0.00000000000000002966246515558006,-0.00000000000000001949941312984324
0.107349,-2.6433297678970535,-0.013002729604168435,0.0000000000000000680835818580146,-0.000000000000000024912218360594236,-0.00000000000000001518894187060491,-0.000000000000000017010684747022296
0.114138,-2.6216631304552744,-0.014827643353374274,-0.00000000000000005914616665462006,0.000000000000000043303474167412435,0.000000000000000016528954610606114,0.000000000000000023062126350223433
0.1209645,-2.5999964930134953,-0.016862644541439546,0.00000000000000003771318906443206,-0.00000000000000007577625567563935,-0.000000000000000024602561643923785,-0.000000000000000014027527351021256
0.1278405,-2.5783298555717162,-0.019110951755705263,-0.00000000000000003807291336921912,0.00000000000000003745452637816428,0.00000000000000004831613573992458,-0.00000000000000003768740749910001
0.1347795,-2.556663218129937,-0.021609292336388843,-0.00000000000000003181185758135215,-0.000000000000000028226525934302304,0.0000000000000000031058580593447058,-0.0000000000000000008923227401528037
0.1417755,-2.534996580688158,-0.024351948719902542,0.000000000000000005287179656761343,0.000000000000000022776504193431323,-0.000000000000000003955696803236786,0.000000000000000006201339965085546
0.1488015,-2.513329943246379,-0.027376282688407617,-0.0000000000000001164670302474663,-0.00000000000000014756245677411892,0.000000000000000005688143878167847,0.000000000000000048796668118813785
0.1559445,-2.4916633058046,-0.030741514102009242,0.00000000000000010425705031279556,-0.00000000000000002448518140628006,-0.000000000000000013143410242544978,0.000000000000000009254893739937299
0.163119,-2.4699966683628207,-0.03442821754344087,0.000000000000000007047737637629406,0.00000000000000008070699328028424,0.0000000000000000907879559020313,0.0000000000000000017772868815763357
0.1703565,-2.4483300309210416,-0.03848574708193952,-0.00000000000000015004045166131137,-0.00000000000000005479752597319608,0.00000000000000005620444769858547,0.000000000000000014305539446177878
0.1776615,-2.4266633934792625,-0.04299456406959977,-0.00000000000000014114575868219396,0.00000000000000012535875861126831,0.00000000000000010274022606249992,0.00000000000000007004930710057542
0.184983,-2.4049967560374834,-0.04788208419325537,-0.000000000000000123288398329942,-0.0000000000000000604633293573801,-0.00000000000000007901006864957866,-0.000000000000000043217844430400946
0.1924755,-2.383330118595704,-0.053349869286071674,0.000000000000000012065746105621093,0.00000000000000008199466864856799,0.00000000000000005090079060402207,-0.00000000000000002156487650194325
0.199944,-2.3616634811539248,-0.05933354913021274,-0.00000000000000008242816422910498,-0.00000000000000014767680622199825,-0.0000000000000000007940933880509066,0.0000000000000000924180708090222
0.207564,-2.339996843712146,-0.06593788862383708,0.00000000000000013822391853064026,-0.0000000000000003258451044792568,-0.0000000000000000037917429883838755,0.00000000000000010832619659140522
0.21519,-2.3183302062703666,-0.07319983266057148,-0.00000000000000030939233651178927,0.00000000000000022890557179779114,-0.00000000000000002783223209735543,-0.00000000000000004293864119516225
0.222939,-2.2966635688285875,-0.08124600777252794,-0.00000000000000013610718319545176,0.000000000000000014136979889674273,0.00000000000000002249020705725937,0.00000000000000017123766292458705
0.230748,-2.2749969313868084,-0.09015860347346988,-0.000000000000000532021394170426,0.00000000000000020096364893376628,0.0000000000000001851715666651571,0.000000000000000006500554353703128
0.2386035,-2.2533302939450293,-0.09990611341827697,-0.00000000000000039662825974950966,0.00000000000000038502581419625707,-0.00000000000000015169947156762733,0.00000000000000001716406388492433
0.2465865,-2.23166365650325,-0.11078239512348033,-0.00000000000000037340600446758576,0.00000000000000052203656978819235,-0.0000000000000002780699051552725,-0.00000000000000011056659873689284
0.254709,-2.209997019061471,-0.12294389235306324,0.00000000000000009959752206994965,0.0000000000000003082183488468948,0.000000000000000038660277778580776,0.000000000000000191653062777547
0.262842,-2.188330381619692,-0.1363337398168871,0.00000000000000017959131360864578,0.00000000000000013364824654957252,-0.00000000000000017472595635961707,-0.000000000000000012656366297873756
0.2711055,-2.166663744177913,-0.1513701587062546,-0.00000000000000034113913137488044,0.0000000000000003743987270817678,-0.0000000000000002480171761866899,0.00000000000000003615136618881354
0.27948,-2.1449971067361338,-0.16805486000822734,-0.0000000000000001838705240581745,-0.00000000000000020881733842070815,-0.00000000000000005608205143770723,0.0000000000000002932927812833268
0.2879775,-2.1233304692943546,-0.18676368767611196,-0.0000000000000010019692493507416,0.00000000000000138862115504749,0.0000000000000004323588623217746,-0.00000000000000002351977560464697
0.2965965,-2.1016638318525755,-0.20783418101073775,-0.00000000000000010592316412004477,0.00000000000000025961898646523207,-0.00000000000000003404056008425582,0.0000000000000001320270254885278
0.3053265,-2.0799971944107964,-0.2314362650926725,0.0000000000000000054447277849506426,-0.0000000000000019969581001831604,0.00000000000000020932386412316623,0.0000000000000003299040863624994
0.3142185,-2.0583305569690173,-0.25847833437554646,-0.000000000000000041108202996145704,-0.00000000000000032948226395476676,-0.00000000000000029221281427557755,-0.00000000000000034136105400706107
0.3232365,-2.0366639195272382,-0.2888510171816357,-0.0000000000000002353616569217634,-0.000000000000001975223234756615,-0.00000000000000025667215884173436,-0.000000000000000186037234337251
0.332412,-2.014997282085459,-0.32378514443235124,-0.0012412946706019546,0.0000000000000002229932818259561,0.0000000000000005088906184468056,-0.00044937288431897023
0.3417495,-1.9933306446436798,-0.3640838726116046,0.03717573394377575,0.0000000000000009378281029363833,0.0000000000000004333115626291989,-0.01662295772740145
0.351378,-1.9716640072019007,-0.4110281966332714,0.030194524219455236,0.0000000000000003243661849533508,-0.00000000000000007406456090791602,-0.015154128451339892
0.361281,-1.9499973697601216,-0.4661931300475841,0.02779599227779587,-0.0000000000000001714394685242704,-0.00000000000000037762084041312316,-0.014139857233861679
0.371415,-1.9283307323183425,-0.5318763636860177,0.02495565815272356,-0.000000000000000332877172007362,0.00000000000000029709850031534035,-0.012545576568387706
0.3819465,-1.9066640948765634,-0.6111972406294656,0.02131390127656442,0.0000000000000004136256699020617,0.0000000000000002549175300914971,-0.010509080406440515
0.392889,-1.884997457434784,-0.7100902379184393,0.0168941204055713,-0.0000000000000020394656016081703,-0.00000000000000030991919100498144,-0.00818141329624805
0.4045035,-1.863330819993005,-0.8375080390130513,0.011840202542614666,0.0000000000000011400148674459848,-0.00000000000000011613668739803712,-0.00570150723303479
0.417129,-1.841664182551226,-1.01519035535807,0.006446506216414166,0.00000000000000020767892613959837,0.0000000000000004850991570243268,-0.003237035716255694
0.4322205,-1.8199975451094468,-1.3148317989893468,0.0013601746429178084,-0.000000000000004499113755163098,0.0000000000000018255660655039363,-0.0010658894033410886
0.4511165,-1.7983309076676677,-1.8226971892935264,-0.0006072814033276212,-0.0000000000000014465967486387843,-0.0000000000000002290919190461871,-0.00027459382841082237
0.4626455,-1.7766642702258884,-1.971251640103559,-0.0006197219749669148,-0.0000000000000031419636857543676,-0.0000000000000026931039863453687,-0.00028098074289703784
0.473327,-1.7549976327841095,-2.0813024820551522,-0.0006339157534664289,0.000000000000003442016636989731,-0.00000000000000025351357298142307,-0.0002876016283086833
0.4833785,-1.7333309953423304,-2.1712643674707603,-0.0006490719483470024,0.0000000000000013738196778106948,0.0000000000000007971189897384989,-0.00029411385136287726
0.493151,-1.711664357900551,-2.2490983729533522,-0.0006650343248287584,-0.0000000000000005273694892241054,-0.000000000000002247422354554468,-0.00030045586557952443
0.5027435,-1.689997720458772,-2.3171743213794556,-0.0006823269683957835,-0.0000000000000014013313079375145,-0.0000000000000027093670189326513,-0.00030686893248312686
0.5121725,-1.6683310830169928,-2.3771132015434007,-0.0007001839834513582,0.000000000000002872376815565847,0.00000000000000020038766652963336,-0.0003130087363471769
0.52148,-1.6466644455752137,-2.4309840693392264,-0.0007188726776581518,-0.0000000000000015068919419561344,0.0000000000000001853104800685068,-0.0003189954440682599
0.5306585,-1.6249978081334346,-2.4790618928082355,-0.0007384097327340246,-0.000000000000000938160139851707,0.000000000000001758928289477546,-0.0003248318310942852
0.5398025,-1.6033311706916555,-2.52176089805276,-0.0007586277605180383,0.000000000000000042473620107119636,-0.0000000000000015827318839214954,-0.0003304393652880673
0.548891,-1.5816645332498764,-2.558782293940278,-0.0007795098155623727,-0.0000000000000037123895537533036,0.000000000000000010991099523571801,-0.0003358051463704599
0.5580125,-1.5599978958080973,-2.5899871705000637,-0.0008010417450353897,-0.000000000000002897042414989892,-0.00000000000000043195969804538104,-0.0003409166999383782
0.567155,-1.5383312583663182,-2.6161167806003784,-0.0008232510278342407,-0.0000000000000005532683686193529,0.0000000000000015829351718288365,-0.0003457778749157845
0.576308,-1.516664620924539,-2.6356138131201416,-0.0008461369686329173,0.0000000000000033463900053765094,0.0000000000000005951185724772934,-0.0003503807174347833
0.5855075,-1.4949979834827598,-2.648553767882607,-0.0008695400397766717,-0.0000000000000009692225320934167,-0.000000000000003179883656737048,-0.0003546500758020517
0.594791,-1.4733313460409807,-2.6528220803640448,-0.0008935588979352263,-0.0000000000000039820306340504485,-0.0000000000000010995775145440645,-0.00035861980636587546
0.6041915,-1.4516647085992016,-2.6482154518290844,-0.0009182633709051038,-0.000000000000004142302820198118,-0.0000000000000004990582599950777,-0.0003623072642864728
0.613736,-1.4299980711574227,-2.631583378394912,-0.000943489645107012,-0.00000000000000035027861687575435,0.0000000000000014180009163394791,-0.000365639385268406
0.6235385,-1.4083314337156432,-2.5999437374791095,-0.0009693664294679397,0.0000000000000007096103218917627,0.0000000000000006661880248837182,-0.0003686570734840756
0.6336755,-1.386664796273864,-2.5490838284118373,-0.000995791116656813,0.0000000000000012380775658155097,0.0000000000000008600162682698143,-0.00037131195151964783
0.644363,-1.3649981588320852,-2.4684460306249125,-0.0010228408057428098,-0.00000000000000016815975695250174,0.00000000000000021047074673374855,-0.00037362342758439867
0.655934,-1.343331521390306,-2.3390187345258884,-0.0010504573274867444,0.0000000000000010966738856008768,-0.0000000000000007814946199934461,-0.0003755620905524077
0.6695795,-1.321664883948527,-2.0982331308357756,-0.0010786814271389739,0.0000000000000027590234784324874,0.0000000000000029854048920474607,-0.0003771308240043918
0.68747,-1.2999982465067474,-1.6129264807390962,-0.0011074859364927686,0.000000000000004418232273095679,0.000000000000002267337793210311,-0.00037831331331858594
0.697916,-1.2783316090649686,-1.4993024433803195,-0.001136883530402589,-0.0000000000000022752999029145016,-0.0000000000000022548576097654663,-0.0003791046773607655
0.7072595,-1.2566649716231895,-1.4255789626444832,-0.0011668647905675466,0.0000000000000018343074455196007,0.0000000000000008017404014987184,-0.00037949023806176557
0.715919,-1.2349983341814106,-1.3708146520573203,-0.0011974283751111296,-0.0000000000000027540903585476784,-0.0000000000000007063848204286183,-0.0003794632795190804
0.7241675,-1.2133316967396315,-1.3278610663814032,-0.0012285744631932685,0.0000000000000026042536183101817,0.00000000000000167503814638148,-0.00037901525715019357
0.73205,-1.191665059297852,-1.2923190911204088,-0.0012603250357063297,-0.0000000000000010040525268845135,0.0000000000000025058029788508143,-0.000378142977136252
0.7396745,-1.1699984218560728,-1.2638776464280905,-0.0012926504761624,0.000000000000001944299755918255,-0.0000000000000020556337665053603,-0.0003768303593779945
0.7470365,-1.1483317844142937,-1.2393905179114164,-0.001325546627722574,0.000000000000005166223351893429,-0.0000000000000014013584129918266,-0.0003750669478810784
0.754175,-1.1266651469725146,-1.2183069681778018,-0.0013590190452293885,0.0000000000000015664552988070568,-0.0000000000000005957148836721604,-0.00037284803747054225
0.761135,-1.1049985095307355,-1.2013255243085403,-0.0013930644433774652,0.000000000000002063236734239915,-0.000000000000001326575568144639,-0.00037016532626705096
0.767852,-1.0833318720889564,-1.1856536863047804,-0.0014276785586069796,0.0000000000000011121745885356304,-0.00000000000000027771838648216196,-0.000367010620174274
0.7744715,-1.0616652346471773,-1.1731870074519952,-0.0014628560386277134,-0.000000000000003081953095507295,0.0000000000000026881166563519354,-0.0003633758587134485
0.780941,-1.0399985972053982,-1.1624613339506549,-0.0014986292340336154,0.000000000000002225189433754937,0.00000000000000014726853634142167,-0.00035926107341659934
0.787295,-1.0183319597636191,-1.1537361826394243,-0.0015349137724274542,-0.0000000000000015834772729150792,-0.000000000000002648028281024284,-0.0003546403123231417
0.793475,-0.99666532232184,-1.1457331868532825,-0.0015717369730993747,0.0000000000000007905460140678056,-0.00000000000000022887507861169,-0.00034951607535400826
0.7995605,-0.9749986848800605,-1.139648093162329,-0.0016090878303859958,0.0000000000000026206250711147128,-0.0000000000000011832169358877431,-0.00034388115351375605
0.8055455,-0.9533320474382814,-1.1346192290366413,-0.0016469535463359854,0.0000000000000005751692525035601,0.0000000000000005673629968616645,-0.0003377286378973765
0.8114255,-0.9316654099965023,-1.1310393565679353,-0.0016853193524337166,0.0000000000000021141942363467336,-0.0000000000000032143883908763993,-0.00033105196358488426
0.8171885,-0.9099987725547236,-1.1284117023805589,-0.0017241683155695964,-0.00000000000000026216008530699497,-0.0000000000000006835352596434863,-0.00032384495788045654
0.8228555,-0.8883321351129445,-1.1269067163105395,-0.0017634811267647395,-0.0000000000000008417745667177456,-0.0000000000000004747721313314024,-0.000316101893348483
0.828413,-0.8666654976711654,-1.1260667796642998,-0.0018032358708557287,0.00000000000000014116312285761268,0.000000000000001398078701420058,-0.0003078175462601321
0.8339375,-0.8449988602293859,-1.1264760597992056,-0.0018434077753703014,0.0000000000000006784937195414287,-0.00000000000000024405390902648705,-0.00029898726098473986
0.839312,-0.8233322227876068,-1.1273143630212692,-0.001883968936485726,-0.0000000000000012067170179763664,0.000000000000001168824152047998,-0.0002896070211272573
0.8446625,-0.8016655853458277,-1.1297996322085746,-0.0019248845301952193,-0.0000000000000028589360967588157,0.00000000000000004781162174071624,-0.0002796713845836431
0.8498945,-0.7799989479040486,-1.132923250396559,-0.001966097924581242,-0.0000000000000005118518456304066,-0.000000000000003709286025034564,-0.00026917763435388854
0.8550635,-0.7583323104622695,-1.1375278236368116,-0.0020076129218160564,-0.00000000000000010055975149803054,-0.000000000000002155448129009807,-0.00025812671863034725
0.8601035,-0.7366656730204904,-1.1408800442056797,-0.0020493676901515378,0.0000000000000007015872258153699,0.0000000000000021866189414687653,-0.0002465169686635109
0.865106,-0.7149990355787113,-1.147065475597992,-0.00209131248963441,0.0000000000000010729264698916552,-0.0000000000000014113059679243811,-0.00023434911149046298
0.8700515,-0.6933323981369321,-1.153958898795273,-0.002133393160925983,-0.0000000000000019348671970176312,0.0000000000000000030899761915836876,-0.0002216248267921273
0.8749175,-0.671665760695153,-1.1604478477185765,-0.0021755496148749727,0.0000000000000037452679846339265,-0.00000000000000015222198501696482,-0.00020834718167444188
0.8797145,-0.649999123253374,-1.1688291756287192,-0.002217715274112392,-0.000000000000005317577975172405,-0.000000000000002123301534595612,-0.00019452079285056016
0.884459,-0.6283324858115944,-1.1777473783287637,-0.0022598164640526552,-0.0000000000000019307472287621863,-0.000000000000001810726048268041,-0.00018015200758935996
0.8891135,-0.6066658483698157,-1.1876583698920626,-0.0023017717494034154,0.000000000000001278924882663901,0.00000000000000019266272605067414,-0.00016524910562370164
0.893699,-0.5849992109280366,-1.1986532880404892,-0.0023433204723595246,0.0000000000000002550585610772149,0.0000000000000025096976363422896,-0.0001498067691417704
0.8982545,-0.5633325734862575,-1.2112059388069092,-0.0023846717886091126,-0.000000000000000252510685971874,0.0000000000000009046040826132806,-0.00013385799689795755
0.902714,-0.5416659360444784,-1.2238976577530378,-0.0024255861281636585,0.0000000000000013314002678121994,-0.000000000000001444157293750692,-0.00011741115120902825
0.9071255,-0.5199992986026989,-1.238230034875464,-0.002465932008959452,-0.0000000000000012160411566597418,-0.0000000000000005611830444784971,-0.00010048504423619184
0.9114755,-0.4983326611609198,-1.2532992929870868,-0.00250557629976429,-0.0000000000000015865130389980386,-0.0000000000000003199209560461602,-0.00008310124458335496
0.915785,-0.4766660237191407,-1.2693501788019381,-0.0025440561743373573,0.0000000000000011200350542861504,0.0000000000000009908794704888146,-0.00006527012771944979
0.920048,-0.4549993862773616,-1.286709992608711,-0.0025818049357670307,0.0000000000000008643259719054441,-0.000000000000000868825410921259,-0.00004702855985109903
0.924212,-0.4333327488355829,-1.3054724055542755,-0.002618361350667788,-0.00000000000000015308934675495323,0.0000000000000016396389454498284,-0.00002841416210377424
0.928346,-0.4116661113938034,-1.3258703317362919,-0.0026534308132985353,-0.0000000000000004602573747472527,0.0000000000000006332011737858467,-0.00000946007688547457
0.9324365,-0.3899994739520243,-1.3470353220896016,-0.0026866271268256624,0.0000000000000019960161995458137,-0.0000000000000023221984231380777,0.00000980121068203609
0.9364535,-0.3683328365102452,-1.3704408793879008,-0.0027182940730766224,0.0000000000000012255821357776142,-0.00000000000000024166866424701894,0.000029314434283613314
0.9404105,-0.3466661990684661,-1.3954029214610058,-0.0027473085386690533,0.0000000000000009449906135383657,0.00000000000000004672911363412524,0.00004901443778733839
0.9443075,-0.324999561626687,-1.421561223387303,-0.0027744009208021643,0.0000000000000005963111948670274,0.0000000000000001693523793422358,0.00006887947102496034
0.9481655,-0.3033329241849074,-1.4490231910703721,-0.0027983158531883125,0.00000000000000029506562124193003,0.0000000000000013234855919530553,0.00008879406738294653
0.951965,-0.28166628674312877,-1.4790086650444993,-0.00281935958654351,-0.0000000000000006075868974608767,-0.0000000000000006684106393373135,0.00010872263896360588
0.9557195,-0.25999964930134967,-1.5112974174053004,-0.002836374047925371,-0.0000000000000002443791696782327,0.00000000000000031143707404646115,0.00012852912943139177
0.9594385,-0.23833301185957056,-1.450652496539565,-0.002690932350061677,-0.000000000000000742570067935322,-0.0000000000000009248786632387596,0.00007660414595830954
0.9630985,-0.21666637441779146,-1.3131211037605672,-0.0023118521062324045,0.0000000000000013274971399912516,-0.0000000000000011519648082658485,0.000037082831259020515
0.96679,-0.19499973697601192,-1.176991610112661,-0.001974588713491541,-0.0000000000000007366069559866517,-0.00000000000000021326256732789872,0.000007685381009782974
0.970507,-0.17333309953423282,-1.0414874249551607,-0.0016725732018998273,0.000000000000000375025531462736,0.00000000000000020899352127373705,-0.000013204890030076228
0.974197,-0.1516664620924537,-0.9080421107298636,-0.0014019224669713226,0.0000000000000003456436525883788,-0.00000000000000010614339268633088,-0.000026547291808762296
0.977878,-0.1299998246506746,-0.7762341010098003,-0.0011563241850813346,-0.00000000000000008370040771588094,0.000000000000000786697096355482,-0.00003373032483844655
0.9815695,-0.10833318720889595,-0.6450570268427848,-0.0009320582280605968,-0.00000000000000028362728832220796,-0.0000000000000011068619978904515,-0.00003574056300646917
0.985279,-0.08666654976711641,-0.5144291709482598,-0.0007253251942898712,0.00000000000000069372676006485,0.00000000000000020513105103425744,-0.00003348564105370766
0.98893,-0.0649999123253373,-0.3862055549878522,-0.0005311626442955702,-0.00000000000000035800355735471356,0.0000000000000007317822563190912,-0.000028095608234956658
0.992611,-0.043333274883558204,-0.2574367085984881,-0.00034915138419109627,-0.000000000000001401222887720266,-0.0000000000000008914310262175817,-0.000019997828172608296
0.9963175,-0.021666637441779102,-0.12825197844995984,-0.00017265745967402822,-0.0000000000000018844517959970553,0.0000000000000012600597648626533,-0.000010435247193802582
1,0,0.0000000000002503561526384472,-0.0000000000000000724247051220317,-0.00000000000000015319776697220178,-0.00000000000000007497258022737263,0.000000000000000004119968255444917
1.0036825,0.021666637441779102,0.12825197845046057,0.00017265745967370285,0.000000000000001700029006457271,-0.0000000000000009284023202993374,0.000010435247193779813
1.007389,0.043333274883558204,0.2574367085989889,0.0003491513841910078,0.0000000000000014385194424537673,0.0000000000000012341473329402497,0.00001999782817263692
1.01107,0.0649999123253373,0.38620555498835285,0.0005311626442961329,0.0000000000000004740131898106625,-0.0000000000000005682303585996529,0.000028095608234859513
1.014721,0.08666654976711641,0.5144291709487604,0.0007253251942901113,-0.0000000000000012995247239411256,-0.00000000000000009454242944073599,0.000033485641053761055
1.0184305,0.10833318720889551,0.6450570268432854,0.0009320582280609573,0.0000000000000011301723445988898,0.0000000000000006712295649857758,0.00003574056300674651
1.022122,0.1299998246506746,0.7762341010103009,0.0011563241850814708,0.0000000000000002417770844642675,-0.0000000000000006648327721681113,0.00003373032483832924
1.025803,0.15166646209245416,0.9080421107303642,0.0014019224669699066,0.0000000000000018479141827842938,-0.0000000000000005815660453212246,0.00002654729180848333
1.029493,0.17333309953423282,1.0414874249556614,0.0016725732018999992,-0.0000000000000006637485699956258,-0.0000000000000001811701830223278,0.000013204890029997677
1.03321,0.19499973697601192,1.1769916101131617,0.0019745887134913075,0.00000000000000025738959574805875,0.0000000000000001721713049906981,-0.000007685381009763133
1.0369015,0.21666637441779146,1.313121103761068,0.002311852106232435,-0.0000000000000008213915658750182,0.0000000000000012230884707808976,-0.000037082831259048054
1.0405615,0.23833301185957012,1.4506524965400658,0.002690932350063846,0.0000000000000004671827161240039,0.000000000000000720127082964872,-0.00007660414595799089
1.0442805,0.25999964930134967,1.5112974174058011,0.0028363740479253425,0.0000000000000006756205837843421,0.000000000000000016832238727837456,-0.00012852912943128123
1.048035,0.2816662867431283,1.479008665045,0.0028193595865402595,-0.0000000000000003365363543395006,-0.000000000000001186334017133639,-0.00010872263896339338
1.0518345,0.30333292418490787,1.4490231910708729,0.0027983158531876178,-0.0000000000000005789639601072594,-0.0000000000000005217180854000247,-0.00008879406738308317
1.0556925,0.3249995616266874,1.4215612233878037,0.0027744009208014184,-0.0000000000000022573089231148202,-0.00000000000000015742615544489524,-0.00006887947102470512
1.0595895,0.3466661990684661,1.3954029214615065,0.002747308538669276,-0.000000000000001481020167615199,-0.00000000000000035583515300974256,-0.00004901443778743521
1.0635465,0.3683328365102452,1.3704408793884015,0.0027182940730764954,-0.0000000000000015158501624062959,0.00000000000000021777555887086963,-0.000029314434283456975
1.0675635,0.38999947395202383,1.3470353220901023,0.0026866271268263255,-0.000000000000000148318857196017,0.000000000000001323810852604801,-0.000009801210681888205
1.071654,0.4116661113938034,1.3258703317367926,0.002653430813298695,0.00000000000000006114900252818245,-0.0000000000000005622672466509826,0.000009460076885465206
1.075788,0.4333327488355829,1.3054724055547762,0.002618361350667372,0.00000000000000023201926491189795,-0.0000000000000012833159014624673,0.00002841416210388125
1.079952,0.4549993862773616,1.2867099926092118,0.0025818049357672363,-0.000000000000000704948252550075,0.000000000000001036063596027148,0.00004702855985128074
1.084215,0.47666602371914113,1.2693501788024388,0.0025440561743392707,0.00000000000000037773603689394974,-0.00000000000000044354710876381986,0.00006527012771885207
1.0885245,0.4983326611609198,1.2532992929875875,0.0025055762997644323,0.0000000000000010590486820838407,0.00000000000000011839487723541708,0.00008310124458304168
1.0928745,0.5199992986026989,1.2382300348759647,0.002465932008959966,0.0000000000000012216790079566664,0.0000000000000006021658865984492,0.00010048504423661642
1.097286,0.5416659360444784,1.2238976577535385,0.0024255861281647305,-0.0000000000000008367872367243123,0.0000000000000016444094350087646,0.0001174111512087224
1.1017455,0.5633325734862571,1.2112059388074097,0.002384671788606793,-0.0000000000000006494371013188172,-0.0000000000000007632783294297951,0.00013385799689811335
1.106301,0.5849992109280366,1.1986532880409897,0.0023433204723590463,-0.00000000000000072121128513735755,-0.0000000000000023541281771177758,0.0001498067691416726
1.1108865,0.6066658483698153,1.1876583698925631,0.0023017717494057503,0.000000000000001489693784995083,0.000000000000001733314013152576,0.00016524910562550228
1.115541,0.6283324858115948,1.1777473783292645,0.0022598164640525,-0.000000000000003490263633665336,0.00000000000000009974659986866641,0.00018015200758992168
1.1202855,0.6499991232533744,1.16882917562922,0.0022177152741096255,-0.00000000000000020285422647203788,-0.0000000000000000002981555974335137,0.00019452079285101238
1.1250825,0.671665760695153,1.1604478477190772,0.0021755496148753765,-0.000000000000003742340638768216,0.00000000000000029566193243679706,0.00020834718167441586
1.1299485,0.6933323981369321,1.1539588987957736,0.0021333931609263364,0.0000000000000017876325419940997,0.000000000000000817813698705816,0.00022162482679192525
1.134894,0.7149990355787108,1.1470654755984928,0.002091312489633842,-0.000000000000000785314738585563,-0.0000000000000009698052907611276,0.0002343491114896437
1.1398965,0.7366656730204904,1.1408800442061804,0.0020493676901512234,-0.0000000000000004202367620553815,-0.0000000000000016874522612564391,0.0002465169686633232
1.1449365,0.7583323104622699,1.1375278236373123,0.002007612921820702,0.0000000000000012377252001094519,0.00000000000000015135462327897642,0.0002581267186297512
1.1501055,0.7799989479040481,1.1329232503970597,0.001966097924585516,-0.000000000000005471534683665347,0.0000000000000006361556247058697,0.0002691776343550852
1.1553375,0.8016655853458281,1.1297996322090753,0.0019248845301953479,-0.000000000000003641184576075318,0.00000000000000006852157730108388,0.0002796713845858176
1.160688,0.8233322227876063,1.12731436302177,0.0018839689364870211,-0.0000000000000029004576518332215,0.0000000000000008540260512668318,0.0002896070211276475
1.1660625,0.8449988602293863,1.1264760597997059,0.001843407775362118,0.00000000000000005984795992119984,-0.0000000000000002705355470894455,0.00029898726098402477
1.171587,0.8666654976711654,1.1260667796648,0.0018032358708557857,0.0000000000000004647974713445358,-0.0000000000000010785643211885798,0.0003078175462603432
1.1771445,0.8883321351129445,1.1269067163110398,0.0017634811267641546,0.000000000000000580265002714242,0.0000000000000004414871246360974,0.00031610189334856467
1.1828115,0.9099987725547236,1.1284117023810591,0.0017241683155699722,0.0000000000000013956934566405899,0.0000000000000010849882190605564,0.00032384495788057976
1.1885745,0.9316654099965018,1.1310393565684356,0.0016853193524317854,-0.0000000000000023115190317390955,0.0000000000000002207435623180487,0.0003310519635864389
1.1944545,0.9533320474382818,1.1346192290371415,0.0016469535463364102,0.0000000000000013186066821768705,-0.000000000000000979142981971659,0.0003377286378969179
1.2004395,0.9749986848800609,1.1396480931628292,0.0016090878303839495,0.00000000000000328426522089309,-0.0000000000000005713745448998608,0.0003438811535109852
1.206525,0.99666532232184,1.1457331868537828,0.0015717369730992598,-0.0000000000000013572042795173545,0.0000000000000005431852884152377,0.00034951607535386076
1.212705,1.0183319597636191,1.1537361826399246,0.0015349137724276448,0.00000000000000040023323197302396,0.000000000000003047095995661886,0.00035464031232320894
1.219059,1.0399985972053982,1.1624613339511551,0.0014986292340335456,-0.000000000000001481020167615199,-0.0000000000000002301761212186726,0.00035926107341707883
1.2255285,1.0616652346471773,1.1731870074524955,0.0014628560386280595,0.000000000000004454986726742938,-0.0000000000000026132524963418113,0.00036337585871417294
1.232148,1.0833318720889564,1.1856536863052807,0.0014276785586072936,-0.0000000000000006735063895479954,0.00000000000000033924685977071434,0.00036701062017427226
1.238865,1.1049985095307355,1.2013255243090406,0.001393064443377941,-0.000000000000002407362503786814,0.0000000000000010480982401417371,0.00037016532626710236
1.245825,1.1266651469725146,1.218306968178302,0.0013590190452292044,-0.0000000000000023578144645042265,0.0000000000000006068821660487611,0.00037284803747023715
1.2529635,1.1483317844142937,1.2393905179119167,0.001325546627722881,-0.000000000000005948312589015847,0.0000000000000016143770348309161,0.00037506694788029754
1.2603255,1.1699984218560728,1.2638776464285908,0.0012926504761624352,-0.000000000000002359657608197452,0.0000000000000025730828058512234,0.0003768303593778698
1.26795,1.1916650592978528,1.292319091120909,0.0012603250357109705,-0.0000000000000028258645423662188,0.0000000000000016322121605683027,0.0003781429771366045
1.2758325,1.213331696739631,1.3278610663819035,0.0012285744631936953,-0.000000000000002880074650990494,-0.0000000000000011931102807116734,0.00037901525715059613
1.284081,1.2349983341814101,1.3708146520578206,0.0011974283751083749,0.000000000000003599334372217378,-0.00000000000000016349768761081407,0.00037946327951707504
1.2927405,1.2566649716231892,1.425578962644983,0.0011668647905712245,-0.0000000000000027708954922212037,-0.000000000000001012427988666964,0.0003794902380601687
1.302084,1.2783316090649683,1.4993024433808193,0.0011368835304013305,0.000000000000005291557123032753,0.0000000000000003964385243693247,0.0003791046773604861
1.31253,1.2999982465067483,1.612926480739596,0.0011074859364917967,0.0000000000000026278892256703656,-0.0000000000000007193139313355079,0.0003783133133153329
1.3304205,1.3216648839485265,2.0982331308362756,0.001078681427135524,-0.0000000000000053247608145651215,-0.0000000000000003286216784803564,0.000377130824004018
1.344066,1.3433315213903065,2.3390187345263884,0.0010504573274855227,-0.0000000000000029266953444073707,0.0000000000000005107134333492969,0.00037556209055410476
1.355637,1.3649981588320848,2.4684460306254126,0.0010228408057419095,0.00000000000000032873009869760494,0.0000000000000007226952868609471,0.0003736234275838197
1.3663245,1.3866647962738647,2.5490838284123374,0.0009957911166574762,0.0000000000000033203691532368573,-0.000000000000000007196391919872536,0.00037131195151922873
1.3764615,1.408331433715643,2.5999437374796095,0.0009693664294679065,-0.0000000000000027188537879418995,0.000000000000001105994636152463,0.0003686570734860255
1.386264,1.429998071157422,2.631583378395412,0.0009434896451076373,0.0000000000000007090682208055199,-0.0000000000000015625928285675772,0.0003656393852662833
1.3958085,1.451664708599202,2.6482154518295844,0.0009182633709101818,-0.0000000000000006798489722570356,0.0000000000000005023379715668463,0.00036230726428759883
1.405209,1.4733313460409803,2.652822080364545,0.0008935588979314914,0.0000000000000017111420787252474,0.000000000000002079770817370319,0.0003586198063649655
1.4144925,1.4949979834827603,2.648553767883107,0.000869540039775662,0.000000000000003048722298920614,-0.0000000000000001740822113197038,0.0003546500758015076
1.423692,1.5166646209245385,2.6356138131206417,0.000846136968634847,-0.0000000000000034718762424463395,-0.00000000000000008071376954386228,0.00035038071743365644
1.432845,1.5383312583663185,2.6161167806008785,0.0008232510278306001,0.00000000000000026985792073164205,0.0000000000000001939366636033446,0.00034577787491608817
1.4419875,1.5599978958080976,2.5899871705005637,0.0008010417450358695,0.00000000000000003870601755773251,0.0000000000000009049835533736506,0.00034091669994066665
1.451109,1.5816645332498758,2.558782293940778,0.000779509815564919,0.0000000000000035516294766280154,0.0000000000000000971445146547012,0.00033580514637103335
1.4601975,1.6033311706916558,2.52176089805326,0.000758627760514558,-0.0000000000000009090493115204712,0.000000000000002042799523288563,0.0003304393652881758
1.4693415,1.624997808133434,2.4790618928087356,0.000738409732734064,0.000000000000002282245573081987,-0.0000000000000014384110222365187,0.000324831831093458
1.47852,1.646664445575214,2.4309840693397264,0.0007188726776592267,-0.0000000000000006059605942021484,0.0000000000000005054008427041179,0.00031899544406895704
1.4878275,1.668331083016993,2.3771132015439007,0.00070018398344831,-0.000000000000002002562070162195,0.00000000000000017115486545399294,0.0003130087363502443
1.4972565,1.6899977204587722,2.3171743213799556,0.0006823269683968356,-0.0000000000000053874005950804715,0.0000000000000018924206819648237,0.00030686893248276534
1.506849,1.7116643579005513,2.2490983729538523,0.0006650343248299357,-0.0000000000000014996819975091058,0.0000000000000017124227925414959,0.0003004558655806092
1.5166215,1.7333309953423304,2.1712643674712604,0.0006490719483462285,-0.0000000000000012171253588322273,-0.000000000000000929906650813661,0.0002941138513632155
1.526673,1.7549976327841095,2.0813024820556523,0.0006339157534663476,-0.000000000000003329584871702984,0.0000000000000004280294651701211,0.00028760162830870813
1.5373545,1.7766642702258886,1.971251640104059,0.000619721974962369,-0.00000000000000033989738107420564,0.0000000000000010741733023900135,0.00028098074290007263
1.5488835,1.7983309076676677,1.8226971892940265,0.0006072814033276599,0.0000000000000017157634904854668,0.00000000000000009745622277929078,0.00027459382841115153
1.5677795,1.8199975451094468,1.3148317989898464,-0.001360174642918287,0.0000000000000049022743330018326,-0.000000000000001535379354038191,0.0010658894033408913
1.582871,1.8416641825512259,1.0151903553585695,-0.006446506216415007,-0.0000000000000013687002106774898,-0.0000000000000014043789324817355,0.003237035716256099
1.5954965,1.863330819993005,0.8375080390135508,-0.01184020254261453,-0.0000000000000005675798372961616,0.00000000000000013633842319005218,0.005701507233035191
1.607111,1.884997457434784,0.7100902379189388,-0.016894120405571453,0.0000000000000021510571102112408,0.00000000000000041421943999808697,0.008181413296247992
1.6180535,1.9066640948765632,0.611197240629965,-0.02131390127656509,-0.000000000000000775855074630627,0.00000000000000022242407568540123,0.010509080406440217
1.628585,1.9283307323183423,0.5318763636865171,-0.024955658152722902,0.000000000000000122514845490862,0.0000000000000005185738990998168,0.012545576568387725
1.638719,1.9499973697601214,0.4661931300480836,-0.02779599227779536,-0.00000000000000009340401715962621,-0.0000000000000004402402921377391,0.014139857233861903
1.648622,1.9716640072019005,0.4110281966337709,-0.030194524219454306,-0.0000000000000000732920668600201,-0.00000000000000018566962203814263,0.015154128451340147
1.6582505,1.9933306446436805,0.36408387261210406,-0.03717573394377636,0.0000000000000007371490570728945,-0.00000000000000052562121322097255,0.01662295772740169
1.667588,2.0149972820854587,0.3237851444328507,0.0012412946706010551,-0.0000000000000011795306485012924,-0.0000000000000007851588845232682,0.00044937288431843084
1.6767635,2.036663919527238,0.2888510171821352,0.000000000000000181603863891322,-0.0000000000000017156415177410622,0.00000000000000004580754178751256,-0.0000000000000000855435514091063
1.6857815,2.058330556969017,0.25847833437604595,0.0000000000000006704435184107238,-0.0000000000000010077659193252764,-0.00000000000000043200035562684924,-0.00000000000000031738663346797535
1.6946735,2.079997194410796,0.231436265093172,0.00000000000000020364027304708987,-0.00000000000000023380819849649903,0.0000000000000005884778341708197,-0.0000000000000000105574186545776
1.7034035,2.101663831852576,0.20783418101123724,0.000000000000000030357660829594124,0.00000000000000025804011705155006,-0.0000000000000005671732614814795,-0.00000000000000007215365457891032
1.7120225,2.123330469294354,0.18676368767661145,0.0000000000000002861751634275489,0.00000000000000006223320470066795,-0.00000000000000012641797331180982,-0.00000000000000004546872860861084
1.72052,2.144997106736134,0.16805486000872683,-0.00000000000000020702840483610707,0.0000000000000007117787262367337,-0.00000000000000010950441942103595,-0.00000000000000015543393395295313
1.7288945,2.1666637441779124,0.15137015870675408,-0.0000000000000003316574445633158,0.00000000000000019434323941802667,0.00000000000000021236810053559818,0.00000000000000009291612618200773
1.737158,2.1883303816196924,0.13633373981738658,0.00000000000000013910313872989022,-0.00000000000000024557179206796675,0.00000000000000028628358364479745,0.00000000000000012002118049414534
1.745291,2.2099970190614715,0.12294389235356273,0.0000000000000001194790794079026,-0.00000000000000006385950795939621,0.00000000000000004445228907190568,-0.0000000000000000032187251995663413
1.7534135,2.2316636565032497,0.11078239512397982,-0.00000000000000003252606517456513,0.00000000000000012614692276868844,0.00000000000000006308701391150029,0.0000000000000000857197342621352
1.7613965,2.2533302939450297,0.09990611341877646,0.00000000000000020480579038251179,-0.00000000000000041213235081605237,-0.00000000000000008038003856264408,0.000000000000000003754050022231059
1.769252,2.274996931386808,0.09015860347396937,0.00000000000000003458604930228759,-0.00000000000000033903001933621724,0.000000000000000022307459698889254,0.0000000000000000521772295508649
1.777061,2.296663568828588,0.08124600777302743,0.000000000000000038299441743050444,-0.00000000000000013847972248071105,-0.0000000000000000158361279818664,0.00000000000000008919595747766684
1.78481,2.318330206270367,0.07319983266107094,0.0000000000000005159447088315394,0.0000000000000005969075060618945,-0.0000000000000001157792394942958,0.00000000000000001362028979184915
1.792436,2.339996843712146,0.06593788862433654,-0.00000000000000020060450696413046,0.00000000000000031021734660241496,-0.000000000000000010555724588683091,-0.00000000000000009068165326715089
1.800056,2.361663481153925,0.05933354913071221,0.00000000000000004773200064367433,-0.000000000000000003144186300207963,0.00000000000000008852510738344144,-0.00000000000000019018261358111355
1.8075245,2.3833301185957034,0.05334986928657113,0.0000000000000000029002408113987244,-0.00000000000000014642150339416737,-0.00000000000000013189319428286161,-0.00000000000000004229066099051271
1.815017,2.4049967560374834,0.04788208419375482,0.00000000000000011904539853890839,0.000000000000000023066401219629107,0.00000000000000008283304597789254,0.00000000000000003072357906280798
1.8223385,2.4266633934792625,0.042994564070099224,0.0000000000000001510361388908088,-0.00000000000000016664865017460007,-0.00000000000000009623310720345557,-0.000000000000000060764449570129
1.8296435,2.4483300309210416,0.03848574708243897,0.00000000000000016932527428792365,0.000000000000000041823098803628334,-0.000000000000000039183744139983934,-0.000000000000000013359403644094825
1.836881,2.4699966683628207,0.03442821754394033,-0.0000000000000000327564581362183,-0.00000000000000006788460852474865,-0.00000000000000009419683999825623,-0.000000000000000011777146098623792
1.8440555,2.4916633058046,0.030741514102508697,-0.00000000000000010058685655234267,-0.00000000000000001973247953923618,0.000000000000000007874018277675976,0.00000000000000000005421010862427522
1.8511985,2.513329943246379,0.027376282688907072,0.00000000000000012071235937910485,0.00000000000000014043128639118496,-0.000000000000000013566079683224874,-0.00000000000000006357490488911877
1.8582245,2.534996580688158,0.024351948720401997,-0.000000000000000050185008058922786,-0.000000000000000019569849213363355,0.000000000000000012387009820646888,0.000000000000000007314976532488138
1.8652205,2.556663218129937,0.021609292336888297,0.00000000000000003178067618098135,0.00000000000000003245830253878479,-0.0000000000000000024801124695605914,-0.0000000000000000015619287547369298
1.8721595,2.5783298555717162,0.019110951756204718,0.00000000000000002247009002476208,-0.00000000000000005423551961269285,-0.000000000000000038394309433142926,0.000000000000000027157993871341005
1.8790355,2.5999964930134953,0.016862644541939,-0.00000000000000004324611415501556,0.00000000000000009916384120095545,0.000000000000000025502467975932475,0.00000000000000002038808304041101
1.885862,2.6216631304552744,0.014827643353873729,0.0000000000000000602342069451478,-0.0000000000000000561752250619052,-0.000000000000000022756387160934033,-0.000000000000000013964185168434395
1.892651,2.6433297678970544,0.01300272960466789,0.000000000000000009998376909389761,-0.000000000000000011587410718438829,0.000000000000000013458506498923578,-0.0000000000000000015441410628445895
1.8993755,2.6649964053388326,0.011348043770817629,-0.000000000000000014077687583366472,-0.00000000000000007287193851818197,-0.000000000000000020367754249676906,0.0000000000000000026630715861675203
1.9060595,2.6866630427806117,0.009864585397969354,-0.0000000000000000029171814703438104,0.000000000000000011390899074675831,-0.000000000000000003367802998283098,-0.000000000000000004743384504624082
1.9126985,2.708329680222391,0.008535871706879843,0.000000000000000015487150407597627,0.00000000000000008696148456281,0.000000000000000010736989639395511,-0.00000000000000000036507120026660345
1.9192445,2.72999631766417,0.007362613387867891,0.000000000000000007636849052444772,-0.00000000000000002030168567979107,-0.00000000000000001481799437926673,-0.000000000000000010613322829096383
1.9255535,2.75166295510595,0.006307130459088612,0.000000000000000003923456611681919,0.0000000000000000041809546276472265,0.00000000000000000388025793137195,0.0000000000000000024724891730353027
1.9290515,2.773329592547728,0.005381606882900808,-0.0000000000000000004438452643612534,0.0000000000000000011689054672109345,-0.000000000000000010642968982250284,0.00000000000000001697284619708167
1.932518,2.794996229989508,0.0045646250026339765,-0.000000000000000001009663273127126,0.000000000000000025631216983915128,0.000000000000000005044928233846613,-0.000000000000000010639580850461267
1.9359755,2.8166628674312864,0.003842672359417054,0.000000000000000013294605623629871,-0.000000000000000030998441254192,-0.00000000000000000009645587686858345,0.000000000000000005249433751049323
1.9394135,2.8383295048730655,0.0032113586972680806,-0.0000000000000000027044703214645742,-0.000000000000000008746462213347905,-0.0000000000000000032101489909753915,0.000000000000000004366984238687952
1.9428065,2.8599961423148454,0.0026649014720359146,-0.00000000000000000223955511254037,-0.000000000000000002718975760686304,-0.0000000000000000024216671962000447,-0.0000000000000000009226306377967466
1.9461785,2.8816627797566237,0.0021911181558462137,0.000000000000000005525407673176615,0.000000000000000013484764520288461,-0.000000000000000005650027395541404,-0.0000000000000000039477029297970735
1.949528,2.9033294171984037,0.0017838016567713797,-0.000000000000000000557135921056516,-0.000000000000000010824234032962704,0.000000000000000000831256958611689,-0.0000000000000000010125220093241093
1.9528655,2.924996054640182,0.0014343853916219517,0.0000000000000000021510401695522957,0.000000000000000000676779324856186,0.0000000000000000005325719655861413,-0.000000000000000003479187830847039
1.9561445,2.946662692081962,0.001140438874537483,-0.00000000000000000011689054672109345,-0.000000000000000000307472959853311,-0.000000000000000004480380774501622,0.0000000000000000021819568721270777
1.959419,2.968329329523741,0.0008924426655602817,-0.0000000000000000012709729373550777,-0.0000000000000000016601845766184287,-0.00000000000000000005378659215064807,0.0000000000000000006517918529121841
1.9626755,2.98999596696552,0.0006857492957051445,-0.0000000000000000013467823861343375,-0.0000000000000000025538043359717155,0.0000000000000000001776651606865895,0.000000000000000000033034284942917713
1.9659215,3.011662604407299,0.0005159639998206659,-0.00000000000000000026554482896422316,0.000000000000000001861354901591325,-0.0000000000000000006444861937421158,0.00000000000000000010058516248644817
1.9691105,3.0333292418490774,0.00037947002537691603,-0.0000000000000000004489274620447792,-0.0000000000000000003765061450545365,-0.0000000000000000000841738991333961,-0.00000000000000000004256340559952859
1.972295,3.0549958792908574,0.00027070421414912847,0.0000000000000000004726443845678996,-0.0000000000000000006481919628863533,-0.0000000000000000007415773453211399,-0.0000000000000000007244778676984438
1.9754675,3.0766625167326365,0.0001858350109610225,-0.0000000000000000000994204921839735,0.0000000000000000006416274575451325,0.0000000000000000001734829355095214,0.00000000000000000005569241628197025
1.978604,3.0983291541744156,0.00012185618738324498,0.0000000000000000000272109334305444,-0.00000000000000000023579279669191586,0.00000000000000000030207312481456486,-0.00000000000000000012784903547619596
1.981727,3.1199957916161947,0.0000750343526933306,0.00000000000000000013626642538953557,-0.00000000000000000016612433678024965,0.00000000000000000003433130414340086,-0.000000000000000000053680713032241284
1.984811,3.1416624290579738,0.00004264280685911107,-0.00000000000000000005799528710731788,-0.000000000000000000019005301754018364,-0.00000000000000000001279152099252002,-0.000000000000000000014227506535912076
1.9878995,3.163329066499753,0.000021333292134416464,-0.000000000000000000018502375941586123,0.000000000000000000051986647137732683,0.00000000000000000001856193294568994,0.00000000000000000004532288012300549
1.990952,3.184995703941532,0.000008819681497771642,-0.000000000000000000033960727228977104,0.000000000000000000028084436157400396,0.000000000000000000006405686663610646,0.00000000000000000001670904837357116
1.993991,3.206662341383311,0.000002556476717769442,-0.00000000000000000001146637765121007,-0.000000000000000000006961552035246281,0.000000000000000000000014475660719677984,0.000000000000000000004941576979391787
1.9970045,3.22832897882509,0.00000031355078700589455,-0.0000000000000000000037156953115882,0.00000000000000000000032094607767057474,0.0000000000000000000000417726209339279,0.000000000000000000000869366823793232
